# Filename	2016-09-27\12_delay.txt
# Date	2016-09-27
# Title	DL-Pro & DL-100 Locked delay scan.
# DL-Pro	365840.7 GHz
# DL-100	365824.8 GHz
# Static	2000 mV Pulsed
# MWOn	On
# MWf	15931.6 MHz
# Attn	44 dB
# FixedAttn	6 dB
# B2	B2 = T2 + 2.050 us
# HP214B	HP 214B FIP at 5.5 on 100V setting ; Applied to Top ; Mesh & Vin of MCP @ +25V ; Vout of MCP @ +2025 V
# Oven	32 A
# Boxcar	Gate = 200 ns ; Amp = 25x ; Sensitivity = 5 mV
# Offset	+/- 30 mV IR/Oven offset.
# Bias	Top: 0 V ; Bot: -0.430 V ; IR: +0.050 V ; Oven: -0.050 V ; Vis: -0.003 V ; MW: +0.003 V
# Passes	4
i	step	norm	nbackground	signal	sbackground
0	0	0.300961	-0.0226099	-0.00360961	-0.0471216
1	744	0.302277	-0.0226099	-0.00416863	-0.0471216
2	1488	0.290175	-0.0226099	-0.00456324	-0.0471216
3	2232	0.297476	-0.0226099	-0.0064705	-0.0471216
4	2976	0.29011	-0.0226099	-0.0104823	-0.0471216
5	3720	0.274786	-0.0226099	-0.00216272	-0.0471216
6	4464	0.276956	-0.0226099	-0.00841065	-0.0471216
7	5208	0.290603	-0.0226099	-0.014823	-0.0471216
8	5952	0.301224	-0.0226099	-0.00788451	-0.0471216
9	6696	0.274424	-0.0226099	-0.011436	-0.0471216
10	7440	0.283697	-0.0226099	-0.00959447	-0.0471216
11	8184	0.287972	-0.0226099	-0.0150532	-0.0471216
12	8928	0.27324	-0.0226099	-0.0160397	-0.0471216
13	9672	0.282941	-0.0226099	-0.0131459	-0.0471216
14	10416	0.268834	-0.0226099	-0.00962736	-0.0471216
15	11160	0.275904	-0.0226099	-0.0117977	-0.0471216
16	11904	0.271859	-0.0226099	-0.00824623	-0.0471216
17	12648	0.294286	-0.0226099	-0.0044317	-0.0471216
18	13392	0.265808	-0.0226099	-0.00476054	-0.0471216
19	14136	0.280672	-0.0226099	-0.0107783	-0.0471216
20	14880	0.284454	-0.0226099	-0.00673357	-0.0471216
21	15624	0.275312	-0.0226099	-0.0121265	-0.0471216
22	16368	0.269491	-0.0226099	-0.0109098	-0.0471216
23	17112	0.267781	-0.0226099	-0.0116662	-0.0471216
24	17856	0.255384	-0.0226099	-0.0060759	-0.0471216
25	18600	0.271497	-0.0226099	-0.00660204	-0.0471216
26	19344	0.258081	-0.0226099	-0.00962736	-0.0471216
27	20088	0.267584	-0.0226099	-0.00775297	-0.0471216
28	20832	0.269557	-0.0226099	-0.00716106	-0.0471216
29	21576	0.264164	-0.0226099	-0.00995619	-0.0471216
30	22320	0.267091	-0.0226099	-0.0119292	-0.0471216
31	23064	0.276397	-0.0226099	-0.0127184	-0.0471216
32	23808	0.273207	-0.0226099	-0.00693088	-0.0471216
33	24552	0.281395	-0.0226099	-0.00696376	-0.0471216
34	25296	0.27712	-0.0226099	-0.0145928	-0.0471216
35	26040	0.274391	-0.0226099	-0.00561552	-0.0471216
36	26784	0.277219	-0.0226099	-0.000288334	-0.0471216
37	27528	0.271497	-0.0226099	-0.00693088	-0.0471216
38	28272	0.26321	-0.0226099	-0.00788451	-0.0471216
39	29016	0.280935	-0.0226099	-0.000485638	-0.0471216
40	29760	0.267716	-0.0226099	-0.0052538	-0.0471216
41	30504	0.260876	-0.0226099	-0.00798316	-0.0471216
42	31248	0.273043	-0.0226099	-0.0103179	-0.0471216
43	31992	0.270642	-0.0226099	-0.0103179	-0.0471216
44	32736	0.274292	-0.0226099	-0.015119	-0.0471216
45	33480	0.268669	-0.0226099	-0.00785163	-0.0471216
46	34224	0.276463	-0.0226099	-0.00245867	-0.0471216
47	34968	0.268012	-0.0226099	-0.0164014	-0.0471216
48	35712	0.260218	-0.0226099	-0.0064705	-0.0471216
49	36456	0.263506	-0.0226099	-0.0139351	-0.0471216
50	37200	0.281954	-0.0226099	-0.0113044	-0.0471216
51	37944	0.263243	-0.0226099	-0.00778586	-0.0471216
52	38688	0.284651	-0.0226099	-0.00959447	-0.0471216
53	39432	0.282415	-0.0226099	-0.0166316	-0.0471216
54	40176	0.275542	-0.0226099	-0.00798316	-0.0471216
55	40920	0.274194	-0.0226099	-0.0064705	-0.0471216
56	41664	0.262586	-0.0226099	-0.00998908	-0.0471216
57	42408	0.275509	-0.0226099	-0.0113044	-0.0471216
58	43152	0.26811	-0.0226099	-0.00400421	-0.0471216
59	43896	0.278238	-0.0226099	-0.0120608	-0.0471216
60	44640	0.257785	-0.0226099	-0.0158753	-0.0471216
61	45384	0.250287	-0.0226099	-0.00768721	-0.0471216
62	46128	0.270346	-0.0226099	-0.00966024	-0.0471216
63	46872	0.273339	-0.0226099	-0.00601013	-0.0471216
64	47616	0.276101	-0.0226099	-0.00841065	-0.0471216
65	48360	0.270708	-0.0226099	-0.0146586	-0.0471216
66	49104	0.264329	-0.0226099	-0.010285	-0.0471216
67	49848	0.261665	-0.0226099	-0.00735837	-0.0471216
68	50592	0.247426	-0.0226099	-0.0106468	-0.0471216
69	51336	0.266433	-0.0226099	-0.00630608	-0.0471216
70	52080	0.2518	-0.0226099	-0.00420152	-0.0471216
71	52824	0.268439	-0.0226099	-0.0095287	-0.0471216
72	53568	0.265611	-0.0226099	-0.00844354	-0.0471216
73	54312	0.260909	-0.0226099	-0.0129157	-0.0471216
74	55056	0.279817	-0.0226099	-0.00104466	-0.0471216
75	55800	0.257587	-0.0226099	-0.00699665	-0.0471216
76	56544	0.258738	-0.0226099	-0.010581	-0.0471216
77	57288	0.257193	-0.0226099	-0.00597725	-0.0471216
78	58032	0.256108	-0.0226099	-0.00673357	-0.0471216
79	58776	0.263145	-0.0226099	-0.00762144	-0.0471216
80	59520	0.254891	-0.0226099	-0.00739125	-0.0471216
81	60264	0.263112	-0.0226099	-0.0108112	-0.0471216
82	61008	0.24177	-0.0226099	-0.0060759	-0.0471216
83	61752	0.256798	-0.0226099	-0.00827912	-0.0471216
84	62496	0.255779	-0.0226099	-0.00640474	-0.0471216
85	63240	0.253937	-0.0226099	-0.0100548	-0.0471216
86	63984	0.253674	-0.0226099	-0.010022	-0.0471216
87	64728	0.259922	-0.0226099	-0.00459612	-0.0471216
88	65472	0.248281	-0.0226099	-0.00896968	-0.0471216
89	66216	0.265052	-0.0226099	-0.014264	-0.0471216
90	66960	0.258903	-0.0226099	-0.010022	-0.0471216
91	67704	0.260876	-0.0226099	-0.0158095	-0.0471216
92	68448	0.265184	-0.0226099	-0.0145928	-0.0471216
93	69192	0.262651	-0.0226099	-0.0120936	-0.0471216
94	69936	0.28248	-0.0226099	-0.00785163	-0.0471216
95	70680	0.261698	-0.0226099	-0.0104823	-0.0471216
96	71424	0.266038	-0.0226099	-0.00601013	-0.0471216
97	72168	0.274194	-0.0226099	-0.0165659	-0.0471216
98	72912	0.242099	-0.0226099	-0.0127513	-0.0471216
99	73656	0.262487	-0.0226099	-0.0176181	-0.0471216
100	74400	0.257949	-0.0226099	-0.0153492	-0.0471216
101	75144	0.259527	-0.0226099	-0.0114031	-0.0471216
102	75888	0.244434	-0.0226099	-0.0151518	-0.0471216
103	76632	0.275542	-0.0226099	-0.0136392	-0.0471216
104	77376	0.260251	-0.0226099	-0.0107125	-0.0471216
105	78120	0.269557	-0.0226099	-0.0161712	-0.0471216
106	78864	0.255976	-0.0226099	-0.0162041	-0.0471216
107	79608	0.259955	-0.0226099	-0.0116662	-0.0471216
108	80352	0.255844	-0.0226099	-0.0149545	-0.0471216
109	81096	0.260547	-0.0226099	-0.0142311	-0.0471216
110	81840	0.260909	-0.0226099	-0.00949582	-0.0471216
111	82584	0.260514	-0.0226099	-0.0130144	-0.0471216
112	83328	0.276167	-0.0226099	-0.0132775	-0.0471216
113	84072	0.264756	-0.0226099	-0.00985754	-0.0471216
114	84816	0.250024	-0.0226099	-0.00919987	-0.0471216
115	85560	0.246505	-0.0226099	-0.0091341	-0.0471216
116	86304	0.2713	-0.0226099	-0.00788451	-0.0471216
117	87048	0.234075	-0.0226099	-0.0131788	-0.0471216
118	87792	0.247755	-0.0226099	-0.0118306	-0.0471216
119	88536	0.262816	-0.0226099	-0.00781874	-0.0471216
120	89280	0.27449	-0.0226099	-0.0115346	-0.0471216
121	90024	0.239962	-0.0226099	-0.0143298	-0.0471216
122	90768	0.25374	-0.0226099	-0.00574706	-0.0471216
123	91512	0.239041	-0.0226099	-0.00926563	-0.0471216
124	92256	0.246768	-0.0226099	-0.00400421	-0.0471216
125	93000	0.23983	-0.0226099	-0.00502361	-0.0471216
126	93744	0.263539	-0.0226099	-0.00696376	-0.0471216
127	94488	0.260415	-0.0226099	-0.00568129	-0.0471216
128	95232	0.235226	-0.0226099	-0.000255451	-0.0471216
129	95976	0.259791	-0.0226099	-0.0050565	-0.0471216
130	96720	0.245519	-0.0226099	-0.00841065	-0.0471216
131	97464	0.256568	-0.0226099	-0.0113702	-0.0471216
132	98208	0.248939	-0.0226099	-0.0124225	-0.0471216
133	98952	0.246275	-0.0226099	-0.00630608	-0.0471216
134	99696	0.247854	-0.0226099	-0.0118635	-0.0471216
135	100440	0.250715	-0.0226099	-0.0106796	-0.0471216
136	101184	0.224407	-0.0226099	-0.0149874	-0.0471216
137	101928	0.229899	-0.0226099	-0.0149545	-0.0471216
138	102672	0.226874	-0.0226099	-0.0114031	-0.0471216
139	103416	0.230918	-0.0226099	-0.0124225	-0.0471216
140	104160	0.24473	-0.0226099	-0.00887103	-0.0471216
141	104904	0.232859	-0.0226099	-0.00334654	-0.0471216
142	105648	0.251306	-0.0226099	-0.0150203	-0.0471216
143	106392	0.242132	-0.0226099	-0.0117648	-0.0471216
144	107136	0.235654	-0.0226099	-0.0173222	-0.0471216
145	107880	0.245124	-0.0226099	-0.0164014	-0.0471216
146	108624	0.238613	-0.0226099	-0.0101864	-0.0471216
147	109368	0.235062	-0.0226099	-0.0171906	-0.0471216
148	110112	0.249695	-0.0226099	-0.0145271	-0.0471216
149	110856	0.246768	-0.0226099	-0.00896968	-0.0471216
150	111600	0.246703	-0.0226099	-0.0175195	-0.0471216
151	111042	0.24029	-0.0226099	-0.0189993	-0.0471216
152	110298	0.23858	-0.0226099	-0.020775	-0.0471216
153	109554	0.252622	-0.0226099	-0.0134748	-0.0471216
154	108810	0.242165	-0.0226099	-0.0106796	-0.0471216
155	108066	0.24223	-0.0226099	-0.0163028	-0.0471216
156	107322	0.247623	-0.0226099	-0.0139023	-0.0471216
157	106578	0.242822	-0.0226099	-0.0124554	-0.0471216
158	105834	0.239074	-0.0226099	-0.00502361	-0.0471216
159	105090	0.265282	-0.0226099	-0.00745702	-0.0471216
160	104346	0.254858	-0.0226099	-0.0144942	-0.0471216
161	103602	0.251767	-0.0226099	-0.00719395	-0.0471216
162	102858	0.25249	-0.0226099	-0.00998908	-0.0471216
163	102114	0.25249	-0.0226099	-0.00515515	-0.0471216
164	101370	0.251767	-0.0226099	-0.00989043	-0.0471216
165	100626	0.254858	-0.0226099	-0.00824623	-0.0471216
166	99882	0.248478	-0.0226099	-0.00637185	-0.0471216
167	99138	0.243283	-0.0226099	-0.00614166	-0.0471216
168	98394	0.254266	-0.0226099	-0.00969312	-0.0471216
169	97650	0.246308	-0.0226099	-0.00735837	-0.0471216
170	96906	0.256436	-0.0226099	-0.00949582	-0.0471216
171	96162	0.247722	-0.0226099	-0.00745702	-0.0471216
172	95418	0.2542	-0.0226099	-0.00969312	-0.0471216
173	94674	0.261468	-0.0226099	-0.0091341	-0.0471216
174	93930	0.254726	-0.0226099	-0.00416863	-0.0471216
175	93186	0.246736	-0.0226099	-0.0120936	-0.0471216
176	92442	0.251372	-0.0226099	-0.0139023	-0.0471216
177	91698	0.223618	-0.0226099	-0.0150532	-0.0471216
178	90954	0.245157	-0.0226099	-0.00946294	-0.0471216
179	90210	0.245453	-0.0226099	-0.00795028	-0.0471216
180	89466	0.259264	-0.0226099	-0.00877237	-0.0471216
181	88722	0.256601	-0.0226099	-0.0136063	-0.0471216
182	87978	0.250484	-0.0226099	-0.0124554	-0.0471216
183	87234	0.246275	-0.0226099	-0.017947	-0.0471216
184	86490	0.260054	-0.0226099	-0.0129486	-0.0471216
185	85746	0.238876	-0.0226099	-0.00926563	-0.0471216
186	85002	0.262355	-0.0226099	-0.014823	-0.0471216
187	84258	0.255581	-0.0226099	-0.0172893	-0.0471216
188	83514	0.263375	-0.0226099	-0.0132117	-0.0471216
189	82770	0.260119	-0.0226099	-0.00959447	-0.0471216
190	82026	0.25545	-0.0226099	-0.0124883	-0.0471216
191	81282	0.261928	-0.0226099	-0.0171906	-0.0471216
192	80538	0.258903	-0.0226099	-0.0122252	-0.0471216
193	79794	0.260876	-0.0226099	-0.0191966	-0.0471216
194	79050	0.254891	-0.0226099	-0.0107454	-0.0471216
195	78306	0.271892	-0.0226099	-0.0160726	-0.0471216
196	77562	0.252425	-0.0226099	-0.0235044	-0.0471216
197	76818	0.286492	-0.0226099	-0.00808181	-0.0471216
198	76074	0.265216	-0.0226099	-0.011995	-0.0471216
199	75330	0.257489	-0.0226099	-0.015678	-0.0471216
200	74586	0.26104	-0.0226099	-0.0155136	-0.0471216
201	73842	0.248643	-0.0226099	-0.0121594	-0.0471216
202	73098	0.251931	-0.0226099	-0.00857507	-0.0471216
203	72354	0.269787	-0.0226099	-0.0113373	-0.0471216
204	71610	0.254463	-0.0226099	-0.0154807	-0.0471216
205	70866	0.24302	-0.0226099	-0.0133432	-0.0471216
206	70122	0.256864	-0.0226099	-0.0188677	-0.0471216
207	69378	0.25693	-0.0226099	-0.0114689	-0.0471216
208	68634	0.243151	-0.0226099	-0.0167632	-0.0471216
209	67890	0.249498	-0.0226099	-0.0142311	-0.0471216
210	67146	0.254233	-0.0226099	-0.0184402	-0.0471216
211	66402	0.255516	-0.0226099	-0.00916698	-0.0471216
212	65658	0.277647	-0.0226099	-0.00716106	-0.0471216
213	64914	0.238843	-0.0226099	-0.0127184	-0.0471216
214	64170	0.248281	-0.0226099	-0.0115017	-0.0471216
215	63426	0.229044	-0.0226099	-0.00400421	-0.0471216
216	62682	0.255581	-0.0226099	-0.010022	-0.0471216
217	61938	0.241737	-0.0226099	-0.00982466	-0.0471216
218	61194	0.265249	-0.0226099	-0.0144613	-0.0471216
219	60450	0.267255	-0.0226099	-0.0139351	-0.0471216
220	59706	0.269162	-0.0226099	-0.0050565	-0.0471216
221	58962	0.243217	-0.0226099	-0.0144284	-0.0471216
222	58218	0.244894	-0.0226099	-0.0156451	-0.0471216
223	57474	0.240422	-0.0226099	-0.0124225	-0.0471216
224	56730	0.245881	-0.0226099	-0.00630608	-0.0471216
225	55986	0.256535	-0.0226099	-0.00857507	-0.0471216
226	55242	0.248117	-0.0226099	-0.00637185	-0.0471216
227	54498	0.263671	-0.0226099	-0.0149874	-0.0471216
228	53754	0.241047	-0.0226099	-0.0124883	-0.0471216
229	53010	0.247919	-0.0226099	-0.0166974	-0.0471216
230	52266	0.251175	-0.0226099	-0.0141982	-0.0471216
231	51522	0.257291	-0.0226099	-0.0101535	-0.0471216
232	50778	0.246308	-0.0226099	-0.0124883	-0.0471216
233	50034	0.247821	-0.0226099	-0.0192623	-0.0471216
234	49290	0.264033	-0.0226099	-0.00183388	-0.0471216
235	48546	0.272845	-0.0226099	-0.0171906	-0.0471216
236	47802	0.255713	-0.0226099	-0.0113373	-0.0471216
237	47058	0.270083	-0.0226099	-0.0144284	-0.0471216
238	46314	0.260251	-0.0226099	-0.0159082	-0.0471216
239	45570	0.252326	-0.0226099	-0.0155136	-0.0471216
240	44826	0.255614	-0.0226099	-0.0120608	-0.0471216
241	44082	0.257028	-0.0226099	-0.0196569	-0.0471216
242	43338	0.26058	-0.0226099	-0.0132446	-0.0471216
243	42594	0.23322	-0.0226099	-0.0146586	-0.0471216
244	41850	0.264657	-0.0226099	-0.0115346	-0.0471216
245	41106	0.264526	-0.0226099	-0.0155136	-0.0471216
246	40362	0.243151	-0.0226099	-0.0157109	-0.0471216
247	39618	0.256864	-0.0226099	-0.0109427	-0.0471216
248	38874	0.266828	-0.0226099	-0.0181772	-0.0471216
249	38130	0.253016	-0.0226099	-0.0136063	-0.0471216
250	37386	0.268768	-0.0226099	-0.0081147	-0.0471216
251	36642	0.260876	-0.0226099	-0.0129157	-0.0471216
252	35898	0.261994	-0.0226099	-0.0124225	-0.0471216
253	35154	0.259264	-0.0226099	-0.0151518	-0.0471216
254	34410	0.253871	-0.0226099	-0.0189006	-0.0471216
255	33666	0.252984	-0.0226099	-0.0112058	-0.0471216
256	32922	0.273799	-0.0226099	-0.013409	-0.0471216
257	32178	0.243381	-0.0226099	-0.0153492	-0.0471216
258	31434	0.270741	-0.0226099	-0.0175853	-0.0471216
259	30690	0.270445	-0.0226099	-0.0102521	-0.0471216
260	29946	0.264329	-0.0226099	-0.0155136	-0.0471216
261	29202	0.265611	-0.0226099	-0.0135077	-0.0471216
262	28458	0.252556	-0.0226099	-0.0154149	-0.0471216
263	27714	0.258771	-0.0226099	-0.0122252	-0.0471216
264	26970	0.265512	-0.0226099	-0.00472766	-0.0471216
265	26226	0.269228	-0.0226099	-0.00939717	-0.0471216
266	25482	0.272451	-0.0226099	-0.00795028	-0.0471216
267	24738	0.281362	-0.0226099	-0.014264	-0.0471216
268	23994	0.262849	-0.0226099	-0.0136063	-0.0471216
269	23250	0.265545	-0.0226099	-0.0113373	-0.0471216
270	22506	0.256206	-0.0226099	-0.00923275	-0.0471216
271	21762	0.260086	-0.0226099	-0.00995619	-0.0471216
272	21018	0.265973	-0.0226099	-0.0170262	-0.0471216
273	20274	0.261303	-0.0226099	-0.00735837	-0.0471216
274	19530	0.257949	-0.0226099	-0.0161055	-0.0471216
275	18786	0.25739	-0.0226099	-0.00966024	-0.0471216
276	18042	0.266499	-0.0226099	-0.0108769	-0.0471216
277	17298	0.248807	-0.0226099	-0.00864084	-0.0471216
278	16554	0.2737	-0.0226099	-0.00880526	-0.0471216
279	15810	0.253937	-0.0226099	-0.00923275	-0.0471216
280	15066	0.275443	-0.0226099	-0.00739125	-0.0471216
281	14322	0.26663	-0.0226099	-0.0145928	-0.0471216
282	13578	0.270248	-0.0226099	-0.00893679	-0.0471216
283	12834	0.261336	-0.0226099	-0.016796	-0.0471216
284	12090	0.276068	-0.0226099	-0.00788451	-0.0471216
285	11346	0.267255	-0.0226099	-0.00844354	-0.0471216
286	10602	0.270872	-0.0226099	-0.0175524	-0.0471216
287	9858	0.275805	-0.0226099	-0.0130473	-0.0471216
288	9114	0.2737	-0.0226099	-0.0186047	-0.0471216
289	8370	0.268636	-0.0226099	-0.0138365	-0.0471216
290	7626	0.27084	-0.0226099	-0.0116333	-0.0471216
291	6882	0.265052	-0.0226099	-0.0145599	-0.0471216
292	6138	0.269853	-0.0226099	-0.0138365	-0.0471216
293	5394	0.273832	-0.0226099	-0.0070953	-0.0471216
294	4650	0.276101	-0.0226099	-0.0122252	-0.0471216
295	3906	0.259922	-0.0226099	-0.0194596	-0.0471216
296	3162	0.264559	-0.0226099	-0.0196241	-0.0471216
297	2418	0.269985	-0.0226099	-0.0154807	-0.0471216
298	1674	0.273931	-0.0226099	-0.013705	-0.0471216
299	930	0.281428	-0.0226099	-0.0170591	-0.0471216
300	186	0.278436	-0.0226099	-0.0122909	-0.0471216
301	372	0.283434	-0.0226099	-0.00979178	-0.0471216
302	1116	0.273996	-0.0226099	-0.0106796	-0.0471216
303	1860	0.26104	-0.0226099	-0.0161712	-0.0471216
304	2604	0.266532	-0.0226099	-0.0148559	-0.0471216
305	3348	0.280672	-0.0226099	-0.00857507	-0.0471216
306	4092	0.279948	-0.0226099	-0.0104495	-0.0471216
307	4836	0.27301	-0.0226099	-0.0148888	-0.0471216
308	5580	0.260711	-0.0226099	-0.0104823	-0.0471216
309	6324	0.271596	-0.0226099	-0.00939717	-0.0471216
310	7068	0.282448	-0.0226099	-0.016533	-0.0471216
311	7812	0.282513	-0.0226099	-0.00910121	-0.0471216
312	8556	0.288597	-0.0226099	-0.0150861	-0.0471216
313	9300	0.276594	-0.0226099	-0.00821335	-0.0471216
314	10044	0.290899	-0.0226099	-0.0117648	-0.0471216
315	10788	0.272319	-0.0226099	-0.0149217	-0.0471216
316	11532	0.27962	-0.0226099	-0.012554	-0.0471216
317	12276	0.270741	-0.0226099	-0.0109098	-0.0471216
318	13020	0.266893	-0.0226099	-0.00929852	-0.0471216
319	13764	0.2713	-0.0226099	-0.00492496	-0.0471216
320	14508	0.281527	-0.0226099	-0.013705	-0.0471216
321	15252	0.283697	-0.0226099	-0.0091341	-0.0471216
322	15996	0.260974	-0.0226099	-0.00633897	-0.0471216
323	16740	0.268143	-0.0226099	-0.00979178	-0.0471216
324	17484	0.282579	-0.0226099	-0.00827912	-0.0471216
325	18228	0.257719	-0.0226099	-0.00124197	-0.0471216
326	18972	0.267157	-0.0226099	-0.0124883	-0.0471216
327	19716	0.276496	-0.0226099	-0.00620743	-0.0471216
328	20460	0.27643	-0.0226099	-0.00581283	-0.0471216
329	21204	0.268932	-0.0226099	-0.0143955	-0.0471216
330	21948	0.269754	-0.0226099	-0.00962736	-0.0471216
331	22692	0.260974	-0.0226099	-0.0149545	-0.0471216
332	23436	0.267058	-0.0226099	-0.00864084	-0.0471216
333	24180	0.267781	-0.0226099	-0.0174208	-0.0471216
334	24924	0.285868	-0.0226099	-0.00571417	-0.0471216
335	25668	0.273602	-0.0226099	-0.0124225	-0.0471216
336	26412	0.267222	-0.0226099	-0.0130802	-0.0471216
337	27156	0.273273	-0.0226099	-0.0091341	-0.0471216
338	27900	0.258344	-0.0226099	-0.00818047	-0.0471216
339	28644	0.273964	-0.0226099	-0.00844354	-0.0471216
340	29388	0.261237	-0.0226099	-0.0104823	-0.0471216
341	30132	0.26811	-0.0226099	-0.00847642	-0.0471216
342	30876	0.279258	-0.0226099	-0.0110742	-0.0471216
343	31620	0.262619	-0.0226099	-0.0152176	-0.0471216
344	32364	0.25055	-0.0226099	-0.0194596	-0.0471216
345	33108	0.26469	-0.0226099	-0.0102193	-0.0471216
346	33852	0.266828	-0.0226099	-0.0150203	-0.0471216
347	34596	0.276561	-0.0226099	-0.0146586	-0.0471216
348	35340	0.260415	-0.0226099	-0.0189993	-0.0471216
349	36084	0.267485	-0.0226099	-0.00943005	-0.0471216
350	36828	0.280409	-0.0226099	-0.0117648	-0.0471216
351	37572	0.266499	-0.0226099	-0.0183745	-0.0471216
352	38316	0.27084	-0.0226099	-0.013968	-0.0471216
353	39060	0.276989	-0.0226099	-0.0183416	-0.0471216
354	39804	0.267683	-0.0226099	-0.0202488	-0.0471216
355	40548	0.28225	-0.0226099	-0.0122581	-0.0471216
356	41292	0.263967	-0.0226099	-0.0146586	-0.0471216
357	42036	0.260646	-0.0226099	-0.015678	-0.0471216
358	42780	0.255943	-0.0226099	-0.025576	-0.0471216
359	43524	0.280738	-0.0226099	-0.015382	-0.0471216
360	44268	0.276956	-0.0226099	-0.0234057	-0.0471216
361	45012	0.267222	-0.0226099	-0.0106796	-0.0471216
362	45756	0.261073	-0.0226099	-0.0115346	-0.0471216
363	46500	0.271497	-0.0226099	-0.0175524	-0.0471216
364	47244	0.259823	-0.0226099	-0.0154149	-0.0471216
365	47988	0.272813	-0.0226099	-0.0104495	-0.0471216
366	48732	0.261895	-0.0226099	-0.0175524	-0.0471216
367	49476	0.265019	-0.0226099	-0.0167303	-0.0471216
368	50220	0.265545	-0.0226099	-0.0116004	-0.0471216
369	50964	0.271859	-0.0226099	-0.00966024	-0.0471216
370	51708	0.273405	-0.0226099	-0.0060759	-0.0471216
371	52452	0.262224	-0.0226099	-0.0148559	-0.0471216
372	53196	0.261369	-0.0226099	-0.0147244	-0.0471216
373	53940	0.287545	-0.0226099	-0.00801605	-0.0471216
374	54684	0.269952	-0.0226099	-0.0119292	-0.0471216
375	55428	0.260086	-0.0226099	-0.0163357	-0.0471216
376	56172	0.24302	-0.0226099	-0.00989043	-0.0471216
377	56916	0.261501	-0.0226099	-0.0135405	-0.0471216
378	57660	0.267518	-0.0226099	-0.00795028	-0.0471216
379	58404	0.272286	-0.0226099	-0.00857507	-0.0471216
380	59148	0.251438	-0.0226099	-0.0176839	-0.0471216
381	59892	0.26492	-0.0226099	-0.00821335	-0.0471216
382	60636	0.258475	-0.0226099	-0.00357672	-0.0471216
383	61380	0.263901	-0.0226099	-0.0118963	-0.0471216
384	62124	0.266104	-0.0226099	-0.00640474	-0.0471216
385	62868	0.263342	-0.0226099	-0.0109098	-0.0471216
386	63612	0.260974	-0.0226099	-0.0118306	-0.0471216
387	64356	0.26834	-0.0226099	-0.00989043	-0.0471216
388	65100	0.245453	-0.0226099	-0.014264	-0.0471216
389	65844	0.25328	-0.0226099	-0.00847642	-0.0471216
390	66588	0.270807	-0.0226099	-0.0121923	-0.0471216
391	67332	0.253575	-0.0226099	-0.0101206	-0.0471216
392	68076	0.268012	-0.0226099	-0.0117977	-0.0471216
393	68820	0.248709	-0.0226099	-0.0095287	-0.0471216
394	69564	0.262224	-0.0226099	-0.012554	-0.0471216
395	70308	0.258048	-0.0226099	-0.0127184	-0.0471216
396	71052	0.257752	-0.0226099	-0.015678	-0.0471216
397	71796	0.258574	-0.0226099	-0.0246224	-0.0471216
398	72540	0.254365	-0.0226099	-0.00795028	-0.0471216
399	73284	0.261862	-0.0226099	-0.0206763	-0.0471216
400	74028	0.271826	-0.0226099	-0.0188677	-0.0471216
401	74772	0.254266	-0.0226099	-0.014823	-0.0471216
402	75516	0.258278	-0.0226099	-0.0169933	-0.0471216
403	76260	0.260843	-0.0226099	-0.0170262	-0.0471216
404	77004	0.263539	-0.0226099	-0.0155793	-0.0471216
405	77748	0.26811	-0.0226099	-0.0214327	-0.0471216
406	78492	0.255055	-0.0226099	-0.0171906	-0.0471216
407	79236	0.258607	-0.0226099	-0.0127513	-0.0471216
408	79980	0.275246	-0.0226099	-0.0149545	-0.0471216
409	80724	0.270281	-0.0226099	-0.0137707	-0.0471216
410	81468	0.258771	-0.0226099	-0.0152834	-0.0471216
411	82212	0.259001	-0.0226099	-0.0173222	-0.0471216
412	82956	0.261468	-0.0226099	-0.0167303	-0.0471216
413	83700	0.259922	-0.0226099	-0.0149874	-0.0471216
414	84444	0.254003	-0.0226099	-0.0120936	-0.0471216
415	85188	0.253543	-0.0226099	-0.0132775	-0.0471216
416	85932	0.245124	-0.0226099	-0.0145928	-0.0471216
417	86676	0.253444	-0.0226099	-0.0138365	-0.0471216
418	87420	0.255943	-0.0226099	-0.0161712	-0.0471216
419	88164	0.255022	-0.0226099	-0.00995619	-0.0471216
420	88908	0.259626	-0.0226099	-0.0139023	-0.0471216
421	89652	0.261073	-0.0226099	-0.00834488	-0.0471216
422	90396	0.249958	-0.0226099	-0.0101864	-0.0471216
423	91140	0.248446	-0.0226099	-0.0124554	-0.0471216
424	91884	0.26229	-0.0226099	-0.0122581	-0.0471216
425	92628	0.265841	-0.0226099	-0.00617455	-0.0471216
426	93372	0.263079	-0.0226099	-0.0140996	-0.0471216
427	94116	0.245124	-0.0226099	-0.00900256	-0.0471216
428	94860	0.253378	-0.0226099	-0.00975889	-0.0471216
429	95604	0.25249	-0.0226099	-0.0095287	-0.0471216
430	96348	0.248347	-0.0226099	-0.00847642	-0.0471216
431	97092	0.244499	-0.0226099	-0.0072926	-0.0471216
432	97836	0.24496	-0.0226099	-0.0158095	-0.0471216
433	98580	0.254661	-0.0226099	-0.0130802	-0.0471216
434	99324	0.255549	-0.0226099	-0.00518803	-0.0471216
435	100068	0.24815	-0.0226099	-0.0198542	-0.0471216
436	100812	0.240915	-0.0226099	-0.0103508	-0.0471216
437	101556	0.244072	-0.0226099	-0.015678	-0.0471216
438	102300	0.243973	-0.0226099	-0.0114031	-0.0471216
439	103044	0.249695	-0.0226099	-0.0183087	-0.0471216
440	103788	0.253871	-0.0226099	-0.0169933	-0.0471216
441	104532	0.232267	-0.0226099	-0.0137707	-0.0471216
442	105276	0.250945	-0.0226099	-0.0164014	-0.0471216
443	106020	0.255022	-0.0226099	-0.0133432	-0.0471216
444	106764	0.245322	-0.0226099	-0.013968	-0.0471216
445	107508	0.234338	-0.0226099	-0.0213998	-0.0471216
446	108252	0.240586	-0.0226099	-0.0215971	-0.0471216
447	108996	0.255779	-0.0226099	-0.0159411	-0.0471216
448	109740	0.260218	-0.0226099	-0.0152176	-0.0471216
449	110484	0.248939	-0.0226099	-0.02163	-0.0471216
450	111228	0.24177	-0.0226099	-0.0154149	-0.0471216
451	111414	0.246933	-0.0226099	-0.021893	-0.0471216
452	110670	0.255417	-0.0226099	-0.0186375	-0.0471216
453	109926	0.244204	-0.0226099	-0.0168947	-0.0471216
454	109182	0.255746	-0.0226099	-0.0112058	-0.0471216
455	108438	0.237232	-0.0226099	-0.0150532	-0.0471216
456	107694	0.248873	-0.0226099	-0.0155793	-0.0471216
457	106950	0.257916	-0.0226099	-0.0134748	-0.0471216
458	106206	0.253181	-0.0226099	-0.0140996	-0.0471216
459	105462	0.252359	-0.0226099	-0.0143298	-0.0471216
460	104718	0.263079	-0.0226099	-0.0148559	-0.0471216
461	103974	0.24986	-0.0226099	-0.00841065	-0.0471216
462	103230	0.245322	-0.0226099	-0.0108769	-0.0471216
463	102486	0.254003	-0.0226099	-0.00577994	-0.0471216
464	101742	0.245946	-0.0226099	-0.0158095	-0.0471216
465	100998	0.254661	-0.0226099	-0.0219259	-0.0471216
466	100254	0.242592	-0.0226099	-0.00725972	-0.0471216
467	99510	0.236706	-0.0226099	-0.00808181	-0.0471216
468	98766	0.25545	-0.0226099	-0.00449747	-0.0471216
469	98022	0.263671	-0.0226099	-0.0103179	-0.0471216
470	97278	0.260021	-0.0226099	-0.0105481	-0.0471216
471	96534	0.256075	-0.0226099	-0.0124554	-0.0471216
472	95790	0.246604	-0.0226099	-0.0107783	-0.0471216
473	95046	0.253345	-0.0226099	-0.0155793	-0.0471216
474	94302	0.256568	-0.0226099	-0.0118635	-0.0471216
475	93558	0.249892	-0.0226099	-0.0133104	-0.0471216
476	92814	0.256634	-0.0226099	-0.0165659	-0.0471216
477	92070	0.257554	-0.0226099	-0.0116004	-0.0471216
478	91326	0.239435	-0.0226099	-0.00966024	-0.0471216
479	90582	0.267551	-0.0226099	-0.00821335	-0.0471216
480	89838	0.261796	-0.0226099	-0.0122909	-0.0471216
481	89094	0.253378	-0.0226099	-0.0107454	-0.0471216
482	88350	0.264033	-0.0226099	-0.00604301	-0.0471216
483	87606	0.259593	-0.0226099	-0.0161055	-0.0471216
484	86862	0.243381	-0.0226099	-0.0183087	-0.0471216
485	86118	0.256239	-0.0226099	-0.0190979	-0.0471216
486	85374	0.247097	-0.0226099	-0.0161384	-0.0471216
487	84630	0.254825	-0.0226099	-0.0107454	-0.0471216
488	83886	0.258837	-0.0226099	-0.0124554	-0.0471216
489	83142	0.253806	-0.0226099	-0.0138036	-0.0471216
490	82398	0.260909	-0.0226099	-0.0132117	-0.0471216
491	81654	0.267288	-0.0226099	-0.0180456	-0.0471216
492	80910	0.254792	-0.0226099	-0.013968	-0.0471216
493	80166	0.251767	-0.0226099	-0.017092	-0.0471216
494	79422	0.268044	-0.0226099	-0.0184402	-0.0471216
495	78678	0.254332	-0.0226099	-0.0214984	-0.0471216
496	77934	0.241178	-0.0226099	-0.0166316	-0.0471216
497	77190	0.2762	-0.0226099	-0.0197227	-0.0471216
498	76446	0.261205	-0.0226099	-0.0205119	-0.0471216
499	75702	0.255943	-0.0226099	-0.0263981	-0.0471216
500	74958	0.256338	-0.0226099	-0.0167303	-0.0471216
501	74214	0.256338	-0.0226099	-0.019361	-0.0471216
502	73470	0.264361	-0.0226099	-0.0145271	-0.0471216
503	72726	0.248643	-0.0226099	-0.0195583	-0.0471216
504	71982	0.255483	-0.0226099	-0.0168618	-0.0471216
505	71238	0.27814	-0.0226099	-0.0136392	-0.0471216
506	70494	0.265545	-0.0226099	-0.0198214	-0.0471216
507	69750	0.266795	-0.0226099	-0.0130473	-0.0471216
508	69006	0.248446	-0.0226099	-0.0230111	-0.0471216
509	68262	0.242395	-0.0226099	-0.0191308	-0.0471216
510	67518	0.240553	-0.0226099	-0.0129157	-0.0471216
511	66774	0.268932	-0.0226099	-0.0172564	-0.0471216
512	66030	0.260086	-0.0226099	-0.0146586	-0.0471216
513	65286	0.259232	-0.0226099	-0.0209394	-0.0471216
514	64542	0.269162	-0.0226099	-0.0122581	-0.0471216
515	63798	0.257982	-0.0226099	-0.0147244	-0.0471216
516	63054	0.268603	-0.0226099	-0.0151847	-0.0471216
517	62310	0.2664	-0.0226099	-0.0117977	-0.0471216
518	61566	0.245618	-0.0226099	-0.0122909	-0.0471216
519	60822	0.260448	-0.0226099	-0.012554	-0.0471216
520	60078	0.26206	-0.0226099	-0.00923275	-0.0471216
521	59334	0.268867	-0.0226099	-0.010581	-0.0471216
522	58590	0.268571	-0.0226099	-0.011699	-0.0471216
523	57846	0.251142	-0.0226099	-0.0130473	-0.0471216
524	57102	0.261632	-0.0226099	-0.00873949	-0.0471216
525	56358	0.254102	-0.0226099	-0.00255732	-0.0471216
526	55614	0.265578	-0.0226099	-0.00943005	-0.0471216
527	54870	0.271103	-0.0226099	-0.00604301	-0.0471216
528	54126	0.274062	-0.0226099	-0.0118306	-0.0471216
529	53382	0.26104	-0.0226099	-0.014823	-0.0471216
530	52638	0.25009	-0.0226099	-0.00604301	-0.0471216
531	51894	0.267058	-0.0226099	-0.00479343	-0.0471216
532	51150	0.272714	-0.0226099	-0.0157109	-0.0471216
533	50406	0.261237	-0.0226099	-0.0138694	-0.0471216
534	49662	0.278995	-0.0226099	-0.0093314	-0.0471216
535	48918	0.276989	-0.0226099	-0.0147901	-0.0471216
536	48174	0.266598	-0.0226099	-0.0152505	-0.0471216
537	47430	0.270774	-0.0226099	-0.0231097	-0.0471216
538	46686	0.284881	-0.0226099	-0.00936428	-0.0471216
539	45942	0.246966	-0.0226099	-0.0128829	-0.0471216
540	45198	0.258804	-0.0226099	-0.011995	-0.0471216
541	44454	0.255318	-0.0226099	-0.0206763	-0.0471216
542	43710	0.265151	-0.0226099	-0.0212354	-0.0471216
543	42966	0.279192	-0.0226099	-0.0109427	-0.0471216
544	42222	0.281527	-0.0226099	-0.0093314	-0.0471216
545	41478	0.255055	-0.0226099	-0.016796	-0.0471216
546	40734	0.276528	-0.0226099	-0.0185389	-0.0471216
547	39990	0.267683	-0.0226099	-0.017947	-0.0471216
548	39246	0.276134	-0.0226099	-0.0169933	-0.0471216
549	38502	0.272221	-0.0226099	-0.00548399	-0.0471216
550	37758	0.278896	-0.0226099	-0.00919987	-0.0471216
551	37014	0.276989	-0.0226099	-0.00522092	-0.0471216
552	36270	0.275213	-0.0226099	-0.0107454	-0.0471216
553	35526	0.268143	-0.0226099	-0.0123238	-0.0471216
554	34782	0.280211	-0.0226099	-0.0134419	-0.0471216
555	34038	0.269195	-0.0226099	-0.015678	-0.0471216
556	33294	0.270149	-0.0226099	-0.0159739	-0.0471216
557	32550	0.26936	-0.0226099	-0.0106796	-0.0471216
558	31806	0.261895	-0.0226099	-0.0181443	-0.0471216
559	31062	0.253904	-0.0226099	-0.0104823	-0.0471216
560	30318	0.262388	-0.0226099	-0.0108441	-0.0471216
561	29574	0.268735	-0.0226099	-0.0162041	-0.0471216
562	28830	0.271464	-0.0226099	-0.0160397	-0.0471216
563	28086	0.257061	-0.0226099	-0.00433305	-0.0471216
564	27342	0.277745	-0.0226099	-0.00992331	-0.0471216
565	26598	0.261961	-0.0226099	-0.00676646	-0.0471216
566	25854	0.285703	-0.0226099	-0.0123238	-0.0471216
567	25110	0.263802	-0.0226099	-0.0095287	-0.0471216
568	24366	0.264592	-0.0226099	-0.00939717	-0.0471216
569	23622	0.269261	-0.0226099	-0.0124883	-0.0471216
570	22878	0.287841	-0.0226099	-0.00183388	-0.0471216
571	22134	0.262421	-0.0226099	-0.0040371	-0.0471216
572	21390	0.272813	-0.0226099	-0.0113044	-0.0471216
573	20646	0.277614	-0.0226099	-0.00693088	-0.0471216
574	19902	0.284289	-0.0226099	-0.00962736	-0.0471216
575	19158	0.275641	-0.0226099	-0.0104495	-0.0471216
576	18414	0.274786	-0.0226099	-0.0127513	-0.0471216
577	17670	0.283894	-0.0226099	-0.0129815	-0.0471216
578	16926	0.278173	-0.0226099	-0.00989043	-0.0471216
579	16182	0.282678	-0.0226099	-0.00903545	-0.0471216
580	15438	0.2469	-0.0226099	-0.01285	-0.0471216
581	14694	0.264953	-0.0226099	-0.0129486	-0.0471216
582	13950	0.269623	-0.0226099	-0.0101206	-0.0471216
583	13206	0.273766	-0.0226099	-0.0126198	-0.0471216
584	12462	0.286953	-0.0226099	-0.0135405	-0.0471216
585	11718	0.262224	-0.0226099	-0.00643762	-0.0471216
586	10974	0.299054	-0.0226099	-0.0154807	-0.0471216
587	10230	0.274523	-0.0226099	-0.0130473	-0.0471216
588	9486	0.288926	-0.0226099	-0.0161384	-0.0471216
589	8742	0.288663	-0.0226099	-0.00400421	-0.0471216
590	7998	0.278271	-0.0226099	-0.0130473	-0.0471216
591	7254	0.2737	-0.0226099	-0.0161384	-0.0471216
592	6510	0.276792	-0.0226099	-0.00574706	-0.0471216
593	5766	0.275739	-0.0226099	-0.0167303	-0.0471216
594	5022	0.280211	-0.0226099	-0.0151847	-0.0471216
595	4278	0.276068	-0.0226099	-0.0135734	-0.0471216
596	3534	0.276693	-0.0226099	-0.0150203	-0.0471216
597	2790	0.285966	-0.0226099	-0.0196569	-0.0471216
598	2046	0.287775	-0.0226099	-0.0155465	-0.0471216
599	1302	0.275114	-0.0226099	-0.0158424	-0.0471216
600	558	0.285868	-0.0213373	-0.0179799	-0.0486079
