# 2016-09-27-Tuesday
# DL-Pro & DL-100 Locked delay scan.
# DL-Pro @ 365840.7 GHz & DL-100 @ 365824.8 GHz
# B2 = T2 + 2.050 us
# HP 214B FIP at 5.5 on 100V setting ; Applied to Top ; Mesh & Vin of MCP @ +25V ; Vout of MCP @ +2025 V
# Oven @ 32 A
# MW On ; f = 15931.6 MHz; Attn = 44 dB (38+6)
# Static -2000 mV Pulsed
# Gate = 200 ns ; Amp = 25x ; Sensitivity = 5 mV
# +/- 30 mV IR/Oven offset.
# Top: 0 V ; Bot: -0.430 V ; IR: +0.050 V ; Oven: -0.050 V ; Vis: -0.003 V ; MW: +0.003 V
# i, step, norm, norm bkgnd, signal, signal bkgnd
# 4 passes
0	0	0.332892	-0.0263061	-0.00226137	-0.0511334	
1	744	0.308788	-0.0263061	0.000533762	-0.0511334	
2	1488	0.316779	-0.0263061	0.00668305	-0.0511334	
3	2232	0.292115	-0.0263061	0.00316447	-0.0511334	
4	2976	0.296851	-0.0263061	-0.00236002	-0.0511334	
5	3720	0.30448	-0.0263061	0.000467995	-0.0511334	
6	4464	0.299514	-0.0263061	-0.00433305	-0.0511334	
7	5208	0.296949	-0.0263061	0.000270691	-0.0511334	
8	5952	0.287446	-0.0263061	-0.00696376	-0.0511334	
9	6696	0.289222	-0.0263061	-0.00903545	-0.0511334	
10	7440	0.302737	-0.0263061	-0.0108112	-0.0511334	
11	8184	0.290307	-0.0263061	0.00224372	-0.0511334	
12	8928	0.275739	-0.0263061	-0.00337942	-0.0511334	
13	9672	0.302046	-0.0263061	0.000369343	-0.0511334	
14	10416	0.290537	-0.0263061	-0.00683223	-0.0511334	
15	11160	0.284618	-0.0263061	-5.81473E-5	-0.0511334	
16	11904	0.286624	-0.0263061	-0.00824623	-0.0511334	
17	12648	0.287183	-0.0263061	-0.00745702	-0.0511334	
18	13392	0.290965	-0.0263061	-0.00597725	-0.0511334	
19	14136	0.284059	-0.0263061	-0.00956159	-0.0511334	
20	14880	0.280639	-0.0263061	-0.010285	-0.0511334	
21	15624	0.297903	-0.0263061	-0.00949582	-0.0511334	
22	16368	0.300632	-0.0263061	-0.0188677	-0.0511334	
23	17112	0.291162	-0.0263061	-0.0108441	-0.0511334	
24	17856	0.28521	-0.0263061	-0.0103837	-0.0511334	
25	18600	0.285736	-0.0263061	-0.00854219	-0.0511334	
26	19344	0.284223	-0.0263061	-0.00949582	-0.0511334	
27	20088	0.271201	-0.0263061	-0.00702953	-0.0511334	
28	20832	0.285736	-0.0263061	-0.0150203	-0.0511334	
29	21576	0.281428	-0.0263061	-0.0111729	-0.0511334	
30	22320	0.254365	-0.0263061	-0.0136721	-0.0511334	
31	23064	0.27712	-0.0263061	-0.00778586	-0.0511334	
32	23808	0.271168	-0.0263061	-0.00969312	-0.0511334	
33	24552	0.261007	-0.0263061	-0.0115346	-0.0511334	
34	25296	0.261369	-0.0263061	-0.0136721	-0.0511334	
35	26040	0.274391	-0.0263061	-0.0140667	-0.0511334	
36	26784	0.278765	-0.0263061	-0.00742414	-0.0511334	
37	27528	0.277877	-0.0263061	-0.015119	-0.0511334	
38	28272	0.2737	-0.0263061	-0.00762144	-0.0511334	
39	29016	0.292181	-0.0263061	-0.00824623	-0.0511334	
40	29760	0.268373	-0.0263061	-0.00548399	-0.0511334	
41	30504	0.262388	-0.0263061	-0.0129486	-0.0511334	
42	31248	0.280803	-0.0263061	-0.00314923	-0.0511334	
43	31992	0.280902	-0.0263061	-0.00939717	-0.0511334	
44	32736	0.261205	-0.0263061	-0.00943005	-0.0511334	
45	33480	0.276923	-0.0263061	-0.00808181	-0.0511334	
46	34224	0.280409	-0.0263061	-0.010285	-0.0511334	
47	34968	0.277975	-0.0263061	-0.0104823	-0.0511334	
48	35712	0.251668	-0.0263061	-0.0100548	-0.0511334	
49	36456	0.282875	-0.0263061	-0.00804893	-0.0511334	
50	37200	0.261073	-0.0263061	-0.00430017	-0.0511334	
51	37944	0.285769	-0.0263061	-0.00706241	-0.0511334	
52	38688	0.264822	-0.0263061	-0.0118963	-0.0511334	
53	39432	0.286065	-0.0263061	-0.0034123	-0.0511334	
54	40176	0.267979	-0.0263061	-0.00755567	-0.0511334	
55	40920	0.273339	-0.0263061	-0.0161055	-0.0511334	
56	41664	0.263802	-0.0263061	-0.0110414	-0.0511334	
57	42408	0.277877	-0.0263061	-0.00719395	-0.0511334	
58	43152	0.263506	-0.0263061	-0.003215	-0.0511334	
59	43896	0.259133	-0.0263061	-0.00587859	-0.0511334	
60	44640	0.285177	-0.0263061	0.000796834	-0.0511334	
61	45384	0.279652	-0.0263061	-0.0107454	-0.0511334	
62	46128	0.277252	-0.0263061	-0.00673357	-0.0511334	
63	46872	0.261961	-0.0263061	-0.0143626	-0.0511334	
64	47616	0.259363	-0.0263061	-0.00344519	-0.0511334	
65	48360	0.260448	-0.0263061	-0.0113373	-0.0511334	
66	49104	0.259725	-0.0263061	-0.00982466	-0.0511334	
67	49848	0.281231	-0.0263061	-0.0120936	-0.0511334	
68	50592	0.257127	-0.0263061	-0.0135734	-0.0511334	
69	51336	0.264789	-0.0263061	-0.0147901	-0.0511334	
70	52080	0.266532	-0.0263061	-0.0158753	-0.0511334	
71	52824	0.247952	-0.0263061	-0.0143626	-0.0511334	
72	53568	0.269919	-0.0263061	-0.0118635	-0.0511334	
73	54312	0.240159	-0.0263061	-0.00956159	-0.0511334	
74	55056	0.288761	-0.0263061	-0.0168947	-0.0511334	
75	55800	0.256371	-0.0263061	-0.0189993	-0.0511334	
76	56544	0.277548	-0.0263061	-0.0104823	-0.0511334	
77	57288	0.263539	-0.0263061	-0.0148888	-0.0511334	
78	58032	0.254825	-0.0263061	-0.00847642	-0.0511334	
79	58776	0.261303	-0.0263061	-0.0116333	-0.0511334	
80	59520	0.259462	-0.0263061	-0.0125869	-0.0511334	
81	60264	0.242526	-0.0263061	-0.0139023	-0.0511334	
82	61008	0.238712	-0.0263061	-0.0104166	-0.0511334	
83	61752	0.268012	-0.0263061	-0.0192623	-0.0511334	
84	62496	0.258212	-0.0263061	-0.0112387	-0.0511334	
85	63240	0.250978	-0.0263061	-0.0147572	-0.0511334	
86	63984	0.262619	-0.0263061	-0.0111729	-0.0511334	
87	64728	0.24815	-0.0263061	-0.0192952	-0.0511334	
88	65472	0.246407	-0.0263061	-0.00693088	-0.0511334	
89	66216	0.239797	-0.0263061	-0.0137707	-0.0511334	
90	66960	0.248709	-0.0263061	-0.00989043	-0.0511334	
91	67704	0.262487	-0.0263061	-0.0144942	-0.0511334	
92	68448	0.244828	-0.0263061	-0.0213011	-0.0511334	
93	69192	0.256831	-0.0263061	-0.0133761	-0.0511334	
94	69936	0.25055	-0.0263061	-0.0182429	-0.0511334	
95	70680	0.25397	-0.0263061	-0.00617455	-0.0511334	
96	71424	0.261566	-0.0263061	-0.0153163	-0.0511334	
97	72168	0.256765	-0.0263061	-0.0192294	-0.0511334	
98	72912	0.265841	-0.0263061	-0.00972601	-0.0511334	
99	73656	0.262487	-0.0263061	-0.00564841	-0.0511334	
100	74400	0.257817	-0.0263061	-0.00982466	-0.0511334	
101	75144	0.26127	-0.0263061	-0.0133761	-0.0511334	
102	75888	0.254989	-0.0263061	-0.00594436	-0.0511334	
103	76632	0.262454	-0.0263061	-0.00844354	-0.0511334	
104	77376	0.259429	-0.0263061	-0.0130473	-0.0511334	
105	78120	0.262125	-0.0263061	-0.00702953	-0.0511334	
106	78864	0.257127	-0.0263061	-0.0109098	-0.0511334	
107	79608	0.277285	-0.0263061	-0.0144942	-0.0511334	
108	80352	0.26617	-0.0263061	-0.00630608	-0.0511334	
109	81096	0.264822	-0.0263061	-0.0137707	-0.0511334	
110	81840	0.241639	-0.0263061	-0.00873949	-0.0511334	
111	82584	0.265052	-0.0263061	-0.00867372	-0.0511334	
112	83328	0.26834	-0.0263061	-0.0145271	-0.0511334	
113	84072	0.264263	-0.0263061	-0.00689799	-0.0511334	
114	84816	0.255943	-0.0263061	-0.00433305	-0.0511334	
115	85560	0.261731	-0.0263061	-0.0134419	-0.0511334	
116	86304	0.24884	-0.0263061	-0.012554	-0.0511334	
117	87048	0.253937	-0.0263061	-0.0111071	-0.0511334	
118	87792	0.261862	-0.0263061	-0.00725972	-0.0511334	
119	88536	0.261895	-0.0263061	-0.0136063	-0.0511334	
120	89280	0.254891	-0.0263061	-0.0112387	-0.0511334	
121	90024	0.265315	-0.0263061	-0.00735837	-0.0511334	
122	90768	0.266038	-0.0263061	-0.0110085	-0.0511334	
123	91512	0.266795	-0.0263061	-0.00995619	-0.0511334	
124	92256	0.26617	-0.0263061	-0.0124554	-0.0511334	
125	93000	0.269524	-0.0263061	-0.0137707	-0.0511334	
126	93744	0.275739	-0.0263061	-0.0135077	-0.0511334	
127	94488	0.263079	-0.0263061	-0.0199529	-0.0511334	
128	95232	0.27324	-0.0263061	-0.0125211	-0.0511334	
129	95976	0.257554	-0.0263061	-0.0123567	-0.0511334	
130	96720	0.265973	-0.0263061	-0.0126856	-0.0511334	
131	97464	0.260086	-0.0263061	-0.00614166	-0.0511334	
132	98208	0.256864	-0.0263061	-0.015382	-0.0511334	
133	98952	0.251306	-0.0263061	-0.00992331	-0.0511334	
134	99696	0.264164	-0.0263061	-0.0171906	-0.0511334	
135	100440	0.254134	-0.0263061	-0.0202817	-0.0511334	
136	101184	0.251635	-0.0263061	-0.017388	-0.0511334	
137	101928	0.279061	-0.0263061	-0.0117648	-0.0511334	
138	102672	0.261895	-0.0263061	-0.00923275	-0.0511334	
139	103416	0.25785	-0.0263061	-0.00834488	-0.0511334	
140	104160	0.255943	-0.0263061	-0.0123238	-0.0511334	
141	104904	0.265348	-0.0263061	-0.0132775	-0.0511334	
142	105648	0.270741	-0.0263061	-0.0112715	-0.0511334	
143	106392	0.259758	-0.0263061	-0.00781874	-0.0511334	
144	107136	0.269458	-0.0263061	-0.01114	-0.0511334	
145	107880	0.262947	-0.0263061	-0.0100877	-0.0511334	
146	108624	0.240652	-0.0263061	-0.00929852	-0.0511334	
147	109368	0.256798	-0.0263061	-0.00268886	-0.0511334	
148	110112	0.257193	-0.0263061	-0.00278751	-0.0511334	
149	110856	0.260382	-0.0263061	-0.00449747	-0.0511334	
150	111600	0.256075	-0.0263061	-0.0109098	-0.0511334	
151	111042	0.256798	-0.0263061	-0.0151847	-0.0511334	
152	110298	0.264065	-0.0263061	-0.00683223	-0.0511334	
153	109554	0.267913	-0.0263061	-0.00742414	-0.0511334	
154	108810	0.255877	-0.0263061	-0.00571417	-0.0511334	
155	108066	0.264296	-0.0263061	-0.00959447	-0.0511334	
156	107322	0.268571	-0.0263061	-0.0121923	-0.0511334	
157	106578	0.280606	-0.0263061	-0.00508938	-0.0511334	
158	105834	0.256403	-0.0263061	-0.0103179	-0.0511334	
159	105090	0.265151	-0.0263061	-0.0164672	-0.0511334	
160	104346	0.273141	-0.0263061	-0.0118963	-0.0511334	
161	103602	0.264822	-0.0263061	-0.0107454	-0.0511334	
162	102858	0.263276	-0.0263061	-0.012554	-0.0511334	
163	102114	0.259462	-0.0263061	-0.0129157	-0.0511334	
164	101370	0.268571	-0.0263061	-0.0213998	-0.0511334	
165	100626	0.256371	-0.0263061	-0.0139351	-0.0511334	
166	99882	0.257357	-0.0263061	-0.0201502	-0.0511334	
167	99138	0.263967	-0.0263061	-0.0147244	-0.0511334	
168	98394	0.263046	-0.0263061	-0.0156122	-0.0511334	
169	97650	0.263243	-0.0263061	-0.0156122	-0.0511334	
170	96906	0.256765	-0.0263061	-0.0103179	-0.0511334	
171	96162	0.270544	-0.0263061	-0.0133761	-0.0511334	
172	95418	0.259823	-0.0263061	-0.00732548	-0.0511334	
173	94674	0.241145	-0.0263061	-0.0175853	-0.0511334	
174	93930	0.25956	-0.0263061	-0.0124554	-0.0511334	
175	93186	0.265578	-0.0263061	-0.0108769	-0.0511334	
176	92442	0.274917	-0.0263061	-0.0132117	-0.0511334	
177	91698	0.257883	-0.0263061	-0.0100877	-0.0511334	
178	90954	0.272122	-0.0263061	-0.0125211	-0.0511334	
179	90210	0.278271	-0.0263061	-0.0149545	-0.0511334	
180	89466	0.248314	-0.0263061	-0.0144613	-0.0511334	
181	88722	0.271826	-0.0263061	-0.0133432	-0.0511334	
182	87978	0.261073	-0.0263061	-0.0165987	-0.0511334	
183	87234	0.267781	-0.0263061	-0.00594436	-0.0511334	
184	86490	0.255746	-0.0263061	-0.0124883	-0.0511334	
185	85746	0.258705	-0.0263061	-0.00397133	-0.0511334	
186	85002	0.262586	-0.0263061	-0.0122252	-0.0511334	
187	84258	0.261139	-0.0263061	-0.0091341	-0.0511334	
188	83514	0.265907	-0.0263061	-0.00916698	-0.0511334	
189	82770	0.247229	-0.0263061	-0.00594436	-0.0511334	
190	82026	0.259922	-0.0263061	-0.0081147	-0.0511334	
191	81282	0.270281	-0.0263061	-0.0104823	-0.0511334	
192	80538	0.26423	-0.0263061	-0.0132775	-0.0511334	
193	79794	0.266532	-0.0263061	-0.0104823	-0.0511334	
194	79050	0.273996	-0.0263061	-0.00860796	-0.0511334	
195	78306	0.261468	-0.0263061	-0.0104166	-0.0511334	
196	77562	0.259791	-0.0263061	-0.00663492	-0.0511334	
197	76818	0.266269	-0.0263061	-0.00795028	-0.0511334	
198	76074	0.255154	-0.0263061	-0.00397133	-0.0511334	
199	75330	0.270116	-0.0263061	-0.00308346	-0.0511334	
200	74586	0.274325	-0.0263061	-0.011436	-0.0511334	
201	73842	0.257982	-0.0263061	-0.00791739	-0.0511334	
202	73098	0.266334	-0.0263061	-0.00670069	-0.0511334	
203	72354	0.278173	-0.0263061	-0.00919987	-0.0511334	
204	71610	0.273207	-0.0263061	-0.0174866	-0.0511334	
205	70866	0.272648	-0.0263061	-0.0108112	-0.0511334	
206	70122	0.259823	-0.0263061	-0.0136721	-0.0511334	
207	69378	0.25864	-0.0263061	-0.00992331	-0.0511334	
208	68634	0.286788	-0.0263061	-0.0112715	-0.0511334	
209	67890	0.273668	-0.0263061	-0.0177497	-0.0511334	
210	67146	0.255976	-0.0263061	-0.00923275	-0.0511334	
211	66402	0.249597	-0.0263061	-0.014823	-0.0511334	
212	65658	0.253937	-0.0263061	-0.0160397	-0.0511334	
213	64914	0.278567	-0.0263061	-0.013113	-0.0511334	
214	64170	0.267354	-0.0263061	-0.00551687	-0.0511334	
215	63426	0.273076	-0.0263061	-0.0165659	-0.0511334	
216	62682	0.267716	-0.0263061	-0.0113373	-0.0511334	
217	61938	0.267091	-0.0263061	-0.01285	-0.0511334	
218	61194	0.264065	-0.0263061	-0.00472766	-0.0511334	
219	60450	0.261402	-0.0263061	-0.00936428	-0.0511334	
220	59706	0.262323	-0.0263061	-0.00630608	-0.0511334	
221	58962	0.256699	-0.0263061	-0.0155793	-0.0511334	
222	58218	0.259922	-0.0263061	-0.0153163	-0.0511334	
223	57474	0.267748	-0.0263061	-0.00982466	-0.0511334	
224	56730	0.269721	-0.0263061	-0.017092	-0.0511334	
225	55986	0.254365	-0.0263061	-0.0113044	-0.0511334	
226	55242	0.271037	-0.0263061	-0.0131459	-0.0511334	
227	54498	0.266104	-0.0263061	-0.019361	-0.0511334	
228	53754	0.263079	-0.0263061	-0.00936428	-0.0511334	
229	53010	0.261599	-0.0263061	-0.00449747	-0.0511334	
230	52266	0.252096	-0.0263061	-0.0135405	-0.0511334	
231	51522	0.268275	-0.0263061	-0.00910121	-0.0511334	
232	50778	0.266104	-0.0263061	-0.0149874	-0.0511334	
233	50034	0.287249	-0.0263061	-0.00446459	-0.0511334	
234	49290	0.260448	-0.0263061	-0.014823	-0.0511334	
235	48546	0.257193	-0.0263061	-0.0138036	-0.0511334	
236	47802	0.27837	-0.0263061	-0.0118306	-0.0511334	
237	47058	0.265447	-0.0263061	-0.0163686	-0.0511334	
238	46314	0.272254	-0.0263061	-0.00268886	-0.0511334	
239	45570	0.267354	-0.0263061	-0.0140996	-0.0511334	
240	44826	0.281494	-0.0263061	-0.00535245	-0.0511334	
241	44082	0.253707	-0.0263061	-0.00163657	-0.0511334	
242	43338	0.270872	-0.0263061	-0.0107125	-0.0511334	
243	42594	0.269228	-0.0263061	-0.00305058	-0.0511334	
244	41850	0.274884	-0.0263061	-0.00795028	-0.0511334	
245	41106	0.279883	-0.0263061	-0.00311635	-0.0511334	
246	40362	0.259396	-0.0263061	-0.0138694	-0.0511334	
247	39618	0.267255	-0.0263061	-0.0101206	-0.0511334	
248	38874	0.268571	-0.0263061	-0.0105481	-0.0511334	
249	38130	0.259659	-0.0263061	-0.00466189	-0.0511334	
250	37386	0.264	-0.0263061	-0.011436	-0.0511334	
251	36642	0.262323	-0.0263061	-0.00821335	-0.0511334	
252	35898	0.264493	-0.0263061	-0.00870661	-0.0511334	
253	35154	0.29251	-0.0263061	0.00129009	-0.0511334	
254	34410	0.281527	-0.0263061	-0.00847642	-0.0511334	
255	33666	0.262619	-0.0263061	-0.00732548	-0.0511334	
256	32922	0.268932	-0.0263061	-0.0102521	-0.0511334	
257	32178	0.260448	-0.0263061	-0.0127842	-0.0511334	
258	31434	0.251734	-0.0263061	-0.0131788	-0.0511334	
259	30690	0.246045	-0.0263061	-0.0123896	-0.0511334	
260	29946	0.263638	-0.0263061	-0.0122252	-0.0511334	
261	29202	0.254003	-0.0263061	-0.0110742	-0.0511334	
262	28458	0.26617	-0.0263061	-0.00929852	-0.0511334	
263	27714	0.239139	-0.0263061	-0.0195254	-0.0511334	
264	26970	0.261928	-0.0263061	-0.0143626	-0.0511334	
265	26226	0.25078	-0.0263061	-0.00719395	-0.0511334	
266	25482	0.277942	-0.0263061	-0.0150861	-0.0511334	
267	24738	0.260547	-0.0263061	-0.0126527	-0.0511334	
268	23994	0.27837	-0.0263061	-0.0104166	-0.0511334	
269	23250	0.256305	-0.0263061	-0.00982466	-0.0511334	
270	22506	0.266828	-0.0263061	-0.0126527	-0.0511334	
271	21762	0.26469	-0.0263061	-0.0178812	-0.0511334	
272	21018	0.265184	-0.0263061	-0.0152505	-0.0511334	
273	20274	0.26765	-0.0263061	-0.0167632	-0.0511334	
274	19530	0.269261	-0.0263061	-0.0137378	-0.0511334	
275	18786	0.270017	-0.0263061	-0.0122252	-0.0511334	
276	18042	0.259297	-0.0263061	-0.0175195	-0.0511334	
277	17298	0.273536	-0.0263061	-0.0149217	-0.0511334	
278	16554	0.263934	-0.0263061	-0.0105481	-0.0511334	
279	15810	0.267025	-0.0263061	-0.0129486	-0.0511334	
280	15066	0.264657	-0.0263061	-0.00538534	-0.0511334	
281	14322	0.274227	-0.0263061	-0.0157109	-0.0511334	
282	13578	0.274325	-0.0263061	-0.0117977	-0.0511334	
283	12834	0.261106	-0.0263061	-0.0150532	-0.0511334	
284	12090	0.279324	-0.0263061	-0.016237	-0.0511334	
285	11346	0.279258	-0.0263061	-0.00919987	-0.0511334	
286	10602	0.271826	-0.0263061	-0.00574706	-0.0511334	
287	9858	0.254628	-0.0263061	-0.0054511	-0.0511334	
288	9114	0.271168	-0.0263061	-0.00614166	-0.0511334	
289	8370	0.267617	-0.0263061	-0.00946294	-0.0511334	
290	7626	0.271399	-0.0263061	-0.0106139	-0.0511334	
291	6882	0.248248	-0.0263061	-0.0102193	-0.0511334	
292	6138	0.265512	-0.0263061	-0.0117977	-0.0511334	
293	5394	0.2737	-0.0263061	-0.0140996	-0.0511334	
294	4650	0.266959	-0.0263061	-0.00630608	-0.0511334	
295	3906	0.258968	-0.0263061	-0.00311635	-0.0511334	
296	3162	0.260054	-0.0263061	-0.0113044	-0.0511334	
297	2418	0.274884	-0.0263061	-0.0146915	-0.0511334	
298	1674	0.270774	-0.0263061	-0.0126527	-0.0511334	
299	930	0.284289	-0.0263061	-0.00637185	-0.0511334	
300	186	0.27495	-0.0263061	-0.00663492	-0.0511334	
301	372	0.266893	-0.0263061	-0.0111729	-0.0511334	
302	1116	0.277844	-0.0263061	-0.0112058	-0.0511334	
303	1860	0.283697	-0.0263061	-0.00538534	-0.0511334	
304	2604	0.266729	-0.0263061	-0.0109427	-0.0511334	
305	3348	0.273174	-0.0263061	-0.0127513	-0.0511334	
306	4092	0.273372	-0.0263061	-0.0107454	-0.0511334	
307	4836	0.276857	-0.0263061	-0.0109427	-0.0511334	
308	5580	0.268636	-0.0263061	-0.00541822	-0.0511334	
309	6324	0.278107	-0.0263061	-0.00808181	-0.0511334	
310	7068	0.290471	-0.0263061	-0.00265597	-0.0511334	
311	7812	0.26206	-0.0263061	-0.00992331	-0.0511334	
312	8556	0.26423	-0.0263061	-0.0109098	-0.0511334	
313	9300	0.265545	-0.0263061	-0.00956159	-0.0511334	
314	10044	0.276265	-0.0263061	-0.0105481	-0.0511334	
315	10788	0.264624	-0.0263061	-0.00433305	-0.0511334	
316	11532	0.270182	-0.0263061	-0.00594436	-0.0511334	
317	12276	0.256634	-0.0263061	-0.008312	-0.0511334	
318	13020	0.260843	-0.0263061	-0.0113373	-0.0511334	
319	13764	0.259001	-0.0263061	-0.016533	-0.0511334	
320	14508	0.262783	-0.0263061	-0.0129486	-0.0511334	
321	15252	0.256732	-0.0263061	-0.0151518	-0.0511334	
322	15996	0.252918	-0.0263061	-0.00975889	-0.0511334	
323	16740	0.25864	-0.0263061	-0.0116662	-0.0511334	
324	17484	0.244532	-0.0263061	-0.010581	-0.0511334	
325	18228	0.271267	-0.0263061	-0.0101864	-0.0511334	
326	18972	0.268669	-0.0263061	-0.0156451	-0.0511334	
327	19716	0.249366	-0.0263061	-0.00946294	-0.0511334	
328	20460	0.25226	-0.0263061	-0.0171578	-0.0511334	
329	21204	0.246374	-0.0263061	-0.0151518	-0.0511334	
330	21948	0.264263	-0.0263061	-0.0104166	-0.0511334	
331	22692	0.264822	-0.0263061	-0.008312	-0.0511334	
332	23436	0.257916	-0.0263061	-0.0118635	-0.0511334	
333	24180	0.257193	-0.0263061	-0.00880526	-0.0511334	
334	24924	0.265414	-0.0263061	-0.0180456	-0.0511334	
335	25668	0.278304	-0.0263061	-0.0173551	-0.0511334	
336	26412	0.274884	-0.0263061	-0.0165987	-0.0511334	
337	27156	0.269162	-0.0263061	-0.0126198	-0.0511334	
338	27900	0.262454	-0.0263061	-0.0161712	-0.0511334	
339	28644	0.273437	-0.0263061	-0.0107125	-0.0511334	
340	29388	0.258015	-0.0263061	-0.0152505	-0.0511334	
341	30132	0.268143	-0.0263061	-0.0155793	-0.0511334	
342	30876	0.24815	-0.0263061	-0.0110414	-0.0511334	
343	31620	0.269393	-0.0263061	-0.00758856	-0.0511334	
344	32364	0.254134	-0.0263061	-0.00992331	-0.0511334	
345	33108	0.240225	-0.0263061	-0.0169276	-0.0511334	
346	33852	0.268571	-0.0263061	-0.0126198	-0.0511334	
347	34596	0.266565	-0.0263061	-0.014823	-0.0511334	
348	35340	0.267189	-0.0263061	-0.0152176	-0.0511334	
349	36084	0.271826	-0.0263061	-0.0159082	-0.0511334	
350	36828	0.26469	-0.0263061	-0.00887103	-0.0511334	
351	37572	0.266729	-0.0263061	-0.0116004	-0.0511334	
352	38316	0.26035	-0.0263061	-0.0135734	-0.0511334	
353	39060	0.264197	-0.0263061	-0.0124883	-0.0511334	
354	39804	0.260843	-0.0263061	-0.0127184	-0.0511334	
355	40548	0.269064	-0.0263061	-0.00929852	-0.0511334	
356	41292	0.266006	-0.0263061	-0.0095287	-0.0511334	
357	42036	0.272056	-0.0263061	-0.016237	-0.0511334	
358	42780	0.257522	-0.0263061	-0.00972601	-0.0511334	
359	43524	0.266137	-0.0263061	-0.0152834	-0.0511334	
360	44268	0.266433	-0.0263061	-0.0107454	-0.0511334	
361	45012	0.261435	-0.0263061	-0.00528668	-0.0511334	
362	45756	0.278896	-0.0263061	-0.00788451	-0.0511334	
363	46500	0.276759	-0.0263061	-0.00804893	-0.0511334	
364	47244	0.277449	-0.0263061	-0.0115346	-0.0511334	
365	47988	0.257127	-0.0263061	-0.00995619	-0.0511334	
366	48732	0.267584	-0.0263061	-0.0166645	-0.0511334	
367	49476	0.253378	-0.0263061	-0.00686511	-0.0511334	
368	50220	0.267091	-0.0263061	-0.00637185	-0.0511334	
369	50964	0.264	-0.0263061	-0.0102193	-0.0511334	
370	51708	0.266663	-0.0263061	-0.00847642	-0.0511334	
371	52452	0.281856	-0.0263061	-0.00989043	-0.0511334	
372	53196	0.257752	-0.0263061	-0.014823	-0.0511334	
373	53940	0.256995	-0.0263061	-0.0135734	-0.0511334	
374	54684	0.249794	-0.0263061	-0.0123567	-0.0511334	
375	55428	0.263079	-0.0263061	-0.0142969	-0.0511334	
376	56172	0.245716	-0.0263061	-0.0180785	-0.0511334	
377	56916	0.260448	-0.0263061	-0.0119292	-0.0511334	
378	57660	0.25443	-0.0263061	-0.0155793	-0.0511334	
379	58404	0.250188	-0.0263061	-0.0149874	-0.0511334	
380	59148	0.246407	-0.0263061	-0.0138365	-0.0511334	
381	59892	0.245552	-0.0263061	-0.0171906	-0.0511334	
382	60636	0.229274	-0.0263061	-0.0172235	-0.0511334	
383	61380	0.270346	-0.0263061	-0.0164343	-0.0511334	
384	62124	0.234536	-0.0263061	-0.0198214	-0.0511334	
385	62868	0.243513	-0.0263061	-0.0172235	-0.0511334	
386	63612	0.249037	-0.0263061	-0.0134748	-0.0511334	
387	64356	0.259758	-0.0263061	-0.0171578	-0.0511334	
388	65100	0.25693	-0.0263061	-0.0126198	-0.0511334	
389	65844	0.25614	-0.0263061	-0.0131459	-0.0511334	
390	66588	0.248281	-0.0263061	-0.0113044	-0.0511334	
391	67332	0.225328	-0.0263061	-0.0140009	-0.0511334	
392	68076	0.255844	-0.0263061	-0.0172235	-0.0511334	
393	68820	0.252523	-0.0263061	-0.0225507	-0.0511334	
394	69564	0.252885	-0.0263061	-0.0153492	-0.0511334	
395	70308	0.261961	-0.0263061	-0.016796	-0.0511334	
396	71052	0.249827	-0.0263061	-0.0107125	-0.0511334	
397	71796	0.253674	-0.0263061	-0.00242579	-0.0511334	
398	72540	0.228123	-0.0263061	-0.0126856	-0.0511334	
399	73284	0.256403	-0.0263061	-0.0135077	-0.0511334	
400	74028	0.259034	-0.0263061	-0.0177497	-0.0511334	
401	74772	0.279455	-0.0263061	-0.0147572	-0.0511334	
402	75516	0.244565	-0.0263061	-0.0118306	-0.0511334	
403	76260	0.264953	-0.0263061	-0.0101864	-0.0511334	
404	77004	0.248248	-0.0263061	-0.0116004	-0.0511334	
405	77748	0.238054	-0.0263061	-0.0157766	-0.0511334	
406	78492	0.251043	-0.0263061	-0.0140338	-0.0511334	
407	79236	0.233418	-0.0263061	-0.00564841	-0.0511334	
408	79980	0.2396	-0.0263061	-0.0116004	-0.0511334	
409	80724	0.251208	-0.0263061	-0.0121594	-0.0511334	
410	81468	0.248117	-0.0263061	-0.00489208	-0.0511334	
411	82212	0.239501	-0.0263061	-0.0106468	-0.0511334	
412	82956	0.254233	-0.0263061	-0.00538534	-0.0511334	
413	83700	0.252129	-0.0263061	-0.014264	-0.0511334	
414	84444	0.243612	-0.0263061	-0.0147901	-0.0511334	
415	85188	0.27107	-0.0263061	-0.01285	-0.0511334	
416	85932	0.25785	-0.0263061	-0.0123238	-0.0511334	
417	86676	0.250353	-0.0263061	-0.00969312	-0.0511334	
418	87420	0.248051	-0.0263061	-0.00696376	-0.0511334	
419	88164	0.257324	-0.0263061	-0.0123238	-0.0511334	
420	88908	0.239435	-0.0263061	-0.0169276	-0.0511334	
421	89652	0.261599	-0.0263061	-0.00837777	-0.0511334	
422	90396	0.251504	-0.0263061	-0.0166645	-0.0511334	
423	91140	0.250715	-0.0263061	-0.0121923	-0.0511334	
424	91884	0.253115	-0.0263061	-0.022748	-0.0511334	
425	92628	0.256995	-0.0263061	-0.017092	-0.0511334	
426	93372	0.247952	-0.0263061	-0.0183416	-0.0511334	
427	94116	0.251833	-0.0263061	-0.0120936	-0.0511334	
428	94860	0.246571	-0.0263061	-0.0110085	-0.0511334	
429	95604	0.244335	-0.0263061	-0.0135405	-0.0511334	
430	96348	0.263013	-0.0263061	-0.0158095	-0.0511334	
431	97092	0.238252	-0.0263061	-0.0166974	-0.0511334	
432	97836	0.250747	-0.0263061	-0.0193939	-0.0511334	
433	98580	0.234075	-0.0263061	-0.019361	-0.0511334	
434	99324	0.240225	-0.0263061	-0.0171578	-0.0511334	
435	100068	0.256305	-0.0263061	-0.0105152	-0.0511334	
436	100812	0.259527	-0.0263061	-0.0130473	-0.0511334	
437	101556	0.252556	-0.0263061	-0.0250828	-0.0511334	
438	102300	0.237988	-0.0263061	-0.0189006	-0.0511334	
439	103044	0.255943	-0.0263061	-0.0209065	-0.0511334	
440	103788	0.259692	-0.0263061	-0.018802	-0.0511334	
441	104532	0.241244	-0.0263061	-0.0196569	-0.0511334	
442	105276	0.250682	-0.0263061	-0.0205119	-0.0511334	
443	106020	0.245486	-0.0263061	-0.012554	-0.0511334	
444	106764	0.252425	-0.0263061	-0.0187362	-0.0511334	
445	107508	0.243809	-0.0263061	-0.00577994	-0.0511334	
446	108252	0.250123	-0.0263061	-0.0108769	-0.0511334	
447	108996	0.245059	-0.0263061	-0.00410286	-0.0511334	
448	109740	0.265118	-0.0263061	-0.00975889	-0.0511334	
449	110484	0.244006	-0.0263061	-0.00788451	-0.0511334	
450	111228	0.243217	-0.0263061	-0.0150203	-0.0511334	
451	111414	0.242888	-0.0263061	-0.0180127	-0.0511334	
452	110670	0.250156	-0.0263061	-0.0136721	-0.0511334	
453	109926	0.241047	-0.0263061	-0.0172564	-0.0511334	
454	109182	0.245387	-0.0263061	-0.0148559	-0.0511334	
455	108438	0.253378	-0.0263061	-0.0177826	-0.0511334	
456	107694	0.2664	-0.0263061	-0.0170262	-0.0511334	
457	106950	0.240553	-0.0263061	-0.00857507	-0.0511334	
458	106206	0.238975	-0.0263061	-0.0160397	-0.0511334	
459	105462	0.243645	-0.0263061	-0.0170591	-0.0511334	
460	104718	0.246604	-0.0263061	-0.0187691	-0.0511334	
461	103974	0.248478	-0.0263061	-0.0206763	-0.0511334	
462	103230	0.240257	-0.0263061	-0.0136063	-0.0511334	
463	102486	0.252984	-0.0263061	-0.0192952	-0.0511334	
464	101742	0.253214	-0.0263061	-0.00985754	-0.0511334	
465	100998	0.241573	-0.0263061	-0.0123567	-0.0511334	
466	100254	0.254957	-0.0263061	-0.0159739	-0.0511334	
467	99510	0.250813	-0.0263061	-0.0203475	-0.0511334	
468	98766	0.257127	-0.0263061	-0.0174866	-0.0511334	
469	98022	0.265216	-0.0263061	-0.0155136	-0.0511334	
470	97278	0.262421	-0.0263061	-0.0170262	-0.0511334	
471	96534	0.256897	-0.0263061	-0.0192623	-0.0511334	
472	95790	0.255351	-0.0263061	-0.00706241	-0.0511334	
473	95046	0.267584	-0.0263061	-0.0156451	-0.0511334	
474	94302	0.260021	-0.0263061	-0.0206763	-0.0511334	
475	93558	0.245749	-0.0263061	-0.0180456	-0.0511334	
476	92814	0.253871	-0.0263061	-0.0150203	-0.0511334	
477	92070	0.250156	-0.0263061	-0.0181114	-0.0511334	
478	91326	0.259133	-0.0263061	-0.0225836	-0.0511334	
479	90582	0.254628	-0.0263061	-0.0116004	-0.0511334	
480	89838	0.259396	-0.0263061	-0.0126527	-0.0511334	
481	89094	0.248413	-0.0263061	-0.00919987	-0.0511334	
482	88350	0.245782	-0.0263061	-0.017388	-0.0511334	
483	87606	0.251339	-0.0263061	-0.00966024	-0.0511334	
484	86862	0.253247	-0.0263061	-0.00824623	-0.0511334	
485	86118	0.256765	-0.0263061	-0.0155136	-0.0511334	
486	85374	0.254332	-0.0263061	-0.0116004	-0.0511334	
487	84630	0.252161	-0.0263061	-0.0152834	-0.0511334	
488	83886	0.26982	-0.0263061	-0.0146586	-0.0511334	
489	83142	0.259988	-0.0263061	-0.0133104	-0.0511334	
490	82398	0.252359	-0.0263061	-0.0162699	-0.0511334	
491	81654	0.246966	-0.0263061	-0.017651	-0.0511334	
492	80910	0.249728	-0.0263061	-0.00633897	-0.0511334	
493	80166	0.272089	-0.0263061	-0.00433305	-0.0511334	
494	79422	0.251767	-0.0263061	-0.0138694	-0.0511334	
495	78678	0.249465	-0.0263061	-0.00814758	-0.0511334	
496	77934	0.253312	-0.0263061	-0.0152505	-0.0511334	
497	77190	0.255779	-0.0263061	-0.0201173	-0.0511334	
498	76446	0.247656	-0.0263061	-0.00745702	-0.0511334	
499	75702	0.265512	-0.0263061	-0.0157109	-0.0511334	
500	74958	0.251241	-0.0263061	-0.0136721	-0.0511334	
501	74214	0.268373	-0.0263061	-0.0163357	-0.0511334	
502	73470	0.250254	-0.0263061	-0.0119621	-0.0511334	
503	72726	0.250978	-0.0263061	-0.00837777	-0.0511334	
504	71982	0.26127	-0.0263061	-0.013113	-0.0511334	
505	71238	0.260876	-0.0263061	-0.010022	-0.0511334	
506	70494	0.252753	-0.0263061	-0.0121923	-0.0511334	
507	69750	0.250517	-0.0263061	-0.0160068	-0.0511334	
508	69006	0.254496	-0.0263061	-0.0126198	-0.0511334	
509	68262	0.264592	-0.0263061	-0.00522092	-0.0511334	
510	67518	0.251701	-0.0263061	-0.0188348	-0.0511334	
511	66774	0.271826	-0.0263061	-0.0133432	-0.0511334	
512	66030	0.264888	-0.0263061	-0.0172235	-0.0511334	
513	65286	0.259922	-0.0263061	-0.0159739	-0.0511334	
514	64542	0.262619	-0.0263061	-0.0134419	-0.0511334	
515	63798	0.257817	-0.0263061	-0.0121594	-0.0511334	
516	63054	0.259166	-0.0263061	-0.0117977	-0.0511334	
517	62310	0.259001	-0.0263061	-0.0197227	-0.0511334	
518	61566	0.258212	-0.0263061	-0.0237345	-0.0511334	
519	60822	0.26788	-0.0263061	-0.0136721	-0.0511334	
520	60078	0.249958	-0.0263061	-0.016533	-0.0511334	
521	59334	0.278732	-0.0263061	-0.0100877	-0.0511334	
522	58590	0.262355	-0.0263061	-0.0151847	-0.0511334	
523	57846	0.261369	-0.0263061	-0.0144613	-0.0511334	
524	57102	0.256371	-0.0263061	-0.0161712	-0.0511334	
525	56358	0.267025	-0.0263061	-0.0192623	-0.0511334	
526	55614	0.27107	-0.0263061	-0.0144613	-0.0511334	
527	54870	0.255746	-0.0263061	-0.0178154	-0.0511334	
528	54126	0.274588	-0.0263061	-0.0127513	-0.0511334	
529	53382	0.264723	-0.0263061	-0.0144613	-0.0511334	
530	52638	0.270445	-0.0263061	-0.0123896	-0.0511334	
531	51894	0.273865	-0.0263061	-0.003215	-0.0511334	
532	51150	0.278074	-0.0263061	-0.00887103	-0.0511334	
533	50406	0.268571	-0.0263061	-0.0102193	-0.0511334	
534	49662	0.275082	-0.0263061	-0.0118963	-0.0511334	
535	48918	0.251208	-0.0263061	-0.0104823	-0.0511334	
536	48174	0.266367	-0.0263061	-0.0163357	-0.0511334	
537	47430	0.255088	-0.0263061	-0.0174866	-0.0511334	
538	46686	0.252326	-0.0263061	-0.0194268	-0.0511334	
539	45942	0.26321	-0.0263061	-0.0164672	-0.0511334	
540	45198	0.265545	-0.0263061	-0.0123567	-0.0511334	
541	44454	0.255549	-0.0263061	-0.0235372	-0.0511334	
542	43710	0.260744	-0.0263061	-0.0115017	-0.0511334	
543	42966	0.260876	-0.0263061	-0.0109756	-0.0511334	
544	42222	0.269689	-0.0263061	-0.0123896	-0.0511334	
545	41478	0.269787	-0.0263061	-0.00959447	-0.0511334	
546	40734	0.265151	-0.0263061	-0.00594436	-0.0511334	
547	39990	0.25693	-0.0263061	-0.0109098	-0.0511334	
548	39246	0.268044	-0.0263061	-0.00591148	-0.0511334	
549	38502	0.264592	-0.0263061	-0.00745702	-0.0511334	
550	37758	0.263967	-0.0263061	-0.00804893	-0.0511334	
551	37014	0.28669	-0.0263061	-0.00459612	-0.0511334	
552	36270	0.273536	-0.0263061	-0.00841065	-0.0511334	
553	35526	0.266269	-0.0263061	-0.0062732	-0.0511334	
554	34782	0.260514	-0.0263061	-0.00670069	-0.0511334	
555	34038	0.26446	-0.0263061	-0.00643762	-0.0511334	
556	33294	0.272977	-0.0263061	-0.010022	-0.0511334	
557	32550	0.263737	-0.0263061	-0.00762144	-0.0511334	
558	31806	0.264888	-0.0263061	-0.0153163	-0.0511334	
559	31062	0.271464	-0.0263061	-0.0177826	-0.0511334	
560	30318	0.252523	-0.0263061	-0.0171249	-0.0511334	
561	29574	0.25762	-0.0263061	-0.0173551	-0.0511334	
562	28830	0.27278	-0.0263061	-0.0133104	-0.0511334	
563	28086	0.274424	-0.0263061	-0.0134748	-0.0511334	
564	27342	0.272517	-0.0263061	-0.0142311	-0.0511334	
565	26598	0.280935	-0.0263061	-0.0120608	-0.0511334	
566	25854	0.272221	-0.0263061	-0.00581283	-0.0511334	
567	25110	0.259856	-0.0263061	-0.0159739	-0.0511334	
568	24366	0.264394	-0.0263061	-0.00939717	-0.0511334	
569	23622	0.26788	-0.0263061	-0.015119	-0.0511334	
570	22878	0.264427	-0.0263061	-0.0191966	-0.0511334	
571	22134	0.276496	-0.0263061	-0.0148888	-0.0511334	
572	21390	0.26617	-0.0263061	-0.0187362	-0.0511334	
573	20646	0.255154	-0.0263061	-0.0135405	-0.0511334	
574	19902	0.271464	-0.0263061	-0.0118635	-0.0511334	
575	19158	0.267913	-0.0263061	-0.0135077	-0.0511334	
576	18414	0.274588	-0.0263061	-0.0182758	-0.0511334	
577	17670	0.276857	-0.0263061	-0.0214327	-0.0511334	
578	16926	0.272714	-0.0263061	-0.017092	-0.0511334	
579	16182	0.264822	-0.0263061	-0.00995619	-0.0511334	
580	15438	0.262092	-0.0263061	-0.0117977	-0.0511334	
581	14694	0.270017	-0.0263061	-0.0142969	-0.0511334	
582	13950	0.278633	-0.0263061	-0.0108441	-0.0511334	
583	13206	0.269524	-0.0263061	-0.0109427	-0.0511334	
584	12462	0.277219	-0.0263061	-0.0210052	-0.0511334	
585	11718	0.268275	-0.0263061	-0.00538534	-0.0511334	
586	10974	0.267847	-0.0263061	-0.0174866	-0.0511334	
587	10230	0.273372	-0.0263061	-0.0117319	-0.0511334	
588	9486	0.287578	-0.0263061	-0.00887103	-0.0511334	
589	8742	0.275213	-0.0263061	-0.00683223	-0.0511334	
590	7998	0.261139	-0.0263061	-0.00663492	-0.0511334	
591	7254	0.273602	-0.0263061	-0.00962736	-0.0511334	
592	6510	0.280803	-0.0263061	-0.00864084	-0.0511334	
593	5766	0.277942	-0.0263061	-0.00752279	-0.0511334	
594	5022	0.28133	-0.0263061	-0.00482631	-0.0511334	
595	4278	0.286755	-0.0263061	-0.013705	-0.0511334	
596	3534	0.272714	-0.0263061	-0.00716106	-0.0511334	
597	2790	0.268209	-0.0263061	-0.00581283	-0.0511334	
598	2046	0.278863	-0.0263061	-0.00265597	-0.0511334	
599	1302	0.273865	-0.0263061	-0.010022	-0.0511334	
600	558	0.304118	-0.0258786	-0.00630608	-0.0516069	
