# Filename	2016-09-27\17_delay.txt
# Date	2016-09-27
# Title	DL-Pro & DL-100 Locked delay scan.
# DL-Pro	365840.7 GHz
# DL-100	365824.8 GHz
# Static	-3000 mV Pulsed
# MWOn	On
# MWf	15931.6 MHz
# Attn	44 dB
# FixedAttn	6 dB
# B2	B2 = T2 + 2.050 us
# HP214B	HP 214B FIP at 5.5 on 100V setting ; Applied to Top ; Mesh & Vin of MCP @ +25V ; Vout of MCP @ +2025 V
# Oven	32 A
# Boxcar	Gate = 200 ns ; Amp = 25x ; Sensitivity = 5 mV
# Offset	+/- 30 mV IR/Oven offset.
# Bias	Top: 0 V ; Bot: -0.430 V ; IR: +0.045 V ; Oven: -0.045 V ; Vis: -0.005 V ; MW: +0.005 V
# Passes	4
i	step	norm	nbackground	signal	sbackground
0	0	0.276496	-0.0190519	-0.0129815	-0.0450696
1	744	0.275904	-0.0190519	-0.0144284	-0.0450696
2	1488	0.284158	-0.0190519	-0.0135734	-0.0450696
3	2232	0.273602	-0.0190519	-0.017651	-0.0450696
4	2976	0.260547	-0.0190519	-0.017092	-0.0450696
5	3720	0.2542	-0.0190519	-0.0209723	-0.0450696
6	4464	0.272221	-0.0190519	-0.025017	-0.0450696
7	5208	0.260843	-0.0190519	-0.0266941	-0.0450696
8	5952	0.278403	-0.0190519	-0.0256089	-0.0450696
9	6696	0.256042	-0.0190519	-0.0240634	-0.0450696
10	7440	0.25785	-0.0190519	-0.0214656	-0.0450696
11	8184	0.247295	-0.0190519	-0.0225836	-0.0450696
12	8928	0.260152	-0.0190519	-0.0220575	-0.0450696
13	9672	0.256864	-0.0190519	-0.0245566	-0.0450696
14	10416	0.264164	-0.0190519	-0.0225836	-0.0450696
15	11160	0.269721	-0.0190519	-0.0171906	-0.0450696
16	11904	0.286788	-0.0190519	-0.0225178	-0.0450696
17	12648	0.263441	-0.0190519	-0.0193939	-0.0450696
18	13392	0.277383	-0.0190519	-0.0179141	-0.0450696
19	14136	0.26423	-0.0190519	-0.0268914	-0.0450696
20	14880	0.247295	-0.0190519	-0.0164014	-0.0450696
21	15624	0.252951	-0.0190519	-0.0237345	-0.0450696
22	16368	0.255713	-0.0190519	-0.0186047	-0.0450696
23	17112	0.261829	-0.0190519	-0.0161055	-0.0450696
24	17856	0.278502	-0.0190519	-0.0239647	-0.0450696
25	18600	0.264624	-0.0190519	-0.0225836	-0.0450696
26	19344	0.251931	-0.0190519	-0.0246224	-0.0450696
27	20088	0.270379	-0.0190519	-0.0242278	-0.0450696
28	20832	0.261994	-0.0190519	-0.0188348	-0.0450696
29	21576	0.267157	-0.0190519	-0.0225836	-0.0450696
30	22320	0.252096	-0.0190519	-0.0207092	-0.0450696
31	23064	0.267485	-0.0190519	-0.0170591	-0.0450696
32	23808	0.261731	-0.0190519	-0.0240305	-0.0450696
33	24552	0.2737	-0.0190519	-0.0180456	-0.0450696
34	25296	0.258541	-0.0190519	-0.0208736	-0.0450696
35	26040	0.275542	-0.0190519	-0.0162699	-0.0450696
36	26784	0.251274	-0.0190519	-0.0239318	-0.0450696
37	27528	0.270346	-0.0190519	-0.0236688	-0.0450696
38	28272	0.258837	-0.0190519	-0.019361	-0.0450696
39	29016	0.255417	-0.0190519	-0.0173551	-0.0450696
40	29760	0.269557	-0.0190519	-0.0142311	-0.0450696
41	30504	0.261073	-0.0190519	-0.022748	-0.0450696
42	31248	0.264	-0.0190519	-0.0191637	-0.0450696
43	31992	0.248676	-0.0190519	-0.0231755	-0.0450696
44	32736	0.252655	-0.0190519	-0.0202488	-0.0450696
45	33480	0.292609	-0.0190519	-0.0173551	-0.0450696
46	34224	0.251767	-0.0190519	-0.0206435	-0.0450696
47	34968	0.285506	-0.0190519	-0.0115017	-0.0450696
48	35712	0.271925	-0.0190519	-0.016796	-0.0450696
49	36456	0.269491	-0.0190519	-0.013409	-0.0450696
50	37200	0.26104	-0.0190519	-0.0175853	-0.0450696
51	37944	0.251701	-0.0190519	-0.024162	-0.0450696
52	38688	0.250024	-0.0190519	-0.0177826	-0.0450696
53	39432	0.275476	-0.0190519	-0.0173551	-0.0450696
54	40176	0.266565	-0.0190519	-0.0246882	-0.0450696
55	40920	0.244499	-0.0190519	-0.0204462	-0.0450696
56	41664	0.267354	-0.0190519	-0.0219588	-0.0450696
57	42408	0.262816	-0.0190519	-0.0215313	-0.0450696
58	43152	0.26127	-0.0190519	-0.0162699	-0.0450696
59	43896	0.271497	-0.0190519	-0.0209394	-0.0450696
60	44640	0.267453	-0.0190519	-0.0255103	-0.0450696
61	45384	0.271004	-0.0190519	-0.0180127	-0.0450696
62	46128	0.275904	-0.0190519	-0.0153492	-0.0450696
63	46872	0.269426	-0.0190519	-0.0217615	-0.0450696
64	47616	0.280047	-0.0190519	-0.0212682	-0.0450696
65	48360	0.256995	-0.0190519	-0.0212682	-0.0450696
66	49104	0.262454	-0.0190519	-0.0172235	-0.0450696
67	49848	0.260646	-0.0190519	-0.0204462	-0.0450696
68	50592	0.27278	-0.0190519	-0.0225507	-0.0450696
69	51336	0.270379	-0.0190519	-0.0277793	-0.0450696
70	52080	0.263934	-0.0190519	-0.0212682	-0.0450696
71	52824	0.258936	-0.0190519	-0.0257405	-0.0450696
72	53568	0.271431	-0.0190519	-0.0201173	-0.0450696
73	54312	0.250813	-0.0190519	-0.0260693	-0.0450696
74	55056	0.260909	-0.0190519	-0.0266283	-0.0450696
75	55800	0.242921	-0.0190519	-0.0188677	-0.0450696
76	56544	0.26913	-0.0190519	-0.0104823	-0.0450696
77	57288	0.265249	-0.0190519	-0.0246553	-0.0450696
78	58032	0.288498	-0.0190519	-0.0268585	-0.0450696
79	58776	0.260909	-0.0190519	-0.0235372	-0.0450696
80	59520	0.276167	-0.0190519	-0.0198871	-0.0450696
81	60264	0.261698	-0.0190519	-0.0154807	-0.0450696
82	61008	0.257982	-0.0190519	-0.0142311	-0.0450696
83	61752	0.268768	-0.0190519	-0.0175853	-0.0450696
84	62496	0.267321	-0.0190519	-0.0171906	-0.0450696
85	63240	0.276759	-0.0190519	-0.0196241	-0.0450696
86	63984	0.293332	-0.0190519	-0.013409	-0.0450696
87	64728	0.261566	-0.0190519	-0.0221232	-0.0450696
88	65472	0.265052	-0.0190519	-0.0186375	-0.0450696
89	66216	0.25443	-0.0190519	-0.0177497	-0.0450696
90	66960	0.265578	-0.0190519	-0.0160068	-0.0450696
91	67704	0.281889	-0.0190519	-0.0219917	-0.0450696
92	68448	0.260119	-0.0190519	-0.0179799	-0.0450696
93	69192	0.264657	-0.0190519	-0.0152505	-0.0450696
94	69936	0.275706	-0.0190519	-0.0173222	-0.0450696
95	70680	0.284486	-0.0190519	-0.0150861	-0.0450696
96	71424	0.258607	-0.0190519	-0.00992331	-0.0450696
97	72168	0.268176	-0.0190519	-0.0177497	-0.0450696
98	72912	0.251339	-0.0190519	-0.0177826	-0.0450696
99	73656	0.280409	-0.0190519	-0.0144284	-0.0450696
100	74400	0.281658	-0.0190519	-0.0143298	-0.0450696
101	75144	0.253148	-0.0190519	-0.0160397	-0.0450696
102	75888	0.26617	-0.0190519	-0.0179141	-0.0450696
103	76632	0.260613	-0.0190519	-0.0171249	-0.0450696
104	77376	0.261796	-0.0190519	-0.0160068	-0.0450696
105	78120	0.255812	-0.0190519	-0.0201502	-0.0450696
106	78864	0.26959	-0.0190519	-0.0195254	-0.0450696
107	79608	0.240389	-0.0190519	-0.0207092	-0.0450696
108	80352	0.259264	-0.0190519	-0.0138694	-0.0450696
109	81096	0.260711	-0.0190519	-0.0171578	-0.0450696
110	81840	0.264131	-0.0190519	-0.0185389	-0.0450696
111	82584	0.278699	-0.0190519	-0.0198871	-0.0450696
112	83328	0.254891	-0.0190519	-0.0206763	-0.0450696
113	84072	0.260744	-0.0190519	-0.0172564	-0.0450696
114	84816	0.255779	-0.0190519	-0.0228138	-0.0450696
115	85560	0.264065	-0.0190519	-0.0248855	-0.0450696
116	86304	0.258278	-0.0190519	-0.0219588	-0.0450696
117	87048	0.256469	-0.0190519	-0.0256089	-0.0450696
118	87792	0.258377	-0.0190519	-0.0257733	-0.0450696
119	88536	0.240882	-0.0190519	-0.020216	-0.0450696
120	89280	0.257456	-0.0190519	-0.0212682	-0.0450696
121	90024	0.244664	-0.0190519	-0.0257733	-0.0450696
122	90768	0.257258	-0.0190519	-0.0264968	-0.0450696
123	91512	0.258705	-0.0190519	-0.0241949	-0.0450696
124	92256	0.249432	-0.0190519	-0.0195912	-0.0450696
125	93000	0.258607	-0.0190519	-0.0220246	-0.0450696
126	93744	0.244368	-0.0190519	-0.0211696	-0.0450696
127	94488	0.239435	-0.0190519	-0.0224192	-0.0450696
128	95232	0.248939	-0.0190519	-0.0234386	-0.0450696
129	95976	0.234864	-0.0190519	-0.0209394	-0.0450696
130	96720	0.221875	-0.0190519	-0.025313	-0.0450696
131	97464	0.237725	-0.0190519	-0.0214656	-0.0450696
132	98208	0.249564	-0.0190519	-0.0159082	-0.0450696
133	98952	0.237758	-0.0190519	-0.0252472	-0.0450696
134	99696	0.234766	-0.0190519	-0.0169276	-0.0450696
135	100440	0.239205	-0.0190519	-0.0215313	-0.0450696
136	101184	0.249235	-0.0190519	-0.0195912	-0.0450696
137	101928	0.251076	-0.0190519	-0.0271873	-0.0450696
138	102672	0.249103	-0.0190519	-0.0218273	-0.0450696
139	103416	0.263737	-0.0190519	-0.024162	-0.0450696
140	104160	0.261599	-0.0190519	-0.0202488	-0.0450696
141	104904	0.25545	-0.0190519	-0.0262666	-0.0450696
142	105648	0.249169	-0.0190519	-0.0192623	-0.0450696
143	106392	0.238811	-0.0190519	-0.0155136	-0.0450696
144	107136	0.24394	-0.0190519	-0.0170262	-0.0450696
145	107880	0.249465	-0.0190519	-0.0189335	-0.0450696
146	108624	0.252655	-0.0190519	-0.0174208	-0.0450696
147	109368	0.249169	-0.0190519	-0.0170262	-0.0450696
148	110112	0.254694	-0.0190519	-0.0246224	-0.0450696
149	110856	0.252951	-0.0190519	-0.0213011	-0.0450696
150	111600	0.240323	-0.0190519	-0.0173222	-0.0450696
151	111042	0.24131	-0.0190519	-0.0180127	-0.0450696
152	110298	0.23687	-0.0190519	-0.0223205	-0.0450696
153	109554	0.244105	-0.0190519	-0.0160726	-0.0450696
154	108810	0.253871	-0.0190519	-0.0218273	-0.0450696
155	108066	0.262257	-0.0190519	-0.0168947	-0.0450696
156	107322	0.243118	-0.0190519	-0.0193939	-0.0450696
157	106578	0.25351	-0.0190519	-0.0203475	-0.0450696
158	105834	0.23618	-0.0190519	-0.0130802	-0.0450696
159	105090	0.250846	-0.0190519	-0.0146586	-0.0450696
160	104346	0.246538	-0.0190519	-0.0197556	-0.0450696
161	103602	0.245354	-0.0190519	-0.0220903	-0.0450696
162	102858	0.251504	-0.0190519	-0.0248526	-0.0450696
163	102114	0.248906	-0.0190519	-0.0312978	-0.0450696
164	101370	0.233746	-0.0190519	-0.0150203	-0.0450696
165	100626	0.228617	-0.0190519	-0.0172564	-0.0450696
166	99882	0.221415	-0.0190519	-0.0209065	-0.0450696
167	99138	0.246505	-0.0190519	-0.0208736	-0.0450696
168	98394	0.235555	-0.0190519	-0.0226494	-0.0450696
169	97650	0.24542	-0.0190519	-0.0196241	-0.0450696
170	96906	0.241376	-0.0190519	-0.0199529	-0.0450696
171	96162	0.238547	-0.0190519	-0.0240634	-0.0450696
172	95418	0.249531	-0.0190519	-0.0150203	-0.0450696
173	94674	0.241639	-0.0190519	-0.0232742	-0.0450696
174	93930	0.241408	-0.0190519	-0.024162	-0.0450696
175	93186	0.242198	-0.0190519	-0.0229782	-0.0450696
176	92442	0.241178	-0.0190519	-0.0223863	-0.0450696
177	91698	0.230951	-0.0190519	-0.0205119	-0.0450696
178	90954	0.25397	-0.0190519	-0.0189006	-0.0450696
179	90210	0.244204	-0.0190519	-0.0149545	-0.0450696
180	89466	0.215594	-0.0190519	-0.0222219	-0.0450696
181	88722	0.231938	-0.0190519	-0.0270558	-0.0450696
182	87978	0.235588	-0.0190519	-0.0226165	-0.0450696
183	87234	0.210202	-0.0190519	-0.0220246	-0.0450696
184	86490	0.216976	-0.0190519	-0.0300811	-0.0450696
185	85746	0.224375	-0.0190519	-0.0222548	-0.0450696
186	85002	0.231971	-0.0190519	-0.0282067	-0.0450696
187	84258	0.238778	-0.0190519	-0.0257405	-0.0450696
188	83514	0.235687	-0.0190519	-0.0206763	-0.0450696
189	82770	0.234799	-0.0190519	-0.0268914	-0.0450696
190	82026	0.22638	-0.0190519	-0.0219917	-0.0450696
191	81282	0.233714	-0.0190519	-0.0205119	-0.0450696
192	80538	0.23059	-0.0190519	-0.0276148	-0.0450696
193	79794	0.232135	-0.0190519	-0.0227151	-0.0450696
194	79050	0.24006	-0.0190519	-0.0183416	-0.0450696
195	78306	0.235456	-0.0190519	-0.0219917	-0.0450696
196	77562	0.23447	-0.0190519	-0.0173222	-0.0450696
197	76818	0.242987	-0.0190519	-0.0193281	-0.0450696
198	76074	0.238416	-0.0190519	-0.0260364	-0.0450696
199	75330	0.227794	-0.0190519	-0.0203146	-0.0450696
200	74586	0.221481	-0.0190519	-0.0218273	-0.0450696
201	73842	0.242888	-0.0190519	-0.0210052	-0.0450696
202	73098	0.223585	-0.0190519	-0.017388	-0.0450696
203	72354	0.240981	-0.0190519	-0.0242278	-0.0450696
204	71610	0.251043	-0.0190519	-0.0147901	-0.0450696
205	70866	0.264394	-0.0190519	-0.0173222	-0.0450696
206	70122	0.244598	-0.0190519	-0.0121594	-0.0450696
207	69378	0.250024	-0.0190519	-0.0211038	-0.0450696
208	68634	0.255647	-0.0190519	-0.0156122	-0.0450696
209	67890	0.267617	-0.0190519	-0.0160068	-0.0450696
210	67146	0.257456	-0.0190519	-0.0175524	-0.0450696
211	66402	0.249629	-0.0190519	-0.0106796	-0.0450696
212	65658	0.249268	-0.0190519	-0.0187691	-0.0450696
213	64914	0.249827	-0.0190519	-0.0167303	-0.0450696
214	64170	0.252096	-0.0190519	-0.0190979	-0.0450696
215	63426	0.257423	-0.0190519	-0.0169933	-0.0450696
216	62682	0.252885	-0.0190519	-0.0152505	-0.0450696
217	61938	0.261566	-0.0190519	-0.020479	-0.0450696
218	61194	0.260613	-0.0190519	-0.0222548	-0.0450696
219	60450	0.247262	-0.0190519	-0.0158424	-0.0450696
220	59706	0.238416	-0.0190519	-0.0202817	-0.0450696
221	58962	0.255779	-0.0190519	-0.0178483	-0.0450696
222	58218	0.232924	-0.0190519	-0.0166316	-0.0450696
223	57474	0.249498	-0.0190519	-0.022485	-0.0450696
224	56730	0.258837	-0.0190519	-0.0211696	-0.0450696
225	55986	0.256798	-0.0190519	-0.0193939	-0.0450696
226	55242	0.232924	-0.0190519	-0.0178812	-0.0450696
227	54498	0.245059	-0.0190519	-0.022748	-0.0450696
228	53754	0.259363	-0.0190519	-0.0174866	-0.0450696
229	53010	0.268636	-0.0190519	-0.0206106	-0.0450696
230	52266	0.26594	-0.0190519	-0.0170591	-0.0450696
231	51522	0.269721	-0.0190519	-0.0152505	-0.0450696
232	50778	0.261665	-0.0190519	-0.0206763	-0.0450696
233	50034	0.255614	-0.0190519	-0.0237674	-0.0450696
234	49290	0.258344	-0.0190519	-0.0202817	-0.0450696
235	48546	0.260448	-0.0190519	-0.0249841	-0.0450696
236	47802	0.253773	-0.0190519	-0.0195254	-0.0450696
237	47058	0.269919	-0.0190519	-0.0168947	-0.0450696
238	46314	0.264098	-0.0190519	-0.0123896	-0.0450696
239	45570	0.279126	-0.0190519	-0.0211696	-0.0450696
240	44826	0.250747	-0.0190519	-0.0159739	-0.0450696
241	44082	0.267485	-0.0190519	-0.0175524	-0.0450696
242	43338	0.267485	-0.0190519	-0.0132775	-0.0450696
243	42594	0.259725	-0.0190519	-0.0181114	-0.0450696
244	41850	0.272221	-0.0190519	-0.0172564	-0.0450696
245	41106	0.269623	-0.0190519	-0.0201502	-0.0450696
246	40362	0.256963	-0.0190519	-0.0175524	-0.0450696
247	39618	0.27107	-0.0190519	-0.0142969	-0.0450696
248	38874	0.259823	-0.0190519	-0.0220575	-0.0450696
249	38130	0.25397	-0.0190519	-0.0187033	-0.0450696
250	37386	0.272681	-0.0190519	-0.0162699	-0.0450696
251	36642	0.251931	-0.0190519	-0.0177168	-0.0450696
252	35898	0.26104	-0.0190519	-0.00531957	-0.0450696
253	35154	0.276956	-0.0190519	-0.0163357	-0.0450696
254	34410	0.260876	-0.0190519	-0.0120608	-0.0450696
255	33666	0.270938	-0.0190519	-0.0194268	-0.0450696
256	32922	0.278469	-0.0190519	-0.0124554	-0.0450696
257	32178	0.261435	-0.0190519	-0.019065	-0.0450696
258	31434	0.271333	-0.0190519	-0.0168289	-0.0450696
259	30690	0.284026	-0.0190519	-0.0135405	-0.0450696
260	29946	0.282119	-0.0190519	-0.0150203	-0.0450696
261	29202	0.283237	-0.0190519	-0.0113702	-0.0450696
262	28458	0.26663	-0.0190519	-0.0235372	-0.0450696
263	27714	0.273339	-0.0190519	-0.0190979	-0.0450696
264	26970	0.274259	-0.0190519	-0.0178154	-0.0450696
265	26226	0.272254	-0.0190519	-0.0154149	-0.0450696
266	25482	0.260481	-0.0190519	-0.018506	-0.0450696
267	24738	0.242428	-0.0190519	-0.0235372	-0.0450696
268	23994	0.266893	-0.0190519	-0.0208408	-0.0450696
269	23250	0.255844	-0.0190519	-0.0216957	-0.0450696
270	22506	0.277975	-0.0190519	-0.0197227	-0.0450696
271	21762	0.266499	-0.0190519	-0.0228467	-0.0450696
272	21018	0.254759	-0.0190519	-0.0183087	-0.0450696
273	20274	0.263506	-0.0190519	-0.0236688	-0.0450696
274	19530	0.255253	-0.0190519	-0.0264639	-0.0450696
275	18786	0.267946	-0.0190519	-0.0246882	-0.0450696
276	18042	0.255779	-0.0190519	-0.0290946	-0.0450696
277	17298	0.247985	-0.0190519	-0.0267927	-0.0450696
278	16554	0.263737	-0.0190519	-0.0217944	-0.0450696
279	15810	0.25739	-0.0190519	-0.0222219	-0.0450696
280	15066	0.250945	-0.0190519	-0.0153492	-0.0450696
281	14322	0.278534	-0.0190519	-0.017092	-0.0450696
282	13578	0.254891	-0.0190519	-0.0178483	-0.0450696
283	12834	0.242461	-0.0190519	-0.0161384	-0.0450696
284	12090	0.240126	-0.0190519	-0.0277793	-0.0450696
285	11346	0.264559	-0.0190519	-0.0187691	-0.0450696
286	10602	0.273898	-0.0190519	-0.0183087	-0.0450696
287	9858	0.261533	-0.0190519	-0.0188348	-0.0450696
288	9114	0.266334	-0.0190519	-0.0198871	-0.0450696
289	8370	0.255713	-0.0190519	-0.0214656	-0.0450696
290	7626	0.251833	-0.0190519	-0.0174537	-0.0450696
291	6882	0.241441	-0.0190519	-0.0196241	-0.0450696
292	6138	0.246473	-0.0190519	-0.0244251	-0.0450696
293	5394	0.238416	-0.0190519	-0.0135405	-0.0450696
294	4650	0.266006	-0.0190519	-0.0160068	-0.0450696
295	3906	0.249794	-0.0190519	-0.0180456	-0.0450696
296	3162	0.249629	-0.0190519	-0.017388	-0.0450696
297	2418	0.227696	-0.0190519	-0.0246553	-0.0450696
298	1674	0.230359	-0.0190519	-0.0217615	-0.0450696
299	930	0.241474	-0.0190519	-0.0180785	-0.0450696
300	186	0.255154	-0.0190519	-0.0150203	-0.0450696
301	372	0.244138	-0.0190519	-0.0213998	-0.0450696
302	1116	0.253345	-0.0190519	-0.0219917	-0.0450696
303	1860	0.255812	-0.0190519	-0.0209394	-0.0450696
304	2604	0.263474	-0.0190519	-0.0189006	-0.0450696
305	3348	0.241573	-0.0190519	-0.0181114	-0.0450696
306	4092	0.241376	-0.0190519	-0.0241291	-0.0450696
307	4836	0.231313	-0.0190519	-0.0164343	-0.0450696
308	5580	0.24838	-0.0190519	-0.0237017	-0.0450696
309	6324	0.241474	-0.0190519	-0.0205777	-0.0450696
310	7068	0.240586	-0.0190519	-0.0194596	-0.0450696
311	7812	0.241178	-0.0190519	-0.0252143	-0.0450696
312	8556	0.247229	-0.0190519	-0.0165001	-0.0450696
313	9300	0.263934	-0.0190519	-0.0242936	-0.0450696
314	10044	0.246538	-0.0190519	-0.0232742	-0.0450696
315	10788	0.262487	-0.0190519	-0.0201502	-0.0450696
316	11532	0.253214	-0.0190519	-0.0204462	-0.0450696
317	12276	0.27666	-0.0190519	-0.0252143	-0.0450696
318	13020	0.257982	-0.0190519	-0.0255103	-0.0450696
319	13764	0.252819	-0.0190519	-0.0225836	-0.0450696
320	14508	0.24108	-0.0190519	-0.0226823	-0.0450696
321	15252	0.245979	-0.0190519	-0.0238003	-0.0450696
322	15996	0.224736	-0.0190519	-0.0295221	-0.0450696
323	16740	0.238778	-0.0190519	-0.0147244	-0.0450696
324	17484	0.243645	-0.0190519	-0.0222548	-0.0450696
325	18228	0.26275	-0.0190519	-0.0246553	-0.0450696
326	18972	0.244697	-0.0190519	-0.0204462	-0.0450696
327	19716	0.261007	-0.0190519	-0.0247868	-0.0450696
328	20460	0.282448	-0.0190519	-0.0187033	-0.0450696
329	21204	0.251767	-0.0190519	-0.0197556	-0.0450696
330	21948	0.27084	-0.0190519	-0.0166974	-0.0450696
331	22692	0.259988	-0.0190519	-0.0195254	-0.0450696
332	23436	0.253247	-0.0190519	-0.0162699	-0.0450696
333	24180	0.27255	-0.0190519	-0.0174208	-0.0450696
334	24924	0.271892	-0.0190519	-0.014823	-0.0450696
335	25668	0.247459	-0.0190519	-0.0203475	-0.0450696
336	26412	0.252194	-0.0190519	-0.0197227	-0.0450696
337	27156	0.258541	-0.0190519	-0.0170262	-0.0450696
338	27900	0.271596	-0.0190519	-0.0219917	-0.0450696
339	28644	0.263572	-0.0190519	-0.0195583	-0.0450696
340	29388	0.252885	-0.0190519	-0.0222548	-0.0450696
341	30132	0.277022	-0.0190519	-0.0263652	-0.0450696
342	30876	0.258771	-0.0190519	-0.026431	-0.0450696
343	31620	0.254957	-0.0190519	-0.013968	-0.0450696
344	32364	0.248577	-0.0190519	-0.0152176	-0.0450696
345	33108	0.257028	-0.0190519	-0.0209065	-0.0450696
346	33852	0.244138	-0.0190519	-0.0197227	-0.0450696
347	34596	0.262684	-0.0190519	-0.0121594	-0.0450696
348	35340	0.250747	-0.0190519	-0.0158424	-0.0450696
349	36084	0.260481	-0.0190519	-0.0141982	-0.0450696
350	36828	0.265118	-0.0190519	-0.0195912	-0.0450696
351	37572	0.252063	-0.0190519	-0.0189664	-0.0450696
352	38316	0.258048	-0.0190519	-0.0204133	-0.0450696
353	39060	0.262553	-0.0190519	-0.0165001	-0.0450696
354	39804	0.273668	-0.0190519	-0.020216	-0.0450696
355	40548	0.272977	-0.0190519	-0.0122581	-0.0450696
356	41292	0.277088	-0.0190519	-0.0130473	-0.0450696
357	42036	0.247985	-0.0190519	-0.0197227	-0.0450696
358	42780	0.248742	-0.0190519	-0.0219259	-0.0450696
359	43524	0.262783	-0.0190519	-0.0183745	-0.0450696
360	44268	0.25693	-0.0190519	-0.0201502	-0.0450696
361	45012	0.252227	-0.0190519	-0.0240305	-0.0450696
362	45756	0.263572	-0.0190519	-0.0207092	-0.0450696
363	46500	0.238087	-0.0190519	-0.0279437	-0.0450696
364	47244	0.240718	-0.0190519	-0.02163	-0.0450696
365	47988	0.248676	-0.0190519	-0.0236688	-0.0450696
366	48732	0.262257	-0.0190519	-0.0226165	-0.0450696
367	49476	0.249728	-0.0190519	-0.0202817	-0.0450696
368	50220	0.246736	-0.0190519	-0.0258062	-0.0450696
369	50964	0.240356	-0.0190519	-0.0259049	-0.0450696
370	51708	0.264624	-0.0190519	-0.0327447	-0.0450696
371	52452	0.267716	-0.0190519	-0.0223863	-0.0450696
372	53196	0.262257	-0.0190519	-0.0243264	-0.0450696
373	53940	0.234766	-0.0190519	-0.0207421	-0.0450696
374	54684	0.261632	-0.0190519	-0.0220246	-0.0450696
375	55428	0.243217	-0.0190519	-0.0260364	-0.0450696
376	56172	0.260481	-0.0190519	-0.0245566	-0.0450696
377	56916	0.254299	-0.0190519	-0.020775	-0.0450696
378	57660	0.259363	-0.0190519	-0.0147572	-0.0450696
379	58404	0.261468	-0.0190519	-0.0205119	-0.0450696
380	59148	0.241244	-0.0190519	-0.0220246	-0.0450696
381	59892	0.242	-0.0190519	-0.0207421	-0.0450696
382	60636	0.240619	-0.0190519	-0.0178812	-0.0450696
383	61380	0.25055	-0.0190519	-0.0143626	-0.0450696
384	62124	0.247196	-0.0190519	-0.0225178	-0.0450696
385	62868	0.232497	-0.0190519	-0.0159411	-0.0450696
386	63612	0.234207	-0.0190519	-0.0189335	-0.0450696
387	64356	0.245124	-0.0190519	-0.0228138	-0.0450696
388	65100	0.252425	-0.0190519	-0.0191966	-0.0450696
389	65844	0.236903	-0.0190519	-0.0240963	-0.0450696
390	66588	0.247492	-0.0190519	-0.0198214	-0.0450696
391	67332	0.23835	-0.0190519	-0.0189993	-0.0450696
392	68076	0.241869	-0.0190519	-0.0236359	-0.0450696
393	68820	0.228781	-0.0190519	-0.0227151	-0.0450696
394	69564	0.241671	-0.0190519	-0.0216629	-0.0450696
395	70308	0.243579	-0.0190519	-0.0260693	-0.0450696
396	71052	0.234371	-0.0190519	-0.0221232	-0.0450696
397	71796	0.233944	-0.0190519	-0.0242278	-0.0450696
398	72540	0.220461	-0.0190519	-0.0204133	-0.0450696
399	73284	0.229965	-0.0190519	-0.0286342	-0.0450696
400	74028	0.235292	-0.0190519	-0.024162	-0.0450696
401	74772	0.230129	-0.0190519	-0.0261679	-0.0450696
402	75516	0.23595	-0.0190519	-0.0220246	-0.0450696
403	76260	0.223059	-0.0190519	-0.0196241	-0.0450696
404	77004	0.2201	-0.0190519	-0.0218273	-0.0450696
405	77748	0.234371	-0.0190519	-0.0210709	-0.0450696
406	78492	0.202079	-0.0190519	-0.0248855	-0.0450696
407	79236	0.208788	-0.0190519	-0.0271216	-0.0450696
408	79980	0.1957	-0.0190519	-0.01992	-0.0450696
409	80724	0.22102	-0.0190519	-0.0189664	-0.0450696
410	81468	0.228189	-0.0190519	-0.017651	-0.0450696
411	82212	0.220987	-0.0190519	-0.0238661	-0.0450696
412	82956	0.234864	-0.0190519	-0.0208408	-0.0450696
413	83700	0.232924	-0.0190519	-0.0197885	-0.0450696
414	84444	0.226841	-0.0190519	-0.0270558	-0.0450696
415	85188	0.236015	-0.0190519	-0.0265297	-0.0450696
416	85932	0.23937	-0.0190519	-0.0213669	-0.0450696
417	86676	0.240948	-0.0190519	-0.020775	-0.0450696
418	87420	0.255549	-0.0190519	-0.0243593	-0.0450696
419	88164	0.22957	-0.0190519	-0.0281081	-0.0450696
420	88908	0.229702	-0.0190519	-0.0190321	-0.0450696
421	89652	0.227433	-0.0190519	-0.0263981	-0.0450696
422	90396	0.221053	-0.0190519	-0.0187691	-0.0450696
423	91140	0.23789	-0.0190519	-0.0183087	-0.0450696
424	91884	0.23447	-0.0190519	-0.0209394	-0.0450696
425	92628	0.246768	-0.0190519	-0.0219588	-0.0450696
426	93372	0.241112	-0.0190519	-0.0194596	-0.0450696
427	94116	0.233483	-0.0190519	-0.0217286	-0.0450696
428	94860	0.237693	-0.0190519	-0.0224192	-0.0450696
429	95604	0.236838	-0.0190519	-0.0247211	-0.0450696
430	96348	0.239238	-0.0190519	-0.0253458	-0.0450696
431	97092	0.226907	-0.0190519	-0.0174537	-0.0450696
432	97836	0.251471	-0.0190519	-0.021893	-0.0450696
433	98580	0.22957	-0.0190519	-0.0205448	-0.0450696
434	99324	0.244171	-0.0190519	-0.0212682	-0.0450696
435	100068	0.246407	-0.0190519	-0.023603	-0.0450696
436	100812	0.248511	-0.0190519	-0.0225836	-0.0450696
437	101556	0.217239	-0.0190519	-0.0283712	-0.0450696
438	102300	0.210497	-0.0190519	-0.0214984	-0.0450696
439	103044	0.22079	-0.0190519	-0.0196241	-0.0450696
440	103788	0.241145	-0.0190519	-0.0226823	-0.0450696
441	104532	0.233187	-0.0190519	-0.0149874	-0.0450696
442	105276	0.22546	-0.0190519	-0.0210052	-0.0450696
443	106020	0.22352	-0.0190519	-0.0139351	-0.0450696
444	106764	0.226841	-0.0190519	-0.0249184	-0.0450696
445	107508	0.218455	-0.0190519	-0.0251157	-0.0450696
446	108252	0.208196	-0.0190519	-0.024162	-0.0450696
447	108996	0.224966	-0.0190519	-0.0176181	-0.0450696
448	109740	0.228912	-0.0190519	-0.016533	-0.0450696
449	110484	0.212207	-0.0190519	-0.0254445	-0.0450696
450	111228	0.222829	-0.0190519	-0.0202488	-0.0450696
451	111414	0.246308	-0.0190519	-0.0191966	-0.0450696
452	110670	0.199744	-0.0190519	-0.0153163	-0.0450696
453	109926	0.210826	-0.0190519	-0.0233399	-0.0450696
454	109182	0.249399	-0.0190519	-0.0181443	-0.0450696
455	108438	0.239435	-0.0190519	-0.017092	-0.0450696
456	107694	0.255417	-0.0190519	-0.0201173	-0.0450696
457	106950	0.24986	-0.0190519	-0.023044	-0.0450696
458	106206	0.239238	-0.0190519	-0.0210052	-0.0450696
459	105462	0.227038	-0.0190519	-0.0238003	-0.0450696
460	104718	0.25522	-0.0190519	-0.0135734	-0.0450696
461	103974	0.24223	-0.0190519	-0.0177497	-0.0450696
462	103230	0.2396	-0.0190519	-0.0176839	-0.0450696
463	102486	0.231642	-0.0190519	-0.0225836	-0.0450696
464	101742	0.253707	-0.0190519	-0.0211367	-0.0450696
465	100998	0.250057	-0.0190519	-0.0196241	-0.0450696
466	100254	0.246933	-0.0190519	-0.0218602	-0.0450696
467	99510	0.261599	-0.0190519	-0.0138694	-0.0450696
468	98766	0.263079	-0.0190519	-0.0161384	-0.0450696
469	98022	0.239205	-0.0190519	-0.0211038	-0.0450696
470	97278	0.239041	-0.0190519	-0.0163686	-0.0450696
471	96534	0.241441	-0.0190519	-0.0198542	-0.0450696
472	95790	0.247952	-0.0190519	-0.0198542	-0.0450696
473	95046	0.248774	-0.0190519	-0.0209065	-0.0450696
474	94302	0.241244	-0.0190519	-0.0209723	-0.0450696
475	93558	0.22352	-0.0190519	-0.0226823	-0.0450696
476	92814	0.225723	-0.0190519	-0.0284698	-0.0450696
477	92070	0.223125	-0.0190519	-0.0209394	-0.0450696
478	91326	0.224868	-0.0190519	-0.0259706	-0.0450696
479	90582	0.239008	-0.0190519	-0.0214984	-0.0450696
480	89838	0.234108	-0.0190519	-0.0213011	-0.0450696
481	89094	0.230721	-0.0190519	-0.0240305	-0.0450696
482	88350	0.231543	-0.0190519	-0.0234715	-0.0450696
483	87606	0.22352	-0.0190519	-0.0273189	-0.0450696
484	86862	0.234996	-0.0190519	-0.0260035	-0.0450696
485	86118	0.222303	-0.0190519	-0.0233728	-0.0450696
486	85374	0.219639	-0.0190519	-0.0211038	-0.0450696
487	84630	0.246604	-0.0190519	-0.0281739	-0.0450696
488	83886	0.233483	-0.0190519	-0.0144284	-0.0450696
489	83142	0.245223	-0.0190519	-0.0259706	-0.0450696
490	82398	0.228617	-0.0190519	-0.0211038	-0.0450696
491	81654	0.224901	-0.0190519	-0.0243922	-0.0450696
492	80910	0.218061	-0.0190519	-0.015119	-0.0450696
493	80166	0.241507	-0.0190519	-0.0176839	-0.0450696
494	79422	0.214082	-0.0190519	-0.0216957	-0.0450696
495	78678	0.235095	-0.0190519	-0.0244909	-0.0450696
496	77934	0.248281	-0.0190519	-0.0181114	-0.0450696
497	77190	0.243908	-0.0190519	-0.0264639	-0.0450696
498	76446	0.238613	-0.0190519	-0.0210709	-0.0450696
499	75702	0.227827	-0.0190519	-0.017947	-0.0450696
500	74958	0.246177	-0.0190519	-0.0202817	-0.0450696
501	74214	0.240389	-0.0190519	-0.015119	-0.0450696
502	73470	0.251405	-0.0190519	-0.020216	-0.0450696
503	72726	0.238317	-0.0190519	-0.0142311	-0.0450696
504	71982	0.24736	-0.0190519	-0.0164014	-0.0450696
505	71238	0.241441	-0.0190519	-0.0186047	-0.0450696
506	70494	0.262257	-0.0190519	-0.0194268	-0.0450696
507	69750	0.251997	-0.0190519	-0.015678	-0.0450696
508	69006	0.239633	-0.0190519	-0.01285	-0.0450696
509	68262	0.263013	-0.0190519	-0.0150532	-0.0450696
510	67518	0.260317	-0.0190519	-0.0166974	-0.0450696
511	66774	0.253016	-0.0190519	-0.0224521	-0.0450696
512	66030	0.237758	-0.0190519	-0.0230769	-0.0450696
513	65286	0.245552	-0.0190519	-0.0251814	-0.0450696
514	64542	0.232102	-0.0190519	-0.025313	-0.0450696
515	63798	0.231675	-0.0190519	-0.024162	-0.0450696
516	63054	0.244894	-0.0190519	-0.0182758	-0.0450696
517	62310	0.228518	-0.0190519	-0.0212025	-0.0450696
518	61566	0.240356	-0.0190519	-0.0259049	-0.0450696
519	60822	0.238778	-0.0190519	-0.0107125	-0.0450696
520	60078	0.236344	-0.0190519	-0.0216629	-0.0450696
521	59334	0.245322	-0.0190519	-0.02163	-0.0450696
522	58590	0.22911	-0.0190519	-0.0198214	-0.0450696
523	57846	0.225821	-0.0190519	-0.0177168	-0.0450696
524	57102	0.254003	-0.0190519	-0.0184402	-0.0450696
525	56358	0.247689	-0.0190519	-0.0150532	-0.0450696
526	55614	0.263901	-0.0190519	-0.0176181	-0.0450696
527	54870	0.258179	-0.0190519	-0.0178154	-0.0450696
528	54126	0.258705	-0.0190519	-0.0271873	-0.0450696
529	53382	0.238416	-0.0190519	-0.0202488	-0.0450696
530	52638	0.255614	-0.0190519	-0.0229124	-0.0450696
531	51894	0.240389	-0.0190519	-0.0255432	-0.0450696
532	51150	0.250386	-0.0190519	-0.0286014	-0.0450696
533	50406	0.240323	-0.0190519	-0.0192952	-0.0450696
534	49662	0.259429	-0.0190519	-0.0231426	-0.0450696
535	48918	0.248084	-0.0190519	-0.0258391	-0.0450696
536	48174	0.249103	-0.0190519	-0.0131788	-0.0450696
537	47430	0.259527	-0.0190519	-0.0219588	-0.0450696
538	46686	0.254233	-0.0190519	-0.0244909	-0.0450696
539	45942	0.238087	-0.0190519	-0.0225178	-0.0450696
540	45198	0.260547	-0.0190519	-0.0198871	-0.0450696
541	44454	0.253247	-0.0190519	-0.0211696	-0.0450696
542	43710	0.240553	-0.0190519	-0.0203475	-0.0450696
543	42966	0.261139	-0.0190519	-0.020775	-0.0450696
544	42222	0.266696	-0.0190519	-0.0164672	-0.0450696
545	41478	0.227334	-0.0190519	-0.0188677	-0.0450696
546	40734	0.248873	-0.0190519	-0.0209065	-0.0450696
547	39990	0.22934	-0.0190519	-0.0225836	-0.0450696
548	39246	0.245716	-0.0190519	-0.023044	-0.0450696
549	38502	0.262027	-0.0190519	-0.0166645	-0.0450696
550	37758	0.238087	-0.0190519	-0.0176839	-0.0450696
551	37014	0.249235	-0.0190519	-0.0160397	-0.0450696
552	36270	0.217798	-0.0190519	-0.0233399	-0.0450696
553	35526	0.242	-0.0190519	-0.0184402	-0.0450696
554	34782	0.231609	-0.0190519	-0.0133761	-0.0450696
555	34038	0.229077	-0.0190519	-0.0200844	-0.0450696
556	33294	0.243414	-0.0190519	-0.0153492	-0.0450696
557	32550	0.246604	-0.0190519	-0.0184402	-0.0450696
558	31806	0.239304	-0.0190519	-0.0227809	-0.0450696
559	31062	0.233845	-0.0190519	-0.0226823	-0.0450696
560	30318	0.235588	-0.0190519	-0.0229453	-0.0450696
561	29574	0.216844	-0.0190519	-0.0269572	-0.0450696
562	28830	0.232004	-0.0190519	-0.0207421	-0.0450696
563	28086	0.228255	-0.0190519	-0.0245566	-0.0450696
564	27342	0.235193	-0.0190519	-0.0229124	-0.0450696
565	26598	0.256502	-0.0190519	-0.0246553	-0.0450696
566	25854	0.235259	-0.0190519	-0.0194268	-0.0450696
567	25110	0.234634	-0.0190519	-0.0166645	-0.0450696
568	24366	0.24644	-0.0190519	-0.0161384	-0.0450696
569	23622	0.224079	-0.0190519	-0.0238661	-0.0450696
570	22878	0.248742	-0.0190519	-0.0218602	-0.0450696
571	22134	0.24907	-0.0190519	-0.0192294	-0.0450696
572	21390	0.238383	-0.0190519	-0.0271545	-0.0450696
573	20646	0.247722	-0.0190519	-0.0212682	-0.0450696
574	19902	0.235851	-0.0190519	-0.0201831	-0.0450696
575	19158	0.237923	-0.0190519	-0.0184402	-0.0450696
576	18414	0.239698	-0.0190519	-0.0268256	-0.0450696
577	17670	0.239731	-0.0190519	-0.0222219	-0.0450696
578	16926	0.24325	-0.0190519	-0.0200187	-0.0450696
579	16182	0.236246	-0.0190519	-0.0247539	-0.0450696
580	15438	0.245059	-0.0190519	-0.0200844	-0.0450696
581	14694	0.252852	-0.0190519	-0.0204133	-0.0450696
582	13950	0.230425	-0.0190519	-0.0222548	-0.0450696
583	13206	0.260119	-0.0190519	-0.027286	-0.0450696
584	12462	0.246407	-0.0190519	-0.0242936	-0.0450696
585	11718	0.244006	-0.0190519	-0.0243922	-0.0450696
586	10974	0.254463	-0.0190519	-0.0168947	-0.0450696
587	10230	0.260678	-0.0190519	-0.0229782	-0.0450696
588	9486	0.256634	-0.0190519	-0.0171906	-0.0450696
589	8742	0.261731	-0.0190519	-0.0230769	-0.0450696
590	7998	0.231609	-0.0190519	-0.0164014	-0.0450696
591	7254	0.233549	-0.0190519	-0.0226823	-0.0450696
592	6510	0.242329	-0.0190519	-0.0185389	-0.0450696
593	5766	0.236048	-0.0190519	-0.0213011	-0.0450696
594	5022	0.245979	-0.0190519	-0.0200187	-0.0450696
595	4278	0.247985	-0.0190519	-0.0242607	-0.0450696
596	3534	0.263243	-0.0190519	-0.0222548	-0.0450696
597	2790	0.268275	-0.0190519	-0.0240634	-0.0450696
598	2046	0.240784	-0.0190519	-0.0248526	-0.0450696
599	1302	0.245124	-0.0190519	-0.0229782	-0.0450696
600	558	0.28567	-0.0232939	-0.0126198	-0.0465658
