# Filename	23_delay.txt
# Date	2016-09-27
# Title	DL-Pro & DL-100 Locked delay scan.
# DL-Pro	365840.7 GHz
# DL-100	365824.8 GHz
# Static	100 mV Pulsed
# MWOn	On
# MWf	15931.6 MHz
# Attn	44 dB
# FixedAttn	6 dB
# B2	B2 = T2 + 2.050 us
# HP214B	HP 214B FIP at 5.5 on 100V setting ; Applied to Top ; Mesh & Vin of MCP @ +25V ; Vout of MCP @ +2025 V
# Oven	32 A
# Boxcar	Gate = 200 ns ; Amp = 25x ; Sensitivity = 5 mV
# Offset	+/- 30 mV IR/Oven offset.
# Bias	Top: 0 V ; Bot: -0.430 V ; IR: +0.045 V ; Oven: -0.045 V ; Vis: -0.005 V ; MW: +0.005 V
# Passes	4
i, step, norm, nbackground, signal, sbackground
0	0	0.277482	-0.0249973	0.1298	-0.0499167	
1	744	0.284519	-0.0249973	0.128222	-0.0499167	
2	1488	0.273668	-0.0249973	0.124506	-0.0499167	
3	2232	0.281954	-0.0249973	0.114805	-0.0499167	
4	2976	0.250024	-0.0249973	0.111385	-0.0499167	
5	3720	0.255812	-0.0249973	0.121711	-0.0499167	
6	4464	0.264592	-0.0249973	0.0938582	-0.0499167	
7	5208	0.251109	-0.0249973	0.097311	-0.0499167	
8	5952	0.262915	-0.0249973	0.105861	-0.0499167	
9	6696	0.25545	-0.0249973	0.098166	-0.0499167	
10	7440	0.244467	-0.0249973	0.0945488	-0.0499167	
11	8184	0.2542	-0.0249973	0.109873	-0.0499167	
12	8928	0.243875	-0.0249973	0.10517	-0.0499167	
13	9672	0.243579	-0.0249973	0.109215	-0.0499167	
14	10416	0.261106	-0.0249973	0.0908329	-0.0499167	
15	11160	0.238942	-0.0249973	0.0939569	-0.0499167	
16	11904	0.26035	-0.0249973	0.102013	-0.0499167	
17	12648	0.243184	-0.0249973	0.101093	-0.0499167	
18	13392	0.268834	-0.0249973	0.095897	-0.0499167	
19	14136	0.25864	-0.0249973	0.103395	-0.0499167	
20	14880	0.256864	-0.0249973	0.10494	-0.0499167	
21	15624	0.241211	-0.0249973	0.100106	-0.0499167	
22	16368	0.241902	-0.0249973	0.0930032	-0.0499167	
23	17112	0.234404	-0.0249973	0.0883666	-0.0499167	
24	17856	0.257752	-0.0249973	0.102868	-0.0499167	
25	18600	0.266992	-0.0249973	0.104118	-0.0499167	
26	19344	0.265216	-0.0249973	0.0922798	-0.0499167	
27	20088	0.238054	-0.0249973	0.0932005	-0.0499167	
28	20832	0.24473	-0.0249973	0.0935294	-0.0499167	
29	21576	0.24519	-0.0249973	0.0959299	-0.0499167	
30	22320	0.24667	-0.0249973	0.102474	-0.0499167	
31	23064	0.249564	-0.0249973	0.0989223	-0.0499167	
32	23808	0.24279	-0.0249973	0.109642	-0.0499167	
33	24552	0.232727	-0.0249973	0.101323	-0.0499167	
34	25296	0.245749	-0.0249973	0.0951736	-0.0499167	
35	26040	0.245157	-0.0249973	0.101487	-0.0499167	
36	26784	0.226446	-0.0249973	0.0648875	-0.0499167	
37	27528	0.24667	-0.0249973	0.0898135	-0.0499167	
38	28272	0.233977	-0.0249973	0.0844863	-0.0499167	
39	29016	0.249235	-0.0249973	0.0997773	-0.0499167	
40	29760	0.233023	-0.0249973	0.105466	-0.0499167	
41	30504	0.225657	-0.0249973	0.0944501	-0.0499167	
42	31248	0.227959	-0.0249973	0.102572	-0.0499167	
43	31992	0.216581	-0.0249973	0.0956668	-0.0499167	
44	32736	0.24131	-0.0249973	0.100369	-0.0499167	
45	33480	0.224703	-0.0249973	0.104447	-0.0499167	
46	34224	0.229143	-0.0249973	0.0963245	-0.0499167	
47	34968	0.253806	-0.0249973	0.0972782	-0.0499167	
48	35712	0.250123	-0.0249973	0.105499	-0.0499167	
49	36456	0.265216	-0.0249973	0.104184	-0.0499167	
50	37200	0.249432	-0.0249973	0.101126	-0.0499167	
51	37944	0.249399	-0.0249973	0.0992183	-0.0499167	
52	38688	0.241967	-0.0249973	0.0947461	-0.0499167	
53	39432	0.260711	-0.0249973	0.105565	-0.0499167	
54	40176	0.247525	-0.0249973	0.0952393	-0.0499167	
55	40920	0.247097	-0.0249973	0.110103	-0.0499167	
56	41664	0.246801	-0.0249973	0.104809	-0.0499167	
57	42408	0.249301	-0.0249973	0.104151	-0.0499167	
58	43152	0.243612	-0.0249973	0.0907014	-0.0499167	
59	43896	0.258113	-0.0249973	0.0939569	-0.0499167	
60	44640	0.244236	-0.0249973	0.0978043	-0.0499167	
61	45384	0.250156	-0.0249973	0.0978372	-0.0499167	
62	46128	0.24496	-0.0249973	0.104085	-0.0499167	
63	46872	0.255844	-0.0249973	0.0971795	-0.0499167	
64	47616	0.231116	-0.0249973	0.101652	-0.0499167	
65	48360	0.25591	-0.0249973	0.108196	-0.0499167	
66	49104	0.233681	-0.0249973	0.106354	-0.0499167	
67	49848	0.243447	-0.0249973	0.0995143	-0.0499167	
68	50592	0.231971	-0.0249973	0.0962916	-0.0499167	
69	51336	0.226183	-0.0249973	0.105236	-0.0499167	
70	52080	0.24496	-0.0249973	0.0844534	-0.0499167	
71	52824	0.265249	-0.0249973	0.0965547	-0.0499167	
72	53568	0.229702	-0.0249973	0.0932663	-0.0499167	
73	54312	0.247985	-0.0249973	0.112438	-0.0499167	
74	55056	0.238054	-0.0249973	0.0911289	-0.0499167	
75	55800	0.232267	-0.0249973	0.0956997	-0.0499167	
76	56544	0.245289	-0.0249973	0.0938253	-0.0499167	
77	57288	0.24736	-0.0249973	0.111944	-0.0499167	
78	58032	0.241047	-0.0249973	0.105992	-0.0499167	
79	58776	0.239468	-0.0249973	0.0918852	-0.0499167	
80	59520	0.253411	-0.0249973	0.0991196	-0.0499167	
81	60264	0.251701	-0.0249973	0.0947461	-0.0499167	
82	61008	0.234207	-0.0249973	0.10129	-0.0499167	
83	61752	0.224243	-0.0249973	0.10004	-0.0499167	
84	62496	0.240093	-0.0249973	0.113325	-0.0499167	
85	63240	0.247163	-0.0249973	0.105006	-0.0499167	
86	63984	0.261994	-0.0249973	0.106321	-0.0499167	
87	64728	0.260119	-0.0249973	0.0980345	-0.0499167	
88	65472	0.248577	-0.0249973	0.10323	-0.0499167	
89	66216	0.229866	-0.0249973	0.104841	-0.0499167	
90	66960	0.268636	-0.0249973	0.105236	-0.0499167	
91	67704	0.252063	-0.0249973	0.101389	-0.0499167	
92	68448	0.233056	-0.0249973	0.110991	-0.0499167	
93	69192	0.259363	-0.0249973	0.104973	-0.0499167	
94	69936	0.26298	-0.0249973	0.109675	-0.0499167	
95	70680	0.248478	-0.0249973	0.101783	-0.0499167	
96	71424	0.241145	-0.0249973	0.104118	-0.0499167	
97	72168	0.254562	-0.0249973	0.101389	-0.0499167	
98	72912	0.248972	-0.0249973	0.0952722	-0.0499167	
99	73656	0.256831	-0.0249973	0.091951	-0.0499167	
100	74400	0.243283	-0.0249973	0.0909316	-0.0499167	
101	75144	0.254825	-0.0249973	0.10175	-0.0499167	
102	75888	0.242362	-0.0249973	0.0996129	-0.0499167	
103	76632	0.248084	-0.0249973	0.100336	-0.0499167	
104	77376	0.253543	-0.0249973	0.0993827	-0.0499167	
105	78120	0.245618	-0.0249973	0.0928059	-0.0499167	
106	78864	0.246078	-0.0249973	0.0935623	-0.0499167	
107	79608	0.263868	-0.0249973	0.107374	-0.0499167	
108	80352	0.240586	-0.0249973	0.0975741	-0.0499167	
109	81096	0.24542	-0.0249973	0.0983633	-0.0499167	
110	81840	0.254792	-0.0249973	0.113589	-0.0499167	
111	82584	0.258311	-0.0249973	0.117173	-0.0499167	
112	83328	0.242757	-0.0249973	0.109642	-0.0499167	
113	84072	0.240488	-0.0249973	0.100961	-0.0499167	
114	84816	0.240882	-0.0249973	0.102309	-0.0499167	
115	85560	0.245453	-0.0249973	0.108557	-0.0499167	
116	86304	0.245256	-0.0249973	0.103625	-0.0499167	
117	87048	0.242395	-0.0249973	0.119837	-0.0499167	
118	87792	0.235983	-0.0249973	0.0995143	-0.0499167	
119	88536	0.250451	-0.0249973	0.108294	-0.0499167	
120	89280	0.244401	-0.0249973	0.111122	-0.0499167	
121	90024	0.254134	-0.0249973	0.0983304	-0.0499167	
122	90768	0.236739	-0.0249973	0.103986	-0.0499167	
123	91512	0.242592	-0.0249973	0.0918194	-0.0499167	
124	92256	0.24815	-0.0249973	0.108327	-0.0499167	
125	93000	0.24302	-0.0249973	0.10619	-0.0499167	
126	93744	0.244532	-0.0249973	0.106519	-0.0499167	
127	94488	0.239764	-0.0249973	0.114904	-0.0499167	
128	95232	0.233746	-0.0249973	0.102145	-0.0499167	
129	95976	0.227564	-0.0249973	0.0985277	-0.0499167	
130	96720	0.224901	-0.0249973	0.0908658	-0.0499167	
131	97464	0.227137	-0.0249973	0.0854071	-0.0499167	
132	98208	0.238416	-0.0249973	0.107045	-0.0499167	
133	98952	0.222171	-0.0249973	0.0983304	-0.0499167	
134	99696	0.243973	-0.0249973	0.0971137	-0.0499167	
135	100440	0.229143	-0.0249973	0.0938911	-0.0499167	
136	101184	0.238975	-0.0249973	0.0936938	-0.0499167	
137	101928	0.224539	-0.0249973	0.0989552	-0.0499167	
138	102672	0.230228	-0.0249973	0.0946803	-0.0499167	
139	103416	0.237364	-0.0249973	0.100862	-0.0499167	
140	104160	0.231445	-0.0249973	0.100008	-0.0499167	
141	104904	0.246407	-0.0249973	0.112997	-0.0499167	
142	105648	0.23299	-0.0249973	0.111057	-0.0499167	
143	106392	0.243316	-0.0249973	0.100665	-0.0499167	
144	107136	0.219376	-0.0249973	0.091359	-0.0499167	
145	107880	0.222665	-0.0249973	0.0908329	-0.0499167	
146	108624	0.231872	-0.0249973	0.0929375	-0.0499167	
147	109368	0.242658	-0.0249973	0.102836	-0.0499167	
148	110112	0.245848	-0.0249973	0.0963245	-0.0499167	
149	110856	0.260974	-0.0249973	0.0934636	-0.0499167	
150	111600	0.254036	-0.0249973	0.102967	-0.0499167	
151	111042	0.265874	-0.0249973	0.105532	-0.0499167	
152	110298	0.227104	-0.0249973	0.0987579	-0.0499167	
153	109554	0.232004	-0.0249973	0.0962916	-0.0499167	
154	108810	0.254036	-0.0249973	0.0943844	-0.0499167	
155	108066	0.22352	-0.0249973	0.0927402	-0.0499167	
156	107322	0.246538	-0.0249973	0.10346	-0.0499167	
157	106578	0.251833	-0.0249973	0.0895504	-0.0499167	
158	105834	0.238383	-0.0249973	0.0903725	-0.0499167	
159	105090	0.241014	-0.0249973	0.0957984	-0.0499167	
160	104346	0.227597	-0.0249973	0.0801785	-0.0499167	
161	103602	0.23299	-0.0249973	0.0823817	-0.0499167	
162	102858	0.243677	-0.0249973	0.0923785	-0.0499167	
163	102114	0.22569	-0.0249973	0.0925429	-0.0499167	
164	101370	0.244302	-0.0249973	0.0901423	-0.0499167	
165	100626	0.257522	-0.0249973	0.0977714	-0.0499167	
166	99882	0.252918	-0.0249973	0.0951407	-0.0499167	
167	99138	0.234273	-0.0249973	0.0950749	-0.0499167	
168	98394	0.225197	-0.0249973	0.0917537	-0.0499167	
169	97650	0.240422	-0.0249973	0.0931019	-0.0499167	
170	96906	0.244565	-0.0249973	0.0980345	-0.0499167	
171	96162	0.254299	-0.0249973	0.0939569	-0.0499167	
172	95418	0.234536	-0.0249973	0.104414	-0.0499167	
173	94674	0.239567	-0.0249973	0.0975741	-0.0499167	
174	93930	0.243283	-0.0249973	0.0986922	-0.0499167	
175	93186	0.236706	-0.0249973	0.0956668	-0.0499167	
176	92442	0.221481	-0.0249973	0.0972124	-0.0499167	
177	91698	0.257587	-0.0249973	0.106683	-0.0499167	
178	90954	0.230327	-0.0249973	0.0898793	-0.0499167	
179	90210	0.266104	-0.0249973	0.106617	-0.0499167	
180	89466	0.241014	-0.0249973	0.107604	-0.0499167	
181	88722	0.243151	-0.0249973	0.106387	-0.0499167	
182	87978	0.243612	-0.0249973	0.0921154	-0.0499167	
183	87234	0.248248	-0.0249973	0.0982647	-0.0499167	
184	86490	0.246308	-0.0249973	0.103395	-0.0499167	
185	85746	0.233385	-0.0249973	0.105466	-0.0499167	
186	85002	0.254891	-0.0249973	0.104545	-0.0499167	
187	84258	0.25568	-0.0249973	0.102934	-0.0499167	
188	83514	0.240784	-0.0249973	0.109116	-0.0499167	
189	82770	0.22273	-0.0249973	0.0997116	-0.0499167	
190	82026	0.24473	-0.0249973	0.106091	-0.0499167	
191	81282	0.252852	-0.0249973	0.106058	-0.0499167	
192	80538	0.246834	-0.0249973	0.102934	-0.0499167	
193	79794	0.249597	-0.0249973	0.105532	-0.0499167	
194	79050	0.253871	-0.0249973	0.0972124	-0.0499167	
195	78306	0.260909	-0.0249973	0.103789	-0.0499167	
196	77562	0.25716	-0.0249973	0.105137	-0.0499167	
197	76818	0.264657	-0.0249973	0.104677	-0.0499167	
198	76074	0.247722	-0.0249973	0.101454	-0.0499167	
199	75330	0.24131	-0.0249973	0.0980016	-0.0499167	
200	74586	0.25226	-0.0249973	0.0959957	-0.0499167	
201	73842	0.253839	-0.0249973	0.0935294	-0.0499167	
202	73098	0.262915	-0.0249973	0.110267	-0.0499167	
203	72354	0.261961	-0.0249973	0.10494	-0.0499167	
204	71610	0.242066	-0.0249973	0.0973439	-0.0499167	
205	70866	0.265447	-0.0249973	0.109642	-0.0499167	
206	70122	0.245946	-0.0249973	0.107406	-0.0499167	
207	69378	0.242165	-0.0249973	0.0927073	-0.0499167	
208	68634	0.261599	-0.0249973	0.108524	-0.0499167	
209	67890	0.273931	-0.0249973	0.11007	-0.0499167	
210	67146	0.255779	-0.0249973	0.0947132	-0.0499167	
211	66402	0.266137	-0.0249973	0.110366	-0.0499167	
212	65658	0.256568	-0.0249973	0.09251	-0.0499167	
213	64914	0.253016	-0.0249973	0.109873	-0.0499167	
214	64170	0.256732	-0.0249973	0.0941542	-0.0499167	
215	63426	0.259297	-0.0249973	0.117929	-0.0499167	
216	62682	0.267124	-0.0249973	0.0940884	-0.0499167	
217	61938	0.258475	-0.0249973	0.104841	-0.0499167	
218	61194	0.26298	-0.0249973	0.105565	-0.0499167	
219	60450	0.253904	-0.0249973	0.111287	-0.0499167	
220	59706	0.262553	-0.0249973	0.120132	-0.0499167	
221	58962	0.236015	-0.0249973	0.0947461	-0.0499167	
222	58218	0.257094	-0.0249973	0.10859	-0.0499167	
223	57474	0.246933	-0.0249973	0.110432	-0.0499167	
224	56730	0.24884	-0.0249973	0.106519	-0.0499167	
225	55986	0.267584	-0.0249973	0.0978701	-0.0499167	
226	55242	0.261928	-0.0249973	0.103756	-0.0499167	
227	54498	0.246768	-0.0249973	0.111747	-0.0499167	
228	53754	0.253477	-0.0249973	0.10152	-0.0499167	
229	53010	0.263835	-0.0249973	0.101816	-0.0499167	
230	52266	0.265282	-0.0249973	0.111254	-0.0499167	
231	51522	0.230129	-0.0249973	0.10665	-0.0499167	
232	50778	0.263013	-0.0249973	0.113062	-0.0499167	
233	50034	0.267124	-0.0249973	0.109051	-0.0499167	
234	49290	0.244434	-0.0249973	0.109511	-0.0499167	
235	48546	0.246999	-0.0249973	0.0999417	-0.0499167	
236	47802	0.244467	-0.0249973	0.103427	-0.0499167	
237	47058	0.267946	-0.0249973	0.108492	-0.0499167	
238	46314	0.241178	-0.0249973	0.104348	-0.0499167	
239	45570	0.253871	-0.0249973	0.103592	-0.0499167	
240	44826	0.246505	-0.0249973	0.108459	-0.0499167	
241	44082	0.248544	-0.0249973	0.104085	-0.0499167	
242	43338	0.253082	-0.0249973	0.106946	-0.0499167	
243	42594	0.249892	-0.0249973	0.106025	-0.0499167	
244	41850	0.252819	-0.0249973	0.0957655	-0.0499167	
245	41106	0.255581	-0.0249973	0.1054	-0.0499167	
246	40362	0.260744	-0.0249973	0.10277	-0.0499167	
247	39618	0.250254	-0.0249973	0.114312	-0.0499167	
248	38874	0.2664	-0.0249973	0.103131	-0.0499167	
249	38130	0.262947	-0.0249973	0.109971	-0.0499167	
250	37386	0.25055	-0.0249973	0.11303	-0.0499167	
251	36642	0.240553	-0.0249973	0.104184	-0.0499167	
252	35898	0.246703	-0.0249973	0.113786	-0.0499167	
253	35154	0.23345	-0.0249973	0.0952065	-0.0499167	
254	34410	0.249268	-0.0249973	0.110037	-0.0499167	
255	33666	0.253674	-0.0249973	0.101389	-0.0499167	
256	32922	0.259034	-0.0249973	0.104809	-0.0499167	
257	32178	0.248709	-0.0249973	0.105927	-0.0499167	
258	31434	0.249235	-0.0249973	0.107867	-0.0499167	
259	30690	0.244927	-0.0249973	0.100008	-0.0499167	
260	29946	0.259889	-0.0249973	0.103197	-0.0499167	
261	29202	0.265907	-0.0249973	0.106617	-0.0499167	
262	28458	0.245322	-0.0249973	0.11303	-0.0499167	
263	27714	0.253575	-0.0249973	0.104874	-0.0499167	
264	26970	0.254924	-0.0249973	0.113556	-0.0499167	
265	26226	0.253181	-0.0249973	0.0933979	-0.0499167	
266	25482	0.269031	-0.0249973	0.120428	-0.0499167	
267	24738	0.22888	-0.0249973	0.104052	-0.0499167	
268	23994	0.232135	-0.0249973	0.0908329	-0.0499167	
269	23250	0.23835	-0.0249973	0.0971795	-0.0499167	
270	22506	0.251537	-0.0249973	0.115825	-0.0499167	
271	21762	0.235128	-0.0249973	0.103099	-0.0499167	
272	21018	0.266663	-0.0249973	0.097607	-0.0499167	
273	20274	0.251142	-0.0249973	0.102901	-0.0499167	
274	19530	0.259034	-0.0249973	0.112438	-0.0499167	
275	18786	0.245683	-0.0249973	0.0979029	-0.0499167	
276	18042	0.241376	-0.0249973	0.103033	-0.0499167	
277	17298	0.236969	-0.0249973	0.100238	-0.0499167	
278	16554	0.211583	-0.0249973	0.0962916	-0.0499167	
279	15810	0.240718	-0.0249973	0.0963574	-0.0499167	
280	15066	0.240619	-0.0249973	0.100764	-0.0499167	
281	14322	0.251471	-0.0249973	0.102671	-0.0499167	
282	13578	0.23641	-0.0249973	0.0905698	-0.0499167	
283	12834	0.23687	-0.0249973	0.0904383	-0.0499167	
284	12090	0.233319	-0.0249973	0.0880707	-0.0499167	
285	11346	0.24029	-0.0249973	0.0896162	-0.0499167	
286	10602	0.238482	-0.0249973	0.0803758	-0.0499167	
287	9858	0.247591	-0.0249973	0.103986	-0.0499167	
288	9114	0.25272	-0.0249973	0.091359	-0.0499167	
289	8370	0.255844	-0.0249973	0.0970808	-0.0499167	
290	7626	0.258837	-0.0249973	0.0975741	-0.0499167	
291	6882	0.232365	-0.0249973	0.0975083	-0.0499167	
292	6138	0.247755	-0.0249973	0.10004	-0.0499167	
293	5394	0.24006	-0.0249973	0.103427	-0.0499167	
294	4650	0.245322	-0.0249973	0.105729	-0.0499167	
295	3906	0.260876	-0.0249973	0.109412	-0.0499167	
296	3162	0.254924	-0.0249973	0.114279	-0.0499167	
297	2418	0.250484	-0.0249973	0.106255	-0.0499167	
298	1674	0.240192	-0.0249973	0.105959	-0.0499167	
299	930	0.244434	-0.0249973	0.0914577	-0.0499167	
300	186	0.25785	-0.0249973	0.108031	-0.0499167	
301	372	0.248676	-0.0249973	0.112602	-0.0499167	
302	1116	0.251833	-0.0249973	0.106979	-0.0499167	
303	1860	0.241507	-0.0249973	0.110267	-0.0499167	
304	2604	0.25887	-0.0249973	0.103625	-0.0499167	
305	3348	0.265677	-0.0249973	0.101389	-0.0499167	
306	4092	0.248478	-0.0249973	0.107505	-0.0499167	
307	4836	0.267321	-0.0249973	0.091359	-0.0499167	
308	5580	0.261632	-0.0249973	0.10083	-0.0499167	
309	6324	0.252951	-0.0249973	0.1054	-0.0499167	
310	7068	0.247591	-0.0249973	0.109347	-0.0499167	
311	7812	0.270215	-0.0249973	0.102605	-0.0499167	
312	8556	0.258377	-0.0249973	0.106519	-0.0499167	
313	9300	0.251076	-0.0249973	0.116877	-0.0499167	
314	10044	0.239501	-0.0249973	0.089682	-0.0499167	
315	10788	0.248413	-0.0249973	0.0952065	-0.0499167	
316	11532	0.232431	-0.0249973	0.108196	-0.0499167	
317	12276	0.227334	-0.0249973	0.0948776	-0.0499167	
318	13020	0.238087	-0.0249973	0.0960286	-0.0499167	
319	13764	0.234338	-0.0249973	0.112997	-0.0499167	
320	14508	0.256667	-0.0249973	0.112964	-0.0499167	
321	15252	0.22934	-0.0249973	0.101816	-0.0499167	
322	15996	0.233056	-0.0249973	0.0935294	-0.0499167	
323	16740	0.248051	-0.0249973	0.0940226	-0.0499167	
324	17484	0.21931	-0.0249973	0.0927731	-0.0499167	
325	18228	0.222106	-0.0249973	0.095042	-0.0499167	
326	18972	0.241178	-0.0249973	0.109379	-0.0499167	
327	19716	0.235555	-0.0249973	0.107965	-0.0499167	
328	20460	0.236607	-0.0249973	0.0999089	-0.0499167	
329	21204	0.252161	-0.0249973	0.0971466	-0.0499167	
330	21948	0.209906	-0.0249973	0.0908658	-0.0499167	
331	22692	0.228649	-0.0249973	0.0952393	-0.0499167	
332	23436	0.232135	-0.0249973	0.11349	-0.0499167	
333	24180	0.239435	-0.0249973	0.0912933	-0.0499167	
334	24924	0.248939	-0.0249973	0.0948776	-0.0499167	
335	25668	0.260974	-0.0249973	0.0952393	-0.0499167	
336	26412	0.245913	-0.0249973	0.0997444	-0.0499167	
337	27156	0.236936	-0.0249973	0.103855	-0.0499167	
338	27900	0.269557	-0.0249973	0.111517	-0.0499167	
339	28644	0.247196	-0.0249973	0.119212	-0.0499167	
340	29388	0.239041	-0.0249973	0.0900766	-0.0499167	
341	30132	0.262849	-0.0249973	0.0957984	-0.0499167	
342	30876	0.261073	-0.0249973	0.105203	-0.0499167	
343	31620	0.255943	-0.0249973	0.106847	-0.0499167	
344	32364	0.23937	-0.0249973	0.103493	-0.0499167	
345	33108	0.244763	-0.0249973	0.103197	-0.0499167	
346	33852	0.231214	-0.0249973	0.106091	-0.0499167	
347	34596	0.233977	-0.0249973	0.0952722	-0.0499167	
348	35340	0.248577	-0.0249973	0.107045	-0.0499167	
349	36084	0.253444	-0.0249973	0.101586	-0.0499167	
350	36828	0.258113	-0.0249973	0.0929375	-0.0499167	
351	37572	0.25591	-0.0249973	0.0963245	-0.0499167	
352	38316	0.242855	-0.0249973	0.0956997	-0.0499167	
353	39060	0.220461	-0.0249973	0.0914248	-0.0499167	
354	39804	0.236048	-0.0249973	0.0996458	-0.0499167	
355	40548	0.248018	-0.0249973	0.101422	-0.0499167	
356	41292	0.233352	-0.0249973	0.0914248	-0.0499167	
357	42036	0.249432	-0.0249973	0.10175	-0.0499167	
358	42780	0.245354	-0.0249973	0.0902739	-0.0499167	
359	43524	0.253312	-0.0249973	0.0964232	-0.0499167	
360	44268	0.233122	-0.0249973	0.0964561	-0.0499167	
361	45012	0.231642	-0.0249973	0.0897149	-0.0499167	
362	45756	0.211879	-0.0249973	0.0867882	-0.0499167	
363	46500	0.250353	-0.0249973	0.106584	-0.0499167	
364	47244	0.221711	-0.0249973	0.0959957	-0.0499167	
365	47988	0.257719	-0.0249973	0.104381	-0.0499167	
366	48732	0.243677	-0.0249973	0.0966534	-0.0499167	
367	49476	0.227959	-0.0249973	0.0951736	-0.0499167	
368	50220	0.230096	-0.0249973	0.0940555	-0.0499167	
369	50964	0.241902	-0.0249973	0.109577	-0.0499167	
370	51708	0.220626	-0.0249973	0.0969493	-0.0499167	
371	52452	0.239139	-0.0249973	0.0900766	-0.0499167	
372	53196	0.246571	-0.0249973	0.100731	-0.0499167	
373	53940	0.220165	-0.0249973	0.102572	-0.0499167	
374	54684	0.234634	-0.0249973	0.107801	-0.0499167	
375	55428	0.250747	-0.0249973	0.107933	-0.0499167	
376	56172	0.239994	-0.0249973	0.101586	-0.0499167	
377	56916	0.251043	-0.0249973	0.103362	-0.0499167	
378	57660	0.239929	-0.0249973	0.102112	-0.0499167	
379	58404	0.242198	-0.0249973	0.1054	-0.0499167	
380	59148	0.244631	-0.0249973	0.102704	-0.0499167	
381	59892	0.2469	-0.0249973	0.10882	-0.0499167	
382	60636	0.24473	-0.0249973	0.0969164	-0.0499167	
383	61380	0.246275	-0.0249973	0.0999417	-0.0499167	
384	62124	0.225394	-0.0249973	0.0985277	-0.0499167	
385	62868	0.227696	-0.0249973	0.0837629	-0.0499167	
386	63612	0.241178	-0.0249973	0.0929375	-0.0499167	
387	64356	0.226676	-0.0249973	0.101553	-0.0499167	
388	65100	0.232332	-0.0249973	0.0984949	-0.0499167	
389	65844	0.24644	-0.0249973	0.106091	-0.0499167	
390	66588	0.249958	-0.0249973	0.104874	-0.0499167	
391	67332	0.24542	-0.0249973	0.10425	-0.0499167	
392	68076	0.20882	-0.0249973	0.0882351	-0.0499167	
393	68820	0.228518	-0.0249973	0.10619	-0.0499167	
394	69564	0.237956	-0.0249973	0.089945	-0.0499167	
395	70308	0.236246	-0.0249973	0.105598	-0.0499167	
396	71052	0.244763	-0.0249973	0.0962916	-0.0499167	
397	71796	0.250484	-0.0249973	0.102178	-0.0499167	
398	72540	0.228945	-0.0249973	0.0870841	-0.0499167	
399	73284	0.220626	-0.0249973	0.0959957	-0.0499167	
400	74028	0.216811	-0.0249973	0.0862292	-0.0499167	
401	74772	0.226512	-0.0249973	0.0960943	-0.0499167	
402	75516	0.246834	-0.0249973	0.106782	-0.0499167	
403	76260	0.252885	-0.0249973	0.105039	-0.0499167	
404	77004	0.229044	-0.0249973	0.0947461	-0.0499167	
405	77748	0.226742	-0.0249973	0.0943186	-0.0499167	
406	78492	0.202211	-0.0249973	0.0827106	-0.0499167	
407	79236	0.21566	-0.0249973	0.0904383	-0.0499167	
408	79980	0.221612	-0.0249973	0.0867224	-0.0499167	
409	80724	0.228353	-0.0249973	0.0847165	-0.0499167	
410	81468	0.232628	-0.0249973	0.0860647	-0.0499167	
411	82212	0.237988	-0.0249973	0.0965876	-0.0499167	
412	82956	0.231017	-0.0249973	0.0892216	-0.0499167	
413	83700	0.247032	-0.0249973	0.0988895	-0.0499167	
414	84444	0.233746	-0.0249973	0.0897806	-0.0499167	
415	85188	0.22546	-0.0249973	0.0826448	-0.0499167	
416	85932	0.240356	-0.0249973	0.0863936	-0.0499167	
417	86676	0.23812	-0.0249973	0.0931677	-0.0499167	
418	87420	0.245749	-0.0249973	0.0919181	-0.0499167	
419	88164	0.252753	-0.0249973	0.112142	-0.0499167	
420	88908	0.22615	-0.0249973	0.103493	-0.0499167	
421	89652	0.247097	-0.0249973	0.109379	-0.0499167	
422	90396	0.240784	-0.0249973	0.0905698	-0.0499167	
423	91140	0.218653	-0.0249973	0.100402	-0.0499167	
424	91884	0.239534	-0.0249973	0.0968178	-0.0499167	
425	92628	0.241376	-0.0249973	0.0880378	-0.0499167	
426	93372	0.239534	-0.0249973	0.0965547	-0.0499167	
427	94116	0.227005	-0.0249973	0.0950749	-0.0499167	
428	94860	0.225295	-0.0249973	0.0987908	-0.0499167	
429	95604	0.234963	-0.0249973	0.0995471	-0.0499167	
430	96348	0.254134	-0.0249973	0.0907343	-0.0499167	
431	97092	0.225854	-0.0249973	0.08373	-0.0499167	
432	97836	0.245749	-0.0249973	0.0853413	-0.0499167	
433	98580	0.213819	-0.0249973	0.0815268	-0.0499167	
434	99324	0.224868	-0.0249973	0.0819543	-0.0499167	
435	100068	0.220067	-0.0249973	0.0867553	-0.0499167	
436	100812	0.218028	-0.0249973	0.0805402	-0.0499167	
437	101556	0.219738	-0.0249973	0.101389	-0.0499167	
438	102300	0.22888	-0.0249973	0.0959299	-0.0499167	
439	103044	0.231576	-0.0249973	0.0932334	-0.0499167	
440	103788	0.225394	-0.0249973	0.0827764	-0.0499167	
441	104532	0.236114	-0.0249973	0.0972453	-0.0499167	
442	105276	0.214937	-0.0249973	0.0791262	-0.0499167	
443	106020	0.23447	-0.0249973	0.0852426	-0.0499167	
444	106764	0.234996	-0.0249973	0.0875774	-0.0499167	
445	107508	0.23687	-0.0249973	0.0881693	-0.0499167	
446	108252	0.243809	-0.0249973	0.0980674	-0.0499167	
447	108996	0.238942	-0.0249973	0.0955353	-0.0499167	
448	109740	0.225427	-0.0249973	0.0956011	-0.0499167	
449	110484	0.236015	-0.0249973	0.0954367	-0.0499167	
450	111228	0.234963	-0.0249973	0.100369	-0.0499167	
451	111414	0.226249	-0.0249973	0.0911617	-0.0499167	
452	110670	0.256502	-0.0249973	0.102507	-0.0499167	
453	109926	0.238284	-0.0249973	0.0862292	-0.0499167	
454	109182	0.246703	-0.0249973	0.0965218	-0.0499167	
455	108438	0.247459	-0.0249973	0.0935623	-0.0499167	
456	107694	0.239139	-0.0249973	0.0949763	-0.0499167	
457	106950	0.249103	-0.0249973	0.107965	-0.0499167	
458	106206	0.249268	-0.0249973	0.104381	-0.0499167	
459	105462	0.261402	-0.0249973	0.101224	-0.0499167	
460	104718	0.243776	-0.0249973	0.101915	-0.0499167	
461	103974	0.244467	-0.0249973	0.0907014	-0.0499167	
462	103230	0.242592	-0.0249973	0.105795	-0.0499167	
463	102486	0.237101	-0.0249973	0.0990539	-0.0499167	
464	101742	0.236081	-0.0249973	0.105861	-0.0499167	
465	100998	0.2518	-0.0249973	0.103625	-0.0499167	
466	100254	0.248643	-0.0249973	0.104085	-0.0499167	
467	99510	0.228551	-0.0249973	0.0950749	-0.0499167	
468	98766	0.2518	-0.0249973	0.101981	-0.0499167	
469	98022	0.247229	-0.0249973	0.1103	-0.0499167	
470	97278	0.255483	-0.0249973	0.10642	-0.0499167	
471	96534	0.225821	-0.0249973	0.106584	-0.0499167	
472	95790	0.239501	-0.0249973	0.104184	-0.0499167	
473	95046	0.230557	-0.0249973	0.0979029	-0.0499167	
474	94302	0.237693	-0.0249973	0.0980345	-0.0499167	
475	93558	0.242822	-0.0249973	0.0928717	-0.0499167	
476	92814	0.244927	-0.0249973	0.0989881	-0.0499167	
477	92070	0.239633	-0.0249973	0.108853	-0.0499167	
478	91326	0.251537	-0.0249973	0.100731	-0.0499167	
479	90582	0.244072	-0.0249973	0.108031	-0.0499167	
480	89838	0.258607	-0.0249973	0.100271	-0.0499167	
481	89094	0.258113	-0.0249973	0.105664	-0.0499167	
482	88350	0.245256	-0.0249973	0.0895176	-0.0499167	
483	87606	0.250057	-0.0249973	0.0999417	-0.0499167	
484	86862	0.239731	-0.0249973	0.103921	-0.0499167	
485	86118	0.252622	-0.0249973	0.0978701	-0.0499167	
486	85374	0.247788	-0.0249973	0.0991854	-0.0499167	
487	84630	0.244006	-0.0249973	0.0997773	-0.0499167	
488	83886	0.242724	-0.0249973	0.097048	-0.0499167	
489	83142	0.25762	-0.0249973	0.104282	-0.0499167	
490	82398	0.253444	-0.0249973	0.107143	-0.0499167	
491	81654	0.245979	-0.0249973	0.0971795	-0.0499167	
492	80910	0.245387	-0.0249973	0.0950749	-0.0499167	
493	80166	0.245848	-0.0249973	0.0890572	-0.0499167	
494	79422	0.237857	-0.0249973	0.102474	-0.0499167	
495	78678	0.242724	-0.0249973	0.0958313	-0.0499167	
496	77934	0.247755	-0.0249973	0.100895	-0.0499167	
497	77190	0.246637	-0.0249973	0.0989552	-0.0499167	
498	76446	0.245289	-0.0249973	0.112043	-0.0499167	
499	75702	0.241474	-0.0249973	0.0972124	-0.0499167	
500	74958	0.244532	-0.0249973	0.0983633	-0.0499167	
501	74214	0.239994	-0.0249973	0.090537	-0.0499167	
502	73470	0.24519	-0.0249973	0.102211	-0.0499167	
503	72726	0.255022	-0.0249973	0.0917208	-0.0499167	
504	71982	0.255713	-0.0249973	0.0938911	-0.0499167	
505	71238	0.241211	-0.0249973	0.108985	-0.0499167	
506	70494	0.256075	-0.0249973	0.104282	-0.0499167	
507	69750	0.241507	-0.0249973	0.106486	-0.0499167	
508	69006	0.263769	-0.0249973	0.0962916	-0.0499167	
509	68262	0.24542	-0.0249973	0.100205	-0.0499167	
510	67518	0.252556	-0.0249973	0.0971795	-0.0499167	
511	66774	0.252688	-0.0249973	0.0976399	-0.0499167	
512	66030	0.24029	-0.0249973	0.0938911	-0.0499167	
513	65286	0.253181	-0.0249973	0.107374	-0.0499167	
514	64542	0.248478	-0.0249973	0.0947461	-0.0499167	
515	63798	0.235522	-0.0249973	0.0989223	-0.0499167	
516	63054	0.237397	-0.0249973	0.0931019	-0.0499167	
517	62310	0.241606	-0.0249973	0.0997773	-0.0499167	
518	61566	0.265874	-0.0249973	0.0981002	-0.0499167	
519	60822	0.240422	-0.0249973	0.106387	-0.0499167	
520	60078	0.262849	-0.0249973	0.10129	-0.0499167	
521	59334	0.247262	-0.0249973	0.10106	-0.0499167	
522	58590	0.24519	-0.0249973	0.100567	-0.0499167	
523	57846	0.235818	-0.0249973	0.0945488	-0.0499167	
524	57102	0.232332	-0.0249973	0.0906027	-0.0499167	
525	56358	0.235062	-0.0249973	0.101783	-0.0499167	
526	55614	0.246867	-0.0249973	0.105466	-0.0499167	
527	54870	0.238975	-0.0249973	0.111484	-0.0499167	
528	54126	0.236048	-0.0249973	0.0897149	-0.0499167	
529	53382	0.24815	-0.0249973	0.105861	-0.0499167	
530	52638	0.233582	-0.0249973	0.0960943	-0.0499167	
531	51894	0.230557	-0.0249973	0.098725	-0.0499167	
532	51150	0.245223	-0.0249973	0.100468	-0.0499167	
533	50406	0.248051	-0.0249973	0.0903068	-0.0499167	
534	49662	0.246505	-0.0249973	0.0867224	-0.0499167	
535	48918	0.23983	-0.0249973	0.113227	-0.0499167	
536	48174	0.261237	-0.0249973	0.0946474	-0.0499167	
537	47430	0.252819	-0.0249973	0.0998102	-0.0499167	
538	46686	0.246209	-0.0249973	0.0821516	-0.0499167	
539	45942	0.253937	-0.0249973	0.0998431	-0.0499167	
540	45198	0.241277	-0.0249973	0.101619	-0.0499167	
541	44454	0.243743	-0.0249973	0.0920167	-0.0499167	
542	43710	0.245486	-0.0249973	0.0951407	-0.0499167	
543	42966	0.25157	-0.0249973	0.100764	-0.0499167	
544	42222	0.243809	-0.0249973	0.103395	-0.0499167	
545	41478	0.235851	-0.0249973	0.0924113	-0.0499167	
546	40734	0.218784	-0.0249973	0.0942199	-0.0499167	
547	39990	0.242658	-0.0249973	0.090241	-0.0499167	
548	39246	0.231247	-0.0249973	0.0954038	-0.0499167	
549	38502	0.243349	-0.0249973	0.104611	-0.0499167	
550	37758	0.245256	-0.0249973	0.110103	-0.0499167	
551	37014	0.24644	-0.0249973	0.102013	-0.0499167	
552	36270	0.250386	-0.0249973	0.0988237	-0.0499167	
553	35526	0.234141	-0.0249973	0.0943186	-0.0499167	
554	34782	0.252589	-0.0249973	0.0974755	-0.0499167	
555	34038	0.245124	-0.0249973	0.0805731	-0.0499167	
556	33294	0.234897	-0.0249973	0.0834011	-0.0499167	
557	32550	0.259889	-0.0249973	0.100303	-0.0499167	
558	31806	0.23937	-0.0249973	0.106716	-0.0499167	
559	31062	0.245585	-0.0249973	0.0962916	-0.0499167	
560	30318	0.243842	-0.0249973	0.103559	-0.0499167	
561	29574	0.24815	-0.0249973	0.0862292	-0.0499167	
562	28830	0.247032	-0.0249973	0.0979358	-0.0499167	
563	28086	0.247525	-0.0249973	0.102671	-0.0499167	
564	27342	0.237364	-0.0249973	0.108327	-0.0499167	
565	26598	0.238383	-0.0249973	0.101586	-0.0499167	
566	25854	0.257193	-0.0249973	0.105927	-0.0499167	
567	25110	0.254628	-0.0249973	0.10425	-0.0499167	
568	24366	0.244467	-0.0249973	0.102408	-0.0499167	
569	23622	0.250912	-0.0249973	0.100928	-0.0499167	
570	22878	0.232332	-0.0249973	0.109379	-0.0499167	
571	22134	0.241441	-0.0249973	0.104545	-0.0499167	
572	21390	0.234141	-0.0249973	0.101717	-0.0499167	
573	20646	0.256173	-0.0249973	0.0974097	-0.0499167	
574	19902	0.260415	-0.0249973	0.106551	-0.0499167	
575	19158	0.266071	-0.0249973	0.115299	-0.0499167	
576	18414	0.231083	-0.0249973	0.095897	-0.0499167	
577	17670	0.258278	-0.0249973	0.113589	-0.0499167	
578	16926	0.246275	-0.0249973	0.0992183	-0.0499167	
579	16182	0.243677	-0.0249973	0.0981989	-0.0499167	
580	15438	0.250123	-0.0249973	0.105105	-0.0499167	
581	14694	0.243283	-0.0249973	0.108524	-0.0499167	
582	13950	0.25591	-0.0249973	0.102901	-0.0499167	
583	13206	0.253477	-0.0249973	0.107045	-0.0499167	
584	12462	0.247887	-0.0249973	0.100895	-0.0499167	
585	11718	0.239764	-0.0249973	0.0959628	-0.0499167	
586	10974	0.24223	-0.0249973	0.103066	-0.0499167	
587	10230	0.218982	-0.0249973	0.0989223	-0.0499167	
588	9486	0.244105	-0.0249973	0.0993498	-0.0499167	
589	8742	0.243875	-0.0249973	0.105335	-0.0499167	
590	7998	0.245256	-0.0249973	0.103986	-0.0499167	
591	7254	0.231083	-0.0249973	0.098462	-0.0499167	
592	6510	0.251076	-0.0249973	0.0914577	-0.0499167	
593	5766	0.234963	-0.0249973	0.0893202	-0.0499167	
594	5022	0.221711	-0.0249973	0.0877747	-0.0499167	
595	4278	0.248314	-0.0249973	0.0988237	-0.0499167	
596	3534	0.243447	-0.0249973	0.113293	-0.0499167	
597	2790	0.244401	-0.0249973	0.109971	-0.0499167	
598	2046	0.257291	-0.0249973	0.108261	-0.0499167	
599	1302	0.244795	-0.0249973	0.0958641	-0.0499167	
600	558	0.258015	-0.0275951	0.103427	-0.0515477	
