# Filename	2016-09-27\24_delay.txt
# Date	2016-09-27
# Title	DL-Pro & DL-100 Locked delay scan.
# DL-Pro	365840.7 GHz
# DL-100	365824.8 GHz
# Static	700 mV Pulsed
# MWOn	On
# MWf	15931.6 MHz
# Attn	44 dB
# FixedAttn	6 dB
# B2	B2 = T2 + 2.050 us
# HP214B	HP 214B FIP at 5.5 on 100V setting ; Applied to Top ; Mesh & Vin of MCP @ +25V ; Vout of MCP @ +2025 V
# Oven	32 A
# Boxcar	Gate = 200 ns ; Amp = 25x ; Sensitivity = 5 mV
# Offset	+/- 30 mV IR/Oven offset.
# Bias	Top: 0 V ; Bot: -0.430 V ; IR: +0.045 V ; Oven: -0.045 V ; Vis: -0.005 V ; MW: +0.005 V
# Passes	4
i	step	norm	nbackground	signal	sbackground
0	0	0.289616	-0.0288217	0.0609086	-0.0504264
1	744	0.270248	-0.0288217	0.0601851	-0.0504264
2	1488	0.274555	-0.0288217	0.0592315	-0.0504264
3	2232	0.28419	-0.0288217	0.0657096	-0.0504264
4	2976	0.281954	-0.0288217	0.0609743	-0.0504264
5	3720	0.269097	-0.0288217	0.0688994	-0.0504264
6	4464	0.266334	-0.0288217	0.0656767	-0.0504264
7	5208	0.258771	-0.0288217	0.0715629	-0.0504264
8	5952	0.268867	-0.0288217	0.0680115	-0.0504264
9	6696	0.272747	-0.0288217	0.0597905	-0.0504264
10	7440	0.281987	-0.0288217	0.0562062	-0.0504264
11	8184	0.272418	-0.0288217	0.0572256	-0.0504264
12	8928	0.287512	-0.0288217	0.0564364	-0.0504264
13	9672	0.28054	-0.0288217	0.0597905	-0.0504264
14	10416	0.276792	-0.0288217	0.0582779	-0.0504264
15	11160	0.262553	-0.0288217	0.050879	-0.0504264
16	11904	0.274753	-0.0288217	0.0585409	-0.0504264
17	12648	0.287282	-0.0288217	0.0631118	-0.0504264
18	13392	0.29034	-0.0288217	0.0573571	-0.0504264
19	14136	0.292905	-0.0288217	0.0668606	-0.0504264
20	14880	0.291688	-0.0288217	0.0563706	-0.0504264
21	15624	0.264427	-0.0288217	0.0523916	-0.0504264
22	16368	0.297213	-0.0288217	0.0481167	-0.0504264
23	17112	0.270445	-0.0288217	0.055417	-0.0504264
24	17856	0.294713	-0.0288217	0.0527205	-0.0504264
25	18600	0.280014	-0.0288217	0.0515695	-0.0504264
26	19344	0.280573	-0.0288217	0.0482812	-0.0504264
27	20088	0.287775	-0.0288217	0.051734	-0.0504264
28	20832	0.288728	-0.0288217	0.0588698	-0.0504264
29	21576	0.273503	-0.0288217	0.0590342	-0.0504264
30	22320	0.268373	-0.0288217	0.0515367	-0.0504264
31	23064	0.279488	-0.0288217	0.0543976	-0.0504264
32	23808	0.295305	-0.0288217	0.0627829	-0.0504264
33	24552	0.274029	-0.0288217	0.0540687	-0.0504264
34	25296	0.286032	-0.0288217	0.0604153	-0.0504264
35	26040	0.280014	-0.0288217	0.0506817	-0.0504264
36	26784	0.266926	-0.0288217	0.0523916	-0.0504264
37	27528	0.274621	-0.0288217	0.0643285	-0.0504264
38	28272	0.278403	-0.0288217	0.0724837	-0.0504264
39	29016	0.28932	-0.0288217	0.0516353	-0.0504264
40	29760	0.278666	-0.0288217	0.0550881	-0.0504264
41	30504	0.274884	-0.0288217	0.0645916	-0.0504264
42	31248	0.258015	-0.0288217	0.0608099	-0.0504264
43	31992	0.287314	-0.0288217	0.0639997	-0.0504264
44	32736	0.285868	-0.0288217	0.0612703	-0.0504264
45	33480	0.289879	-0.0288217	0.0535426	-0.0504264
46	34224	0.268209	-0.0288217	0.0702147	-0.0504264
47	34968	0.278173	-0.0288217	0.0581134	-0.0504264
48	35712	0.300304	-0.0288217	0.0703462	-0.0504264
49	36456	0.284618	-0.0288217	0.0596261	-0.0504264
50	37200	0.269261	-0.0288217	0.0676498	-0.0504264
51	37944	0.299547	-0.0288217	0.0604811	-0.0504264
52	38688	0.282678	-0.0288217	0.0641641	-0.0504264
53	39432	0.291918	-0.0288217	0.0634406	-0.0504264
54	40176	0.276989	-0.0288217	0.0600207	-0.0504264
55	40920	0.277647	-0.0288217	0.0771861	-0.0504264
56	41664	0.276989	-0.0288217	0.0743581	-0.0504264
57	42408	0.29741	-0.0288217	0.0637366	-0.0504264
58	43152	0.27324	-0.0288217	0.0679457	-0.0504264
59	43896	0.294516	-0.0288217	0.0677484	-0.0504264
60	44640	0.278995	-0.0288217	0.0648546	-0.0504264
61	45384	0.275016	-0.0288217	0.0624212	-0.0504264
62	46128	0.286196	-0.0288217	0.0587382	-0.0504264
63	46872	0.275312	-0.0288217	0.0563048	-0.0504264
64	47616	0.278765	-0.0288217	0.0661371	-0.0504264
65	48360	0.286229	-0.0288217	0.0668934	-0.0504264
66	49104	0.275509	-0.0288217	0.057094	-0.0504264
67	49848	0.277318	-0.0288217	0.0526218	-0.0504264
68	50592	0.253214	-0.0288217	0.0560746	-0.0504264
69	51336	0.258377	-0.0288217	0.0547264	-0.0504264
70	52080	0.273141	-0.0288217	0.0571269	-0.0504264
71	52824	0.259955	-0.0288217	0.0541345	-0.0504264
72	53568	0.285111	-0.0288217	0.0520299	-0.0504264
73	54312	0.253543	-0.0288217	0.0528191	-0.0504264
74	55056	0.277088	-0.0288217	0.0654465	-0.0504264
75	55800	0.258804	-0.0288217	0.0640983	-0.0504264
76	56544	0.281395	-0.0288217	0.0602838	-0.0504264
77	57288	0.257949	-0.0288217	0.0507146	-0.0504264
78	58032	0.265512	-0.0288217	0.0539043	-0.0504264
79	58776	0.276035	-0.0288217	0.058804	-0.0504264
80	59520	0.280442	-0.0288217	0.0451901	-0.0504264
81	60264	0.277942	-0.0288217	0.0571598	-0.0504264
82	61008	0.266499	-0.0288217	0.056535	-0.0504264
83	61752	0.261599	-0.0288217	0.0598234	-0.0504264
84	62496	0.249991	-0.0288217	0.0433486	-0.0504264
85	63240	0.262487	-0.0288217	0.0696886	-0.0504264
86	63984	0.264098	-0.0288217	0.0508461	-0.0504264
87	64728	0.284355	-0.0288217	0.0632433	-0.0504264
88	65472	0.27541	-0.0288217	0.0641312	-0.0504264
89	66216	0.263835	-0.0288217	0.0634406	-0.0504264
90	66960	0.272319	-0.0288217	0.0604482	-0.0504264
91	67704	0.269985	-0.0288217	0.0686692	-0.0504264
92	68448	0.278699	-0.0288217	0.0575544	-0.0504264
93	69192	0.28225	-0.0288217	0.0563706	-0.0504264
94	69936	0.274292	-0.0288217	0.0622239	-0.0504264
95	70680	0.279916	-0.0288217	0.0639997	-0.0504264
96	71424	0.281658	-0.0288217	0.0608428	-0.0504264
97	72168	0.269886	-0.0288217	0.0629803	-0.0504264
98	72912	0.280211	-0.0288217	0.0657754	-0.0504264
99	73656	0.285604	-0.0288217	0.0697214	-0.0504264
100	74400	0.260021	-0.0288217	0.0690309	-0.0504264
101	75144	0.279225	-0.0288217	0.0648546	-0.0504264
102	75888	0.289386	-0.0288217	0.0669592	-0.0504264
103	76632	0.272155	-0.0288217	0.0642956	-0.0504264
104	77376	0.28054	-0.0288217	0.064197	-0.0504264
105	78120	0.287676	-0.0288217	0.0597576	-0.0504264
106	78864	0.282645	-0.0288217	0.0565679	-0.0504264
107	79608	0.274128	-0.0288217	0.0581463	-0.0504264
108	80352	0.258245	-0.0288217	0.0736017	-0.0504264
109	81096	0.275969	-0.0288217	0.0638024	-0.0504264
110	81840	0.287972	-0.0288217	0.0543647	-0.0504264
111	82584	0.29182	-0.0288217	0.0564364	-0.0504264
112	83328	0.277975	-0.0288217	0.0661042	-0.0504264
113	84072	0.272813	-0.0288217	0.0694584	-0.0504264
114	84816	0.268505	-0.0288217	0.0573242	-0.0504264
115	85560	0.281165	-0.0288217	0.0627172	-0.0504264
116	86304	0.279916	-0.0288217	0.0564035	-0.0504264
117	87048	0.282612	-0.0288217	0.0621582	-0.0504264
118	87792	0.280047	-0.0288217	0.0554498	-0.0504264
119	88536	0.275575	-0.0288217	0.0613032	-0.0504264
120	89280	0.277318	-0.0288217	0.0585409	-0.0504264
121	90024	0.286196	-0.0288217	0.0551539	-0.0504264
122	90768	0.283829	-0.0288217	0.0582121	-0.0504264
123	91512	0.27005	-0.0288217	0.0503528	-0.0504264
124	92256	0.277416	-0.0288217	0.0634735	-0.0504264
125	93000	0.286427	-0.0288217	0.0501555	-0.0504264
126	93744	0.286525	-0.0288217	0.0520957	-0.0504264
127	94488	0.27712	-0.0288217	0.0683732	-0.0504264
128	95232	0.270215	-0.0288217	0.0524574	-0.0504264
129	95976	0.2591	-0.0288217	0.0584752	-0.0504264
130	96720	0.253543	-0.0288217	0.0562391	-0.0504264
131	97464	0.283467	-0.0288217	0.0474919	-0.0504264
132	98208	0.274029	-0.0288217	0.0571269	-0.0504264
133	98952	0.277515	-0.0288217	0.0581134	-0.0504264
134	99696	0.290833	-0.0288217	0.0592644	-0.0504264
135	100440	0.291852	-0.0288217	0.0553841	-0.0504264
136	101184	0.266565	-0.0288217	0.0550881	-0.0504264
137	101928	0.282382	-0.0288217	0.0594617	-0.0504264
138	102672	0.287676	-0.0288217	0.0581792	-0.0504264
139	103416	0.284256	-0.0288217	0.0583107	-0.0504264
140	104160	0.299547	-0.0288217	0.0649862	-0.0504264
141	104904	0.289024	-0.0288217	0.0506488	-0.0504264
142	105648	0.273043	-0.0288217	0.0580806	-0.0504264
143	106392	0.27347	-0.0288217	0.0701489	-0.0504264
144	107136	0.291392	-0.0288217	0.0544962	-0.0504264
145	107880	0.277745	-0.0288217	0.0668934	-0.0504264
146	108624	0.27005	-0.0288217	0.0705435	-0.0504264
147	109368	0.279225	-0.0288217	0.059659	-0.0504264
148	110112	0.263967	-0.0288217	0.0556143	-0.0504264
149	110856	0.282809	-0.0288217	0.077219	-0.0504264
150	111600	0.299876	-0.0288217	0.0701489	-0.0504264
151	111042	0.298133	-0.0288217	0.0737991	-0.0504264
152	110298	0.274358	-0.0288217	0.0634077	-0.0504264
153	109554	0.246209	-0.0288217	0.0583107	-0.0504264
154	108810	0.284782	-0.0288217	0.0659398	-0.0504264
155	108066	0.269458	-0.0288217	0.0627501	-0.0504264
156	107322	0.266302	-0.0288217	0.0631776	-0.0504264
157	106578	0.289024	-0.0288217	0.0592973	-0.0504264
158	105834	0.285276	-0.0288217	0.065874	-0.0504264
159	105090	0.266236	-0.0288217	0.0611059	-0.0504264
160	104346	0.27084	-0.0288217	0.0627172	-0.0504264
161	103602	0.254759	-0.0288217	0.0526218	-0.0504264
162	102858	0.269721	-0.0288217	0.0564692	-0.0504264
163	102114	0.275608	-0.0288217	0.0539043	-0.0504264
164	101370	0.281889	-0.0288217	0.0592973	-0.0504264
165	100626	0.286229	-0.0288217	0.0625199	-0.0504264
166	99882	0.280803	-0.0288217	0.0559102	-0.0504264
167	99138	0.277055	-0.0288217	0.0533453	-0.0504264
168	98394	0.27107	-0.0288217	0.0564692	-0.0504264
169	97650	0.278403	-0.0288217	0.0581463	-0.0504264
170	96906	0.275082	-0.0288217	0.0566994	-0.0504264
171	96162	0.273536	-0.0288217	0.0543976	-0.0504264
172	95418	0.271103	-0.0288217	0.0533124	-0.0504264
173	94674	0.280935	-0.0288217	0.0574558	-0.0504264
174	93930	0.271596	-0.0288217	0.051734	-0.0504264
175	93186	0.283664	-0.0288217	0.0623226	-0.0504264
176	92442	0.266992	-0.0288217	0.0510434	-0.0504264
177	91698	0.273569	-0.0288217	0.0541345	-0.0504264
178	90954	0.273865	-0.0288217	0.0618293	-0.0504264
179	90210	0.280902	-0.0288217	0.0556471	-0.0504264
180	89466	0.276463	-0.0288217	0.0699516	-0.0504264
181	88722	0.285539	-0.0288217	0.0560746	-0.0504264
182	87978	0.280409	-0.0288217	0.0583436	-0.0504264
183	87234	0.279916	-0.0288217	0.0544304	-0.0504264
184	86490	0.269787	-0.0288217	0.0456176	-0.0504264
185	85746	0.290636	-0.0288217	0.0523588	-0.0504264
186	85002	0.291129	-0.0288217	0.0553841	-0.0504264
187	84258	0.294023	-0.0288217	0.0502542	-0.0504264
188	83514	0.279093	-0.0288217	0.0567323	-0.0504264
189	82770	0.289583	-0.0288217	0.0661371	-0.0504264
190	82026	0.268735	-0.0288217	0.0699845	-0.0504264
191	81282	0.291655	-0.0288217	0.0700503	-0.0504264
192	80538	0.271695	-0.0288217	0.0572256	-0.0504264
193	79794	0.292543	-0.0288217	0.0737333	-0.0504264
194	79050	0.288531	-0.0288217	0.0647889	-0.0504264
195	78306	0.290997	-0.0288217	0.0646902	-0.0504264
196	77562	0.267321	-0.0288217	0.0659398	-0.0504264
197	76818	0.288531	-0.0288217	0.0693268	-0.0504264
198	76074	0.290471	-0.0288217	0.0624541	-0.0504264
199	75330	0.288432	-0.0288217	0.0628816	-0.0504264
200	74586	0.280968	-0.0288217	0.0683732	-0.0504264
201	73842	0.279093	-0.0288217	0.0650191	-0.0504264
202	73098	0.28863	-0.0288217	0.0642627	-0.0504264
203	72354	0.284947	-0.0288217	0.0661371	-0.0504264
204	71610	0.271004	-0.0288217	0.0600865	-0.0504264
205	70866	0.283631	-0.0288217	0.0645587	-0.0504264
206	70122	0.294845	-0.0288217	0.0688665	-0.0504264
207	69378	0.267683	-0.0288217	0.0698859	-0.0504264
208	68634	0.268932	-0.0288217	0.068143	-0.0504264
209	67890	0.298331	-0.0288217	0.0552197	-0.0504264
210	67146	0.302934	-0.0288217	0.0605797	-0.0504264
211	66402	0.287841	-0.0288217	0.0597576	-0.0504264
212	65658	0.284486	-0.0288217	0.0650519	-0.0504264
213	64914	0.301323	-0.0288217	0.0581792	-0.0504264
214	64170	0.274194	-0.0288217	0.05568	-0.0504264
215	63426	0.276693	-0.0288217	0.054266	-0.0504264
216	62682	0.279126	-0.0288217	0.0537399	-0.0504264
217	61938	0.27153	-0.0288217	0.0630789	-0.0504264
218	61194	0.270313	-0.0288217	0.0498925	-0.0504264
219	60450	0.295075	-0.0288217	0.0683732	-0.0504264
220	59706	0.277088	-0.0288217	0.0606784	-0.0504264
221	58962	0.284848	-0.0288217	0.05568	-0.0504264
222	58218	0.288301	-0.0288217	0.0587711	-0.0504264
223	57474	0.283829	-0.0288217	0.0600207	-0.0504264
224	56730	0.282974	-0.0288217	0.0519313	-0.0504264
225	55986	0.255285	-0.0288217	0.0614676	-0.0504264
226	55242	0.275969	-0.0288217	0.0569296	-0.0504264
227	54498	0.283533	-0.0288217	0.0575215	-0.0504264
228	53754	0.292379	-0.0288217	0.0564692	-0.0504264
229	53010	0.291951	-0.0288217	0.0533124	-0.0504264
230	52266	0.268735	-0.0288217	0.0592644	-0.0504264
231	51522	0.277482	-0.0288217	0.0557787	-0.0504264
232	50778	0.288498	-0.0288217	0.0678471	-0.0504264
233	50034	0.266532	-0.0288217	0.0542331	-0.0504264
234	49290	0.280869	-0.0288217	0.058508	-0.0504264
235	48546	0.285966	-0.0288217	0.056831	-0.0504264
236	47802	0.281001	-0.0288217	0.0627829	-0.0504264
237	47058	0.284618	-0.0288217	0.0620266	-0.0504264
238	46314	0.281724	-0.0288217	0.0650519	-0.0504264
239	45570	0.310695	-0.0288217	0.0609415	-0.0504264
240	44826	0.283467	-0.0288217	0.063342	-0.0504264
241	44082	0.262421	-0.0288217	0.0655781	-0.0504264
242	43338	0.275378	-0.0288217	0.0706751	-0.0504264
243	42594	0.27791	-0.0288217	0.0782055	-0.0504264
244	41850	0.275147	-0.0288217	0.0547264	-0.0504264
245	41106	0.279028	-0.0288217	0.0640654	-0.0504264
246	40362	0.278271	-0.0288217	0.058508	-0.0504264
247	39618	0.283303	-0.0288217	0.0648218	-0.0504264
248	38874	0.300238	-0.0288217	0.065611	-0.0504264
249	38130	0.28373	-0.0288217	0.0726152	-0.0504264
250	37386	0.28886	-0.0288217	0.0660056	-0.0504264
251	36642	0.287282	-0.0288217	0.0628487	-0.0504264
252	35898	0.291754	-0.0288217	0.0651177	-0.0504264
253	35154	0.288104	-0.0288217	0.0593959	-0.0504264
254	34410	0.264986	-0.0288217	0.0627829	-0.0504264
255	33666	0.278534	-0.0288217	0.0737004	-0.0504264
256	32922	0.288959	-0.0288217	0.0674525	-0.0504264
257	32178	0.28761	-0.0288217	0.0579161	-0.0504264
258	31434	0.307505	-0.0288217	0.0718589	-0.0504264
259	30690	0.291556	-0.0288217	0.067288	-0.0504264
260	29946	0.263276	-0.0288217	0.0692282	-0.0504264
261	29202	0.285078	-0.0288217	0.0560089	-0.0504264
262	28458	0.290307	-0.0288217	0.0598563	-0.0504264
263	27714	0.290406	-0.0288217	0.0609086	-0.0504264
264	26970	0.277811	-0.0288217	0.0571269	-0.0504264
265	26226	0.291984	-0.0288217	0.0664988	-0.0504264
266	25482	0.26492	-0.0288217	0.0521286	-0.0504264
267	24738	0.278304	-0.0288217	0.0550881	-0.0504264
268	23994	0.277679	-0.0288217	0.0536083	-0.0504264
269	23250	0.276101	-0.0288217	0.0586725	-0.0504264
270	22506	0.277482	-0.0288217	0.0523916	-0.0504264
271	21762	0.273043	-0.0288217	0.0518984	-0.0504264
272	21018	0.264131	-0.0288217	0.0546935	-0.0504264
273	20274	0.280803	-0.0288217	0.0541345	-0.0504264
274	19530	0.30129	-0.0288217	0.0491361	-0.0504264
275	18786	0.282448	-0.0288217	0.04861	-0.0504264
276	18042	0.284421	-0.0288217	0.0539043	-0.0504264
277	17298	0.275246	-0.0288217	0.0465054	-0.0504264
278	16554	0.29399	-0.0288217	0.0576202	-0.0504264
279	15810	0.278238	-0.0288217	0.0540687	-0.0504264
280	15066	0.285572	-0.0288217	0.0524574	-0.0504264
281	14322	0.27347	-0.0288217	0.0651506	-0.0504264
282	13578	0.288202	-0.0288217	0.0581792	-0.0504264
283	12834	0.282711	-0.0288217	0.0580148	-0.0504264
284	12090	0.285637	-0.0288217	0.0658083	-0.0504264
285	11346	0.279718	-0.0288217	0.0568639	-0.0504264
286	10602	0.297377	-0.0288217	0.0659069	-0.0504264
287	9858	0.290307	-0.0288217	0.0679128	-0.0504264
288	9114	0.290932	-0.0288217	0.0646573	-0.0504264
289	8370	0.305269	-0.0288217	0.0706422	-0.0504264
290	7626	0.305335	-0.0288217	0.059659	-0.0504264
291	6882	0.298429	-0.0288217	0.072385	-0.0504264
292	6138	0.297245	-0.0288217	0.0699188	-0.0504264
293	5394	0.301915	-0.0288217	0.067025	-0.0504264
294	4650	0.298232	-0.0288217	0.0644271	-0.0504264
295	3906	0.320231	-0.0288217	0.0778109	-0.0504264
296	3162	0.307242	-0.0288217	0.0755748	-0.0504264
297	2418	0.303526	-0.0288217	0.0808362	-0.0504264
298	1674	0.284256	-0.0288217	0.0635722	-0.0504264
299	930	0.311583	-0.0288217	0.0612045	-0.0504264
300	186	0.2884	-0.0288217	0.0627501	-0.0504264
301	372	0.285835	-0.0288217	0.0731743	-0.0504264
302	1116	0.301783	-0.0288217	0.0640983	-0.0504264
303	1860	0.295009	-0.0288217	0.0600207	-0.0504264
304	2604	0.314444	-0.0288217	0.0761009	-0.0504264
305	3348	0.298955	-0.0288217	0.060777	-0.0504264
306	4092	0.294878	-0.0288217	0.076068	-0.0504264
307	4836	0.296719	-0.0288217	0.0576202	-0.0504264
308	5580	0.297508	-0.0288217	0.0560746	-0.0504264
309	6324	0.286953	-0.0288217	0.0645258	-0.0504264
310	7068	0.302474	-0.0288217	0.0734373	-0.0504264
311	7812	0.29274	-0.0288217	0.0677813	-0.0504264
312	8556	0.291425	-0.0288217	0.0654465	-0.0504264
313	9300	0.283368	-0.0288217	0.0635722	-0.0504264
314	10044	0.293595	-0.0288217	0.0565021	-0.0504264
315	10788	0.279981	-0.0288217	0.0584423	-0.0504264
316	11532	0.286986	-0.0288217	0.0628487	-0.0504264
317	12276	0.269886	-0.0288217	0.0581792	-0.0504264
318	13020	0.298166	-0.0288217	0.0591328	-0.0504264
319	13764	0.300435	-0.0288217	0.062191	-0.0504264
320	14508	0.30938	-0.0288217	0.06788	-0.0504264
321	15252	0.299514	-0.0288217	0.076068	-0.0504264
322	15996	0.298824	-0.0288217	0.0665317	-0.0504264
323	16740	0.309182	-0.0288217	0.0734044	-0.0504264
324	17484	0.301323	-0.0288217	0.0659398	-0.0504264
325	18228	0.298725	-0.0288217	0.0699845	-0.0504264
326	18972	0.288498	-0.0288217	0.0654794	-0.0504264
327	19716	0.300336	-0.0288217	0.069853	-0.0504264
328	20460	0.293135	-0.0288217	0.0670907	-0.0504264
329	21204	0.305631	-0.0288217	0.0700832	-0.0504264
330	21948	0.300271	-0.0288217	0.065315	-0.0504264
331	22692	0.283138	-0.0288217	0.0521615	-0.0504264
332	23436	0.302112	-0.0288217	0.0695241	-0.0504264
333	24180	0.280606	-0.0288217	0.063901	-0.0504264
334	24924	0.276035	-0.0288217	0.0595274	-0.0504264
335	25668	0.281264	-0.0288217	0.0553512	-0.0504264
336	26412	0.304743	-0.0288217	0.0556143	-0.0504264
337	27156	0.287084	-0.0288217	0.0657425	-0.0504264
338	27900	0.291688	-0.0288217	0.0622568	-0.0504264
339	28644	0.294417	-0.0288217	0.0649204	-0.0504264
340	29388	0.290175	-0.0288217	0.0568967	-0.0504264
341	30132	0.287347	-0.0288217	0.0646573	-0.0504264
342	30876	0.296358	-0.0288217	0.0707737	-0.0504264
343	31620	0.281132	-0.0288217	0.0561404	-0.0504264
344	32364	0.278765	-0.0288217	0.0592973	-0.0504264
345	33108	0.292444	-0.0288217	0.0633749	-0.0504264
346	33852	0.286953	-0.0288217	0.0538714	-0.0504264
347	34596	0.274621	-0.0288217	0.05568	-0.0504264
348	35340	0.28692	-0.0288217	0.068143	-0.0504264
349	36084	0.279225	-0.0288217	0.0637037	-0.0504264
350	36828	0.298692	-0.0288217	0.0608757	-0.0504264
351	37572	0.289386	-0.0288217	0.0552197	-0.0504264
352	38316	0.281099	-0.0288217	0.0581792	-0.0504264
353	39060	0.275443	-0.0288217	0.062487	-0.0504264
354	39804	0.270215	-0.0288217	0.0448612	-0.0504264
355	40548	0.275641	-0.0288217	0.0529507	-0.0504264
356	41292	0.265808	-0.0288217	0.064197	-0.0504264
357	42036	0.272319	-0.0288217	0.050879	-0.0504264
358	42780	0.297048	-0.0288217	0.0663344	-0.0504264
359	43524	0.281757	-0.0288217	0.060777	-0.0504264
360	44268	0.277318	-0.0288217	0.059363	-0.0504264
361	45012	0.294417	-0.0288217	0.0651177	-0.0504264
362	45756	0.269787	-0.0288217	0.0574558	-0.0504264
363	46500	0.27472	-0.0288217	0.0607113	-0.0504264
364	47244	0.275641	-0.0288217	0.0716945	-0.0504264
365	47988	0.305401	-0.0288217	0.0637695	-0.0504264
366	48732	0.284749	-0.0288217	0.061632	-0.0504264
367	49476	0.259429	-0.0288217	0.053411	-0.0504264
368	50220	0.277811	-0.0288217	0.065874	-0.0504264
369	50964	0.281132	-0.0288217	0.0695241	-0.0504264
370	51708	0.286953	-0.0288217	0.0655452	-0.0504264
371	52452	0.281658	-0.0288217	0.0586067	-0.0504264
372	53196	0.293201	-0.0288217	0.062487	-0.0504264
373	53940	0.282185	-0.0288217	0.0585738	-0.0504264
374	54684	0.277252	-0.0288217	0.0580477	-0.0504264
375	55428	0.289682	-0.0288217	0.0558773	-0.0504264
376	56172	0.295503	-0.0288217	0.0557787	-0.0504264
377	56916	0.249597	-0.0288217	0.0538056	-0.0504264
378	57660	0.281724	-0.0288217	0.0448612	-0.0504264
379	58404	0.29616	-0.0288217	0.0548908	-0.0504264
380	59148	0.275805	-0.0288217	0.0604482	-0.0504264
381	59892	0.275509	-0.0288217	0.0658083	-0.0504264
382	60636	0.289386	-0.0288217	0.0565021	-0.0504264
383	61380	0.296456	-0.0288217	0.0495965	-0.0504264
384	62124	0.266828	-0.0288217	0.0499582	-0.0504264
385	62868	0.275213	-0.0288217	0.0503528	-0.0504264
386	63612	0.259889	-0.0288217	0.0544962	-0.0504264
387	64356	0.288432	-0.0288217	0.0587382	-0.0504264
388	65100	0.252293	-0.0288217	0.0555156	-0.0504264
389	65844	0.290767	-0.0288217	0.0593301	-0.0504264
390	66588	0.272023	-0.0288217	0.0614018	-0.0504264
391	67332	0.282678	-0.0288217	0.0491033	-0.0504264
392	68076	0.259001	-0.0288217	0.0536741	-0.0504264
393	68820	0.239501	-0.0288217	0.0556471	-0.0504264
394	69564	0.259659	-0.0288217	0.0578504	-0.0504264
395	70308	0.281954	-0.0288217	0.0554498	-0.0504264
396	71052	0.292477	-0.0288217	0.0562391	-0.0504264
397	71796	0.285177	-0.0288217	0.0533453	-0.0504264
398	72540	0.282678	-0.0288217	0.0474919	-0.0504264
399	73284	0.268735	-0.0288217	0.0483798	-0.0504264
400	74028	0.259495	-0.0288217	0.0531809	-0.0504264
401	74772	0.278962	-0.0288217	0.060514	-0.0504264
402	75516	0.284223	-0.0288217	0.0651506	-0.0504264
403	76260	0.265184	-0.0288217	0.0583436	-0.0504264
404	77004	0.279028	-0.0288217	0.0613361	-0.0504264
405	77748	0.278699	-0.0288217	0.0560746	-0.0504264
406	78492	0.285769	-0.0288217	0.0652164	-0.0504264
407	79236	0.277778	-0.0288217	0.0688994	-0.0504264
408	79980	0.276923	-0.0288217	0.067288	-0.0504264
409	80724	0.27005	-0.0288217	0.0516353	-0.0504264
410	81468	0.281691	-0.0288217	0.0557129	-0.0504264
411	82212	0.280146	-0.0288217	0.0635722	-0.0504264
412	82956	0.277679	-0.0288217	0.0628816	-0.0504264
413	83700	0.277449	-0.0288217	0.0678142	-0.0504264
414	84444	0.251635	-0.0288217	0.0632104	-0.0504264
415	85188	0.270083	-0.0288217	0.049465	-0.0504264
416	85932	0.293497	-0.0288217	0.056831	-0.0504264
417	86676	0.281987	-0.0288217	0.0573242	-0.0504264
418	87420	0.275937	-0.0288217	0.0574229	-0.0504264
419	88164	0.27084	-0.0288217	0.053411	-0.0504264
420	88908	0.266828	-0.0288217	0.0438747	-0.0504264
421	89652	0.275575	-0.0288217	0.0471302	-0.0504264
422	90396	0.26936	-0.0288217	0.0438089	-0.0504264
423	91140	0.278337	-0.0288217	0.055976	-0.0504264
424	91884	0.278929	-0.0288217	0.0642956	-0.0504264
425	92628	0.265512	-0.0288217	0.0517997	-0.0504264
426	93372	0.274884	-0.0288217	0.0581792	-0.0504264
427	94116	0.291589	-0.0288217	0.0579161	-0.0504264
428	94860	0.289024	-0.0288217	0.0511421	-0.0504264
429	95604	0.289386	-0.0288217	0.0602838	-0.0504264
430	96348	0.278271	-0.0288217	0.0551539	-0.0504264
431	97092	0.282185	-0.0288217	0.0579819	-0.0504264
432	97836	0.28886	-0.0288217	0.0427895	-0.0504264
433	98580	0.276792	-0.0288217	0.0563377	-0.0504264
434	99324	0.28932	-0.0288217	0.05568	-0.0504264
435	100068	0.27689	-0.0288217	0.0565679	-0.0504264
436	100812	0.277877	-0.0288217	0.0622897	-0.0504264
437	101556	0.288169	-0.0288217	0.0696557	-0.0504264
438	102300	0.28202	-0.0288217	0.060777	-0.0504264
439	103044	0.28248	-0.0288217	0.0682088	-0.0504264
440	103788	0.275542	-0.0288217	0.0653479	-0.0504264
441	104532	0.282415	-0.0288217	0.0601522	-0.0504264
442	105276	0.28031	-0.0288217	0.0676826	-0.0504264
443	106020	0.277712	-0.0288217	0.0677813	-0.0504264
444	106764	0.284026	-0.0288217	0.0629145	-0.0504264
445	107508	0.271727	-0.0288217	0.0648875	-0.0504264
446	108252	0.278469	-0.0288217	0.0666961	-0.0504264
447	108996	0.285868	-0.0288217	0.0598563	-0.0504264
448	109740	0.273437	-0.0288217	0.0610401	-0.0504264
449	110484	0.279554	-0.0288217	0.0721877	-0.0504264
450	111228	0.269393	-0.0288217	0.0611059	-0.0504264
451	111414	0.267485	-0.0288217	0.0702476	-0.0504264
452	110670	0.291918	-0.0288217	0.072681	-0.0504264
453	109926	0.285506	-0.0288217	0.0590342	-0.0504264
454	109182	0.258015	-0.0288217	0.0566665	-0.0504264
455	108438	0.279981	-0.0288217	0.0634077	-0.0504264
456	107694	0.264953	-0.0288217	0.0603495	-0.0504264
457	106950	0.259856	-0.0288217	0.0617635	-0.0504264
458	106206	0.279422	-0.0288217	0.0563377	-0.0504264
459	105462	0.278732	-0.0288217	0.0584423	-0.0504264
460	104718	0.267321	-0.0288217	0.0567652	-0.0504264
461	103974	0.255417	-0.0288217	0.050024	-0.0504264
462	103230	0.247952	-0.0288217	0.0596261	-0.0504264
463	102486	0.278699	-0.0288217	0.054562	-0.0504264
464	101742	0.258738	-0.0288217	0.0559102	-0.0504264
465	100998	0.269656	-0.0288217	0.0549895	-0.0504264
466	100254	0.272615	-0.0288217	0.0441707	-0.0504264
467	99510	0.288137	-0.0288217	0.0626514	-0.0504264
468	98766	0.274128	-0.0288217	0.0447626	-0.0504264
469	98022	0.265677	-0.0288217	0.0507146	-0.0504264
470	97278	0.267124	-0.0288217	0.0524903	-0.0504264
471	96534	0.266367	-0.0288217	0.0541674	-0.0504264
472	95790	0.284552	-0.0288217	0.047755	-0.0504264
473	95046	0.267025	-0.0288217	0.0615662	-0.0504264
474	94302	0.263046	-0.0288217	0.0520299	-0.0504264
475	93558	0.257456	-0.0288217	0.0434801	-0.0504264
476	92814	0.263506	-0.0288217	0.0478208	-0.0504264
477	92070	0.274687	-0.0288217	0.0615334	-0.0504264
478	91326	0.28521	-0.0288217	0.0550881	-0.0504264
479	90582	0.260941	-0.0288217	0.0481167	-0.0504264
480	89838	0.278403	-0.0288217	0.0493663	-0.0504264
481	89094	0.27541	-0.0288217	0.06446	-0.0504264
482	88350	0.275641	-0.0288217	0.0614018	-0.0504264
483	87606	0.267255	-0.0288217	0.0422305	-0.0504264
484	86862	0.252293	-0.0288217	0.0604153	-0.0504264
485	86118	0.277647	-0.0288217	0.0595603	-0.0504264
486	85374	0.275016	-0.0288217	0.0504515	-0.0504264
487	84630	0.27255	-0.0288217	0.0573242	-0.0504264
488	83886	0.263835	-0.0288217	0.0480839	-0.0504264
489	83142	0.281066	-0.0288217	0.0537728	-0.0504264
490	82398	0.275673	-0.0288217	0.0583436	-0.0504264
491	81654	0.264624	-0.0288217	0.0652492	-0.0504264
492	80910	0.285473	-0.0288217	0.0594946	-0.0504264
493	80166	0.288367	-0.0288217	0.0693597	-0.0504264
494	79422	0.279521	-0.0288217	0.0634077	-0.0504264
495	78678	0.281724	-0.0288217	0.0552525	-0.0504264
496	77934	0.295042	-0.0288217	0.0555156	-0.0504264
497	77190	0.281954	-0.0288217	0.0666632	-0.0504264
498	76446	0.266663	-0.0288217	0.0675182	-0.0504264
499	75702	0.290373	-0.0288217	0.0640325	-0.0504264
500	74958	0.266828	-0.0288217	0.0614018	-0.0504264
501	74214	0.239666	-0.0288217	0.0521286	-0.0504264
502	73470	0.282579	-0.0288217	0.0608099	-0.0504264
503	72726	0.249136	-0.0288217	0.0583765	-0.0504264
504	71982	0.276134	-0.0288217	0.0616649	-0.0504264
505	71238	0.261007	-0.0288217	0.0649862	-0.0504264
506	70494	0.2786	-0.0288217	0.0547264	-0.0504264
507	69750	0.270675	-0.0288217	0.0657096	-0.0504264
508	69006	0.268636	-0.0288217	0.0646573	-0.0504264
509	68262	0.26571	-0.0288217	0.0539043	-0.0504264
510	67518	0.268242	-0.0288217	0.0511749	-0.0504264
511	66774	0.28248	-0.0288217	0.0503528	-0.0504264
512	66030	0.301586	-0.0288217	0.0522272	-0.0504264
513	65286	0.274753	-0.0288217	0.051997	-0.0504264
514	64542	0.28669	-0.0288217	0.0648875	-0.0504264
515	63798	0.284717	-0.0288217	0.055417	-0.0504264
516	63054	0.266334	-0.0288217	0.0502213	-0.0504264
517	62310	0.28133	-0.0288217	0.0644929	-0.0504264
518	61566	0.29011	-0.0288217	0.0565679	-0.0504264
519	60822	0.271431	-0.0288217	0.0478537	-0.0504264
520	60078	0.282579	-0.0288217	0.051438	-0.0504264
521	59334	0.258837	-0.0288217	0.0617307	-0.0504264
522	58590	0.268209	-0.0288217	0.0606455	-0.0504264
523	57846	0.259462	-0.0288217	0.0598234	-0.0504264
524	57102	0.267683	-0.0288217	0.051438	-0.0504264
525	56358	0.287216	-0.0288217	0.0486429	-0.0504264
526	55614	0.275246	-0.0288217	0.0514709	-0.0504264
527	54870	0.280475	-0.0288217	0.0547593	-0.0504264
528	54126	0.251043	-0.0288217	0.0379556	-0.0504264
529	53382	0.263967	-0.0288217	0.0540358	-0.0504264
530	52638	0.263112	-0.0288217	0.0560746	-0.0504264
531	51894	0.26594	-0.0288217	0.0616978	-0.0504264
532	51150	0.285835	-0.0288217	0.0481825	-0.0504264
533	50406	0.286459	-0.0288217	0.0588369	-0.0504264
534	49662	0.273437	-0.0288217	0.0478208	-0.0504264
535	48918	0.267814	-0.0288217	0.0580148	-0.0504264
536	48174	0.268472	-0.0288217	0.0519313	-0.0504264
537	47430	0.268012	-0.0288217	0.0532795	-0.0504264
538	46686	0.275016	-0.0288217	0.0578504	-0.0504264
539	45942	0.261764	-0.0288217	0.0590013	-0.0504264
540	45198	0.247755	-0.0288217	0.0623226	-0.0504264
541	44454	0.264624	-0.0288217	0.0549237	-0.0504264
542	43710	0.276101	-0.0288217	0.0654465	-0.0504264
543	42966	0.28886	-0.0288217	0.0565679	-0.0504264
544	42222	0.273109	-0.0288217	0.0622239	-0.0504264
545	41478	0.263704	-0.0288217	0.0603824	-0.0504264
546	40734	0.283072	-0.0288217	0.0536412	-0.0504264
547	39990	0.282908	-0.0288217	0.0614018	-0.0504264
548	39246	0.265151	-0.0288217	0.0664659	-0.0504264
549	38502	0.274128	-0.0288217	0.067584	-0.0504264
550	37758	0.283664	-0.0288217	0.068439	-0.0504264
551	37014	0.27814	-0.0288217	0.0719247	-0.0504264
552	36270	0.270872	-0.0288217	0.068702	-0.0504264
553	35526	0.27005	-0.0288217	0.0616649	-0.0504264
554	34782	0.266959	-0.0288217	0.067288	-0.0504264
555	34038	0.264986	-0.0288217	0.0589027	-0.0504264
556	33294	0.263112	-0.0288217	0.0619937	-0.0504264
557	32550	0.259429	-0.0288217	0.0654465	-0.0504264
558	31806	0.286624	-0.0288217	0.0672552	-0.0504264
559	31062	0.275016	-0.0288217	0.0615991	-0.0504264
560	30318	0.298857	-0.0288217	0.0591328	-0.0504264
561	29574	0.282776	-0.0288217	0.0641312	-0.0504264
562	28830	0.273141	-0.0288217	0.0620924	-0.0504264
563	28086	0.280179	-0.0288217	0.0628816	-0.0504264
564	27342	0.276792	-0.0288217	0.061928	-0.0504264
565	26598	0.270971	-0.0288217	0.0641312	-0.0504264
566	25854	0.259955	-0.0288217	0.0503857	-0.0504264
567	25110	0.276298	-0.0288217	0.0659398	-0.0504264
568	24366	0.285374	-0.0288217	0.0543318	-0.0504264
569	23622	0.272582	-0.0288217	0.0569296	-0.0504264
570	22878	0.276759	-0.0288217	0.0530493	-0.0504264
571	22134	0.290965	-0.0288217	0.0493663	-0.0504264
572	21390	0.288926	-0.0288217	0.0543318	-0.0504264
573	20646	0.287216	-0.0288217	0.0586067	-0.0504264
574	19902	0.292675	-0.0288217	0.0547922	-0.0504264
575	19158	0.278962	-0.0288217	0.052293	-0.0504264
576	18414	0.279093	-0.0288217	0.0656438	-0.0504264
577	17670	0.263572	-0.0288217	0.0579161	-0.0504264
578	16926	0.289814	-0.0288217	0.0573242	-0.0504264
579	16182	0.278863	-0.0288217	0.0578504	-0.0504264
580	15438	0.285506	-0.0288217	0.0744567	-0.0504264
581	14694	0.293727	-0.0288217	0.0646573	-0.0504264
582	13950	0.286986	-0.0288217	0.056831	-0.0504264
583	13206	0.287643	-0.0288217	0.0608757	-0.0504264
584	12462	0.272089	-0.0288217	0.0566337	-0.0504264
585	11718	0.280803	-0.0288217	0.0526547	-0.0504264
586	10974	0.273207	-0.0288217	0.0592644	-0.0504264
587	10230	0.276594	-0.0288217	0.0625528	-0.0504264
588	9486	0.271793	-0.0288217	0.0639668	-0.0504264
589	8742	0.293431	-0.0288217	0.0699845	-0.0504264
590	7998	0.291425	-0.0288217	0.0665317	-0.0504264
591	7254	0.289255	-0.0288217	0.0669921	-0.0504264
592	6510	0.30254	-0.0288217	0.0593301	-0.0504264
593	5766	0.293266	-0.0288217	0.0631447	-0.0504264
594	5022	0.276824	-0.0288217	0.056535	-0.0504264
595	4278	0.28863	-0.0288217	0.0568967	-0.0504264
596	3534	0.292477	-0.0288217	0.0716945	-0.0504264
597	2790	0.278633	-0.0288217	0.0609743	-0.0504264
598	2046	0.300336	-0.0288217	0.0678142	-0.0504264
599	1302	0.298824	-0.0288217	0.0589355	-0.0504264
600	558	0.31816	-0.0246684	0.0763969	-0.0480752
