# Filename	25_delay.txt
# Date	2016-09-27
# Title	DL-Pro & DL-100 Locked delay scan.
# DL-Pro	365840.7 GHz
# DL-100	365824.8 GHz
# Static	-700 mV Pulsed
# MWOn	On
# MWf	15931.6 MHz
# Attn	44 dB
# FixedAttn	6 dB
# B2	B2 = T2 + 2.050 us
# HP214B	HP 214B FIP at 5.5 on 100V setting ; Applied to Top ; Mesh & Vin of MCP @ +25V ; Vout of MCP @ +2025 V
# Oven	32 A
# Boxcar	Gate = 200 ns ; Amp = 25x ; Sensitivity = 5 mV
# Offset	+/- 30 mV IR/Oven offset.
# Bias	Top: 0 V ; Bot: -0.430 V ; IR: +0.045 V ; Oven: -0.045 V ; Vis: -0.005 V ; MW: +0.005 V
# Passes	4
i, step, norm, nbackground, signal, sbackground
0	0	0.302408	-0.0272334	0.0589355	-0.0485323	
1	744	0.308821	-0.0272334	0.0522272	-0.0485323	
2	1488	0.301981	-0.0272334	0.0530822	-0.0485323	
3	2232	0.297673	-0.0272334	0.0599549	-0.0485323	
4	2976	0.294615	-0.0272334	0.0581134	-0.0485323	
5	3720	0.286328	-0.0272334	0.0578504	-0.0485323	
6	4464	0.282875	-0.0272334	0.0578175	-0.0485323	
7	5208	0.300205	-0.0272334	0.0607441	-0.0485323	
8	5952	0.298758	-0.0272334	0.0613032	-0.0485323	
9	6696	0.295535	-0.0272334	0.0644271	-0.0485323	
10	7440	0.281757	-0.0272334	0.0544962	-0.0485323	
11	8184	0.283533	-0.0272334	0.0524574	-0.0485323	
12	8928	0.278469	-0.0272334	0.0709053	-0.0485323	
13	9672	0.258015	-0.0272334	0.0513065	-0.0485323	
14	10416	0.268439	-0.0272334	0.0621582	-0.0485323	
15	11160	0.277679	-0.0272334	0.0516682	-0.0485323	
16	11904	0.295207	-0.0272334	0.0634735	-0.0485323	
17	12648	0.289353	-0.0272334	0.0709382	-0.0485323	
18	13392	0.289057	-0.0272334	0.0566337	-0.0485323	
19	14136	0.278765	-0.0272334	0.0579161	-0.0485323	
20	14880	0.278863	-0.0272334	0.0651835	-0.0485323	
21	15624	0.305335	-0.0272334	0.0559102	-0.0485323	
22	16368	0.265775	-0.0272334	0.0627501	-0.0485323	
23	17112	0.285933	-0.0272334	0.0600207	-0.0485323	
24	17856	0.27255	-0.0272334	0.0615991	-0.0485323	
25	18600	0.298988	-0.0272334	0.0684061	-0.0485323	
26	19344	0.281165	-0.0272334	0.0696557	-0.0485323	
27	20088	0.285604	-0.0272334	0.0623883	-0.0485323	
28	20832	0.275739	-0.0272334	0.070412	-0.0485323	
29	21576	0.304217	-0.0272334	0.0674525	-0.0485323	
30	22320	0.289978	-0.0272334	0.0666961	-0.0485323	
31	23064	0.279685	-0.0272334	0.0613361	-0.0485323	
32	23808	0.26617	-0.0272334	0.0682746	-0.0485323	
33	24552	0.279981	-0.0272334	0.0623555	-0.0485323	
34	25296	0.283335	-0.0272334	0.0607441	-0.0485323	
35	26040	0.265447	-0.0272334	0.0532466	-0.0485323	
36	26784	0.277318	-0.0272334	0.0603167	-0.0485323	
37	27528	0.287841	-0.0272334	0.0615334	-0.0485323	
38	28272	0.26275	-0.0272334	0.0617307	-0.0485323	
39	29016	0.286558	-0.0272334	0.0560089	-0.0485323	
40	29760	0.290406	-0.0272334	0.0557129	-0.0485323	
41	30504	0.296621	-0.0272334	0.0638681	-0.0485323	
42	31248	0.303592	-0.0272334	0.045486	-0.0485323	
43	31992	0.277482	-0.0272334	0.0537728	-0.0485323	
44	32736	0.285309	-0.0272334	0.0588698	-0.0485323	
45	33480	0.29182	-0.0272334	0.0495636	-0.0485323	
46	34224	0.286295	-0.0272334	0.0564364	-0.0485323	
47	34968	0.294845	-0.0272334	0.0588698	-0.0485323	
48	35712	0.30231	-0.0272334	0.0548908	-0.0485323	
49	36456	0.284486	-0.0272334	0.0621253	-0.0485323	
50	37200	0.275575	-0.0272334	0.0503857	-0.0485323	
51	37944	0.297903	-0.0272334	0.0489388	-0.0485323	
52	38688	0.279357	-0.0272334	0.0546277	-0.0485323	
53	39432	0.287347	-0.0272334	0.0573242	-0.0485323	
54	40176	0.300369	-0.0272334	0.0544633	-0.0485323	
55	40920	0.296226	-0.0272334	0.0519642	-0.0485323	
56	41664	0.288992	-0.0272334	0.0597576	-0.0485323	
57	42408	0.284947	-0.0272334	0.0610401	-0.0485323	
58	43152	0.278765	-0.0272334	0.0624212	-0.0485323	
59	43896	0.293299	-0.0272334	0.0494321	-0.0485323	
60	44640	0.285473	-0.0272334	0.0640983	-0.0485323	
61	45384	0.270116	-0.0272334	0.0620924	-0.0485323	
62	46128	0.276002	-0.0272334	0.0681759	-0.0485323	
63	46872	0.291589	-0.0272334	0.0562062	-0.0485323	
64	47616	0.281231	-0.0272334	0.0617307	-0.0485323	
65	48360	0.276627	-0.0272334	0.0543647	-0.0485323	
66	49104	0.280343	-0.0272334	0.0613032	-0.0485323	
67	49848	0.280639	-0.0272334	0.0539043	-0.0485323	
68	50592	0.260711	-0.0272334	0.0625199	-0.0485323	
69	51336	0.273832	-0.0272334	0.062191	-0.0485323	
70	52080	0.273372	-0.0272334	0.0515695	-0.0485323	
71	52824	0.277186	-0.0272334	0.0592644	-0.0485323	
72	53568	0.269754	-0.0272334	0.065874	-0.0485323	
73	54312	0.293793	-0.0272334	0.0670579	-0.0485323	
74	55056	0.273109	-0.0272334	0.0545291	-0.0485323	
75	55800	0.284026	-0.0272334	0.0584752	-0.0485323	
76	56544	0.261106	-0.0272334	0.0641312	-0.0485323	
77	57288	0.265085	-0.0272334	0.0581792	-0.0485323	
78	58032	0.283467	-0.0272334	0.0574886	-0.0485323	
79	58776	0.287512	-0.0272334	0.0555485	-0.0485323	
80	59520	0.274753	-0.0272334	0.066729	-0.0485323	
81	60264	0.273503	-0.0272334	0.0577846	-0.0485323	
82	61008	0.27883	-0.0272334	0.0563377	-0.0485323	
83	61752	0.259988	-0.0272334	0.0620595	-0.0485323	
84	62496	0.260777	-0.0272334	0.0546935	-0.0485323	
85	63240	0.25693	-0.0272334	0.0567981	-0.0485323	
86	63984	0.280409	-0.0272334	0.0499911	-0.0485323	
87	64728	0.266334	-0.0272334	0.0468671	-0.0485323	
88	65472	0.263835	-0.0272334	0.0548579	-0.0485323	
89	66216	0.26834	-0.0272334	0.0598892	-0.0485323	
90	66960	0.268801	-0.0272334	0.0561404	-0.0485323	
91	67704	0.280869	-0.0272334	0.051438	-0.0485323	
92	68448	0.286229	-0.0272334	0.0491033	-0.0485323	
93	69192	0.271695	-0.0272334	0.0484456	-0.0485323	
94	69936	0.271168	-0.0272334	0.0554498	-0.0485323	
95	70680	0.285604	-0.0272334	0.0495965	-0.0485323	
96	71424	0.28544	-0.0272334	0.044368	-0.0485323	
97	72168	0.258672	-0.0272334	0.0495307	-0.0485323	
98	72912	0.283072	-0.0272334	0.0469987	-0.0485323	
99	73656	0.27814	-0.0272334	0.048051	-0.0485323	
100	74400	0.257193	-0.0272334	0.0535755	-0.0485323	
101	75144	0.266992	-0.0272334	0.0395998	-0.0485323	
102	75888	0.279521	-0.0272334	0.0498925	-0.0485323	
103	76632	0.26982	-0.0272334	0.0529507	-0.0485323	
104	77376	0.286788	-0.0272334	0.0554498	-0.0485323	
105	78120	0.270281	-0.0272334	0.0457491	-0.0485323	
106	78864	0.261895	-0.0272334	0.0479523	-0.0485323	
107	79608	0.277022	-0.0272334	0.0542003	-0.0485323	
108	80352	0.253839	-0.0272334	0.0544962	-0.0485323	
109	81096	0.26127	-0.0272334	0.0612703	-0.0485323	
110	81840	0.272319	-0.0272334	0.0551868	-0.0485323	
111	82584	0.280869	-0.0272334	0.0649862	-0.0485323	
112	83328	0.262684	-0.0272334	0.0525889	-0.0485323	
113	84072	0.267485	-0.0272334	0.0545949	-0.0485323	
114	84816	0.264822	-0.0272334	0.0673867	-0.0485323	
115	85560	0.269952	-0.0272334	0.0601522	-0.0485323	
116	86304	0.305105	-0.0272334	0.0534768	-0.0485323	
117	87048	0.256502	-0.0272334	0.0530164	-0.0485323	
118	87792	0.285572	-0.0272334	0.0605797	-0.0485323	
119	88536	0.260974	-0.0272334	0.0644929	-0.0485323	
120	89280	0.274884	-0.0272334	0.055121	-0.0485323	
121	90024	0.264329	-0.0272334	0.0651506	-0.0485323	
122	90768	0.265479	-0.0272334	0.0552525	-0.0485323	
123	91512	0.270642	-0.0272334	0.0659727	-0.0485323	
124	92256	0.292707	-0.0272334	0.0612703	-0.0485323	
125	93000	0.270445	-0.0272334	0.0594288	-0.0485323	
126	93744	0.282612	-0.0272334	0.0598892	-0.0485323	
127	94488	0.260744	-0.0272334	0.0536412	-0.0485323	
128	95232	0.286591	-0.0272334	0.0671565	-0.0485323	
129	95976	0.272418	-0.0272334	0.0517011	-0.0485323	
130	96720	0.258968	-0.0272334	0.0583765	-0.0485323	
131	97464	0.270182	-0.0272334	0.0568639	-0.0485323	
132	98208	0.25933	-0.0272334	0.0496952	-0.0485323	
133	98952	0.26663	-0.0272334	0.0585409	-0.0485323	
134	99696	0.274884	-0.0272334	0.0621582	-0.0485323	
135	100440	0.26571	-0.0272334	0.0524903	-0.0485323	
136	101184	0.266334	-0.0272334	0.0599549	-0.0485323	
137	101928	0.245026	-0.0272334	0.0571598	-0.0485323	
138	102672	0.272451	-0.0272334	0.0581134	-0.0485323	
139	103416	0.271399	-0.0272334	0.0475577	-0.0485323	
140	104160	0.274917	-0.0272334	0.0531809	-0.0485323	
141	104904	0.27712	-0.0272334	0.0513394	-0.0485323	
142	105648	0.256995	-0.0272334	0.0475248	-0.0485323	
143	106392	0.27449	-0.0272334	0.0575873	-0.0485323	
144	107136	0.269294	-0.0272334	0.054825	-0.0485323	
145	107880	0.283237	-0.0272334	0.0549566	-0.0485323	
146	108624	0.252655	-0.0272334	0.0479523	-0.0485323	
147	109368	0.268143	-0.0272334	0.0575544	-0.0485323	
148	110112	0.271431	-0.0272334	0.0509119	-0.0485323	
149	110856	0.272747	-0.0272334	0.0464397	-0.0485323	
150	111600	0.272254	-0.0272334	0.0591657	-0.0485323	
151	111042	0.257127	-0.0272334	0.0481825	-0.0485323	
152	110298	0.262257	-0.0272334	0.0501884	-0.0485323	
153	109554	0.251701	-0.0272334	0.0507474	-0.0485323	
154	108810	0.273964	-0.0272334	0.0627501	-0.0485323	
155	108066	0.283664	-0.0272334	0.0567323	-0.0485323	
156	107322	0.292346	-0.0272334	0.0576859	-0.0485323	
157	106578	0.274062	-0.0272334	0.0594288	-0.0485323	
158	105834	0.278206	-0.0272334	0.0536741	-0.0485323	
159	105090	0.292017	-0.0272334	0.0549566	-0.0485323	
160	104346	0.278666	-0.0272334	0.0620924	-0.0485323	
161	103602	0.287051	-0.0272334	0.0674853	-0.0485323	
162	102858	0.282415	-0.0272334	0.053411	-0.0485323	
163	102114	0.278699	-0.0272334	0.058804	-0.0485323	
164	101370	0.266696	-0.0272334	0.0653479	-0.0485323	
165	100626	0.273503	-0.0272334	0.0594946	-0.0485323	
166	99882	0.26811	-0.0272334	0.0615662	-0.0485323	
167	99138	0.280047	-0.0272334	0.0516024	-0.0485323	
168	98394	0.270412	-0.0272334	0.0479194	-0.0485323	
169	97650	0.257817	-0.0272334	0.0682417	-0.0485323	
170	96906	0.273273	-0.0272334	0.0567323	-0.0485323	
171	96162	0.277975	-0.0272334	0.0606455	-0.0485323	
172	95418	0.271596	-0.0272334	0.0597576	-0.0485323	
173	94674	0.267387	-0.0272334	0.0518655	-0.0485323	
174	93930	0.259823	-0.0272334	0.0562719	-0.0485323	
175	93186	0.242066	-0.0272334	0.0529507	-0.0485323	
176	92442	0.274358	-0.0272334	0.0636379	-0.0485323	
177	91698	0.285473	-0.0272334	0.060514	-0.0485323	
178	90954	0.283401	-0.0272334	0.0568967	-0.0485323	
179	90210	0.263375	-0.0272334	0.0593301	-0.0485323	
180	89466	0.272122	-0.0272334	0.0561733	-0.0485323	
181	88722	0.256502	-0.0272334	0.0451243	-0.0485323	
182	87978	0.258804	-0.0272334	0.0560089	-0.0485323	
183	87234	0.263145	-0.0272334	0.0555814	-0.0485323	
184	86490	0.256108	-0.0272334	0.0589355	-0.0485323	
185	85746	0.26104	-0.0272334	0.0482483	-0.0485323	
186	85002	0.296621	-0.0272334	0.0490375	-0.0485323	
187	84258	0.275509	-0.0272334	0.0548579	-0.0485323	
188	83514	0.279916	-0.0272334	0.0464725	-0.0485323	
189	82770	0.271136	-0.0272334	0.0555485	-0.0485323	
190	82026	0.272418	-0.0272334	0.044368	-0.0485323	
191	81282	0.261632	-0.0272334	0.051438	-0.0485323	
192	80538	0.262027	-0.0272334	0.0490046	-0.0485323	
193	79794	0.271793	-0.0272334	0.0583436	-0.0485323	
194	79050	0.267979	-0.0272334	0.0470973	-0.0485323	
195	78306	0.297114	-0.0272334	0.0545949	-0.0485323	
196	77562	0.265677	-0.0272334	0.0451901	-0.0485323	
197	76818	0.276298	-0.0272334	0.0482483	-0.0485323	
198	76074	0.271793	-0.0272334	0.0442036	-0.0485323	
199	75330	0.280573	-0.0272334	0.0476564	-0.0485323	
200	74586	0.27541	-0.0272334	0.0517011	-0.0485323	
201	73842	0.272845	-0.0272334	0.0485442	-0.0485323	
202	73098	0.266926	-0.0272334	0.0474919	-0.0485323	
203	72354	0.291359	-0.0272334	0.0471302	-0.0485323	
204	71610	0.280869	-0.0272334	0.0559431	-0.0485323	
205	70866	0.256535	-0.0272334	0.0560089	-0.0485323	
206	70122	0.265085	-0.0272334	0.0488402	-0.0485323	
207	69378	0.266532	-0.0272334	0.0514051	-0.0485323	
208	68634	0.26446	-0.0272334	0.0583436	-0.0485323	
209	67890	0.277022	-0.0272334	0.0586067	-0.0485323	
210	67146	0.267551	-0.0272334	0.0631447	-0.0485323	
211	66402	0.276956	-0.0272334	0.0537728	-0.0485323	
212	65658	0.273569	-0.0272334	0.0592644	-0.0485323	
213	64914	0.280606	-0.0272334	0.0557458	-0.0485323	
214	64170	0.260448	-0.0272334	0.0581463	-0.0485323	
215	63426	0.263046	-0.0272334	0.0732729	-0.0485323	
216	62682	0.289814	-0.0272334	0.0546277	-0.0485323	
217	61938	0.263112	-0.0272334	0.0562719	-0.0485323	
218	61194	0.269097	-0.0272334	0.0583436	-0.0485323	
219	60450	0.276759	-0.0272334	0.0663673	-0.0485323	
220	59706	0.275575	-0.0272334	0.0623226	-0.0485323	
221	58962	0.278732	-0.0272334	0.0572913	-0.0485323	
222	58218	0.261994	-0.0272334	0.0512736	-0.0485323	
223	57474	0.270576	-0.0272334	0.0654137	-0.0485323	
224	56730	0.269886	-0.0272334	0.0628158	-0.0485323	
225	55986	0.283467	-0.0272334	0.0665975	-0.0485323	
226	55242	0.29353	-0.0272334	0.0618293	-0.0485323	
227	54498	0.283993	-0.0272334	0.0640325	-0.0485323	
228	53754	0.279652	-0.0272334	0.0685047	-0.0485323	
229	53010	0.278238	-0.0272334	0.0580806	-0.0485323	
230	52266	0.271695	-0.0272334	0.0556143	-0.0485323	
231	51522	0.281099	-0.0272334	0.0674525	-0.0485323	
232	50778	0.267189	-0.0272334	0.0609086	-0.0485323	
233	50034	0.289551	-0.0272334	0.0552197	-0.0485323	
234	49290	0.278206	-0.0272334	0.0650519	-0.0485323	
235	48546	0.289583	-0.0272334	0.0594288	-0.0485323	
236	47802	0.266236	-0.0272334	0.0488731	-0.0485323	
237	47058	0.283171	-0.0272334	0.0545949	-0.0485323	
238	46314	0.276824	-0.0272334	0.0562391	-0.0485323	
239	45570	0.283171	-0.0272334	0.0464397	-0.0485323	
240	44826	0.288202	-0.0272334	0.0517997	-0.0485323	
241	44082	0.284914	-0.0272334	0.054266	-0.0485323	
242	43338	0.278534	-0.0272334	0.0567652	-0.0485323	
243	42594	0.287775	-0.0272334	0.0631776	-0.0485323	
244	41850	0.280573	-0.0272334	0.0383831	-0.0485323	
245	41106	0.274983	-0.0272334	0.0517668	-0.0485323	
246	40362	0.284125	-0.0272334	0.0543318	-0.0485323	
247	39618	0.290274	-0.0272334	0.0478865	-0.0485323	
248	38874	0.284684	-0.0272334	0.0588698	-0.0485323	
249	38130	0.297377	-0.0272334	0.0528191	-0.0485323	
250	37386	0.282941	-0.0272334	0.0463081	-0.0485323	
251	36642	0.29764	-0.0272334	0.051734	-0.0485323	
252	35898	0.280672	-0.0272334	0.0519642	-0.0485323	
253	35154	0.2859	-0.0272334	0.0576859	-0.0485323	
254	34410	0.284289	-0.0272334	0.049465	-0.0485323	
255	33666	0.290997	-0.0272334	0.057094	-0.0485323	
256	32922	0.297804	-0.0272334	0.0581463	-0.0485323	
257	32178	0.28179	-0.0272334	0.0542003	-0.0485323	
258	31434	0.287347	-0.0272334	0.0687349	-0.0485323	
259	30690	0.309939	-0.0272334	0.0634735	-0.0485323	
260	29946	0.280409	-0.0272334	0.0591328	-0.0485323	
261	29202	0.29547	-0.0272334	0.0550552	-0.0485323	
262	28458	0.290471	-0.0272334	0.0591328	-0.0485323	
263	27714	0.297278	-0.0272334	0.0715629	-0.0485323	
264	26970	0.274983	-0.0272334	0.0580148	-0.0485323	
265	26226	0.291754	-0.0272334	0.064197	-0.0485323	
266	25482	0.284289	-0.0272334	0.0611716	-0.0485323	
267	24738	0.28248	-0.0272334	0.0512078	-0.0485323	
268	23994	0.290044	-0.0272334	0.0615991	-0.0485323	
269	23250	0.28248	-0.0272334	0.0601522	-0.0485323	
270	22506	0.270248	-0.0272334	0.0581463	-0.0485323	
271	21762	0.274095	-0.0272334	0.0695899	-0.0485323	
272	21018	0.290406	-0.0272334	0.0635722	-0.0485323	
273	20274	0.279488	-0.0272334	0.0556143	-0.0485323	
274	19530	0.29445	-0.0272334	0.060218	-0.0485323	
275	18786	0.28863	-0.0272334	0.065315	-0.0485323	
276	18042	0.284618	-0.0272334	0.0613032	-0.0485323	
277	17298	0.297015	-0.0272334	0.0593959	-0.0485323	
278	16554	0.27324	-0.0272334	0.0707409	-0.0485323	
279	15810	0.288367	-0.0272334	0.0630789	-0.0485323	
280	15066	0.279488	-0.0272334	0.0598234	-0.0485323	
281	14322	0.281395	-0.0272334	0.0655452	-0.0485323	
282	13578	0.294746	-0.0272334	0.0586067	-0.0485323	
283	12834	0.306124	-0.0272334	0.0636379	-0.0485323	
284	12090	0.271826	-0.0272334	0.0655123	-0.0485323	
285	11346	0.299317	-0.0272334	0.0557787	-0.0485323	
286	10602	0.285703	-0.0272334	0.0560746	-0.0485323	
287	9858	0.299021	-0.0272334	0.0576202	-0.0485323	
288	9114	0.278107	-0.0272334	0.0714643	-0.0485323	
289	8370	0.297311	-0.0272334	0.0534768	-0.0485323	
290	7626	0.275312	-0.0272334	0.0535755	-0.0485323	
291	6882	0.280376	-0.0272334	0.0525561	-0.0485323	
292	6138	0.287873	-0.0272334	0.049169	-0.0485323	
293	5394	0.29639	-0.0272334	0.0666632	-0.0485323	
294	4650	0.298331	-0.0272334	0.0547593	-0.0485323	
295	3906	0.280869	-0.0272334	0.0580806	-0.0485323	
296	3162	0.283335	-0.0272334	0.054003	-0.0485323	
297	2418	0.301586	-0.0272334	0.0509448	-0.0485323	
298	1674	0.292905	-0.0272334	0.0622239	-0.0485323	
299	930	0.287347	-0.0272334	0.0579819	-0.0485323	
300	186	0.277022	-0.0272334	0.0485771	-0.0485323	
301	372	0.299777	-0.0272334	0.0525889	-0.0485323	
302	1116	0.281626	-0.0272334	0.0648218	-0.0485323	
303	1860	0.299021	-0.0272334	0.0607441	-0.0485323	
304	2604	0.288268	-0.0272334	0.0487744	-0.0485323	
305	3348	0.285374	-0.0272334	0.0581792	-0.0485323	
306	4092	0.274358	-0.0272334	0.0513394	-0.0485323	
307	4836	0.277679	-0.0272334	0.0462095	-0.0485323	
308	5580	0.277153	-0.0272334	0.0549566	-0.0485323	
309	6324	0.265414	-0.0272334	0.0490704	-0.0485323	
310	7068	0.277219	-0.0272334	0.0595932	-0.0485323	
311	7812	0.290734	-0.0272334	0.0615662	-0.0485323	
312	8556	0.285506	-0.0272334	0.0613361	-0.0485323	
313	9300	0.288038	-0.0272334	0.0480839	-0.0485323	
314	10044	0.289255	-0.0272334	0.0634735	-0.0485323	
315	10788	0.286394	-0.0272334	0.0580477	-0.0485323	
316	11532	0.285144	-0.0272334	0.0612374	-0.0485323	
317	12276	0.288169	-0.0272334	0.0604153	-0.0485323	
318	13020	0.289781	-0.0272334	0.065874	-0.0485323	
319	13764	0.276989	-0.0272334	0.0621582	-0.0485323	
320	14508	0.284223	-0.0272334	0.068439	-0.0485323	
321	15252	0.279784	-0.0272334	0.0533782	-0.0485323	
322	15996	0.275312	-0.0272334	0.0501227	-0.0485323	
323	16740	0.282579	-0.0272334	0.0606126	-0.0485323	
324	17484	0.289814	-0.0272334	0.0647231	-0.0485323	
325	18228	0.285933	-0.0272334	0.0669263	-0.0485323	
326	18972	0.297443	-0.0272334	0.0628158	-0.0485323	
327	19716	0.273109	-0.0272334	0.0615005	-0.0485323	
328	20460	0.287512	-0.0272334	0.0707737	-0.0485323	
329	21204	0.287545	-0.0272334	0.0609743	-0.0485323	
330	21948	0.286459	-0.0272334	0.061928	-0.0485323	
331	22692	0.255746	-0.0272334	0.0573571	-0.0485323	
332	23436	0.274654	-0.0272334	0.0549237	-0.0485323	
333	24180	0.286755	-0.0272334	0.0411125	-0.0485323	
334	24924	0.2713	-0.0272334	0.059363	-0.0485323	
335	25668	0.299646	-0.0272334	0.0579161	-0.0485323	
336	26412	0.293168	-0.0272334	0.0743581	-0.0485323	
337	27156	0.281921	-0.0272334	0.0608757	-0.0485323	
338	27900	0.288202	-0.0272334	0.0544962	-0.0485323	
339	28644	0.288038	-0.0272334	0.058245	-0.0485323	
340	29388	0.287676	-0.0272334	0.0543647	-0.0485323	
341	30132	0.28054	-0.0272334	0.0547264	-0.0485323	
342	30876	0.309741	-0.0272334	0.0602509	-0.0485323	
343	31620	0.2884	-0.0272334	0.0562391	-0.0485323	
344	32364	0.271464	-0.0272334	0.0539043	-0.0485323	
345	33108	0.286986	-0.0272334	0.0513065	-0.0485323	
346	33852	0.290866	-0.0272334	0.0453874	-0.0485323	
347	34596	0.288531	-0.0272334	0.0540358	-0.0485323	
348	35340	0.272155	-0.0272334	0.051734	-0.0485323	
349	36084	0.283631	-0.0272334	0.0482483	-0.0485323	
350	36828	0.284256	-0.0272334	0.0558773	-0.0485323	
351	37572	0.284947	-0.0272334	0.0546606	-0.0485323	
352	38316	0.292181	-0.0272334	0.0518655	-0.0485323	
353	39060	0.288301	-0.0272334	0.0525561	-0.0485323	
354	39804	0.311254	-0.0272334	0.0551868	-0.0485323	
355	40548	0.284651	-0.0272334	0.0465712	-0.0485323	
356	41292	0.309511	-0.0272334	0.0581463	-0.0485323	
357	42036	0.291491	-0.0272334	0.0569954	-0.0485323	
358	42780	0.281954	-0.0272334	0.0544633	-0.0485323	
359	43524	0.288992	-0.0272334	0.0494979	-0.0485323	
360	44268	0.280376	-0.0272334	0.0436774	-0.0485323	
361	45012	0.268998	-0.0272334	0.0516024	-0.0485323	
362	45756	0.268505	-0.0272334	0.0462424	-0.0485323	
363	46500	0.28304	-0.0272334	0.0541345	-0.0485323	
364	47244	0.267683	-0.0272334	0.0642956	-0.0485323	
365	47988	0.290208	-0.0272334	0.0653479	-0.0485323	
366	48732	0.262487	-0.0272334	0.0578833	-0.0485323	
367	49476	0.287018	-0.0272334	0.0658083	-0.0485323	
368	50220	0.27814	-0.0272334	0.0621253	-0.0485323	
369	50964	0.275969	-0.0272334	0.0557787	-0.0485323	
370	51708	0.272648	-0.0272334	0.0460122	-0.0485323	
371	52452	0.269524	-0.0272334	0.051997	-0.0485323	
372	53196	0.28715	-0.0272334	0.065611	-0.0485323	
373	53940	0.280968	-0.0272334	0.0725823	-0.0485323	
374	54684	0.285341	-0.0272334	0.0652164	-0.0485323	
375	55428	0.272089	-0.0272334	0.0649204	-0.0485323	
376	56172	0.250715	-0.0272334	0.0550224	-0.0485323	
377	56916	0.27176	-0.0272334	0.0482812	-0.0485323	
378	57660	0.276923	-0.0272334	0.0562391	-0.0485323	
379	58404	0.286229	-0.0272334	0.060514	-0.0485323	
380	59148	0.254759	-0.0272334	0.0551868	-0.0485323	
381	59892	0.281198	-0.0272334	0.065611	-0.0485323	
382	60636	0.287413	-0.0272334	0.0632762	-0.0485323	
383	61380	0.277351	-0.0272334	0.0526547	-0.0485323	
384	62124	0.267354	-0.0272334	0.0594946	-0.0485323	
385	62868	0.273306	-0.0272334	0.0627829	-0.0485323	
386	63612	0.279817	-0.0272334	0.0592973	-0.0485323	
387	64356	0.281198	-0.0272334	0.0493992	-0.0485323	
388	65100	0.287972	-0.0272334	0.0566008	-0.0485323	
389	65844	0.26936	-0.0272334	0.0484456	-0.0485323	
390	66588	0.284421	-0.0272334	0.0529507	-0.0485323	
391	67332	0.291918	-0.0272334	0.0588369	-0.0485323	
392	68076	0.2786	-0.0272334	0.0470973	-0.0485323	
393	68820	0.271563	-0.0272334	0.0607113	-0.0485323	
394	69564	0.293299	-0.0272334	0.0538385	-0.0485323	
395	70308	0.287347	-0.0272334	0.0574229	-0.0485323	
396	71052	0.279981	-0.0272334	0.0568967	-0.0485323	
397	71796	0.269327	-0.0272334	0.0514051	-0.0485323	
398	72540	0.278173	-0.0272334	0.0489388	-0.0485323	
399	73284	0.274555	-0.0272334	0.0474262	-0.0485323	
400	74028	0.283664	-0.0272334	0.054825	-0.0485323	
401	74772	0.276035	-0.0272334	0.0450914	-0.0485323	
402	75516	0.278567	-0.0272334	0.0515367	-0.0485323	
403	76260	0.274227	-0.0272334	0.0480839	-0.0485323	
404	77004	0.287512	-0.0272334	0.0592973	-0.0485323	
405	77748	0.264855	-0.0272334	0.0394025	-0.0485323	
406	78492	0.271596	-0.0272334	0.0469329	-0.0485323	
407	79236	0.277647	-0.0272334	0.0420332	-0.0485323	
408	79980	0.276035	-0.0272334	0.0470316	-0.0485323	
409	80724	0.259495	-0.0272334	0.0524245	-0.0485323	
410	81468	0.279159	-0.0272334	0.0524574	-0.0485323	
411	82212	0.280738	-0.0272334	0.0647889	-0.0485323	
412	82956	0.263243	-0.0272334	0.0619609	-0.0485323	
413	83700	0.272319	-0.0272334	0.0460122	-0.0485323	
414	84444	0.278107	-0.0272334	0.051997	-0.0485323	
415	85188	0.278567	-0.0272334	0.0580806	-0.0485323	
416	85932	0.264723	-0.0272334	0.055121	-0.0485323	
417	86676	0.266137	-0.0272334	0.0524574	-0.0485323	
418	87420	0.278469	-0.0272334	0.0509776	-0.0485323	
419	88164	0.282678	-0.0272334	0.0593959	-0.0485323	
420	88908	0.275739	-0.0272334	0.0541016	-0.0485323	
421	89652	0.263441	-0.0272334	0.0523916	-0.0485323	
422	90396	0.272582	-0.0272334	0.0545949	-0.0485323	
423	91140	0.265644	-0.0272334	0.0529836	-0.0485323	
424	91884	0.264	-0.0272334	0.0546277	-0.0485323	
425	92628	0.274128	-0.0272334	0.051734	-0.0485323	
426	93372	0.285637	-0.0272334	0.0559431	-0.0485323	
427	94116	0.259067	-0.0272334	0.0651506	-0.0485323	
428	94860	0.270083	-0.0272334	0.0659069	-0.0485323	
429	95604	0.274358	-0.0272334	0.0619937	-0.0485323	
430	96348	0.281724	-0.0272334	0.0590342	-0.0485323	
431	97092	0.261764	-0.0272334	0.0552525	-0.0485323	
432	97836	0.268735	-0.0272334	0.067584	-0.0485323	
433	98580	0.283072	-0.0272334	0.0542989	-0.0485323	
434	99324	0.256963	-0.0272334	0.0505173	-0.0485323	
435	100068	0.266499	-0.0272334	0.0612703	-0.0485323	
436	100812	0.267748	-0.0272334	0.0566994	-0.0485323	
437	101556	0.266828	-0.0272334	0.0555156	-0.0485323	
438	102300	0.25887	-0.0272334	0.0511092	-0.0485323	
439	103044	0.246209	-0.0272334	0.0594288	-0.0485323	
440	103788	0.25693	-0.0272334	0.0537728	-0.0485323	
441	104532	0.257752	-0.0272334	0.0459464	-0.0485323	
442	105276	0.29399	-0.0272334	0.053707	-0.0485323	
443	106020	0.269952	-0.0272334	0.054562	-0.0485323	
444	106764	0.268012	-0.0272334	0.0545949	-0.0485323	
445	107508	0.27278	-0.0272334	0.0515367	-0.0485323	
446	108252	0.276233	-0.0272334	0.0536412	-0.0485323	
447	108996	0.283007	-0.0272334	0.0485113	-0.0485323	
448	109740	0.275575	-0.0272334	0.044927	-0.0485323	
449	110484	0.291787	-0.0272334	0.0528191	-0.0485323	
450	111228	0.275114	-0.0272334	0.0589684	-0.0485323	
451	111414	0.282908	-0.0272334	0.0507803	-0.0485323	
452	110670	0.274555	-0.0272334	0.0517997	-0.0485323	
453	109926	0.255154	-0.0272334	0.0532466	-0.0485323	
454	109182	0.271727	-0.0272334	0.0527862	-0.0485323	
455	108438	0.264953	-0.0272334	0.0441049	-0.0485323	
456	107694	0.264559	-0.0272334	0.0499254	-0.0485323	
457	106950	0.281362	-0.0272334	0.0459135	-0.0485323	
458	106206	0.277088	-0.0272334	0.0516353	-0.0485323	
459	105462	0.291228	-0.0272334	0.0559102	-0.0485323	
460	104718	0.279324	-0.0272334	0.0522272	-0.0485323	
461	103974	0.283631	-0.0272334	0.0507803	-0.0485323	
462	103230	0.251306	-0.0272334	0.0597905	-0.0485323	
463	102486	0.267387	-0.0272334	0.0559102	-0.0485323	
464	101742	0.273306	-0.0272334	0.0613689	-0.0485323	
465	100998	0.295239	-0.0272334	0.0667948	-0.0485323	
466	100254	0.268472	-0.0272334	0.0595603	-0.0485323	
467	99510	0.283171	-0.0272334	0.0618293	-0.0485323	
468	98766	0.265545	-0.0272334	0.0538056	-0.0485323	
469	98022	0.275871	-0.0272334	0.0502542	-0.0485323	
470	97278	0.274819	-0.0272334	0.0622239	-0.0485323	
471	96534	0.26104	-0.0272334	0.0603167	-0.0485323	
472	95790	0.270346	-0.0272334	0.0620595	-0.0485323	
473	95046	0.282448	-0.0272334	0.0648546	-0.0485323	
474	94302	0.272517	-0.0272334	0.0597905	-0.0485323	
475	93558	0.270905	-0.0272334	0.0627172	-0.0485323	
476	92814	0.278633	-0.0272334	0.0465054	-0.0485323	
477	92070	0.277318	-0.0272334	0.0680115	-0.0485323	
478	91326	0.279357	-0.0272334	0.053411	-0.0485323	
479	90582	0.273109	-0.0272334	0.0609086	-0.0485323	
480	89838	0.27689	-0.0272334	0.0545949	-0.0485323	
481	89094	0.283631	-0.0272334	0.0568639	-0.0485323	
482	88350	0.263243	-0.0272334	0.0640654	-0.0485323	
483	87606	0.260054	-0.0272334	0.0637037	-0.0485323	
484	86862	0.263178	-0.0272334	0.0552197	-0.0485323	
485	86118	0.285604	-0.0272334	0.0673538	-0.0485323	
486	85374	0.27712	-0.0272334	0.0579819	-0.0485323	
487	84630	0.276528	-0.0272334	0.0606455	-0.0485323	
488	83886	0.293694	-0.0272334	0.0553183	-0.0485323	
489	83142	0.272944	-0.0272334	0.0612703	-0.0485323	
490	82398	0.286394	-0.0272334	0.0490704	-0.0485323	
491	81654	0.277252	-0.0272334	0.0385804	-0.0485323	
492	80910	0.271037	-0.0272334	0.0520299	-0.0485323	
493	80166	0.290274	-0.0272334	0.0577846	-0.0485323	
494	79422	0.266433	-0.0272334	0.0449599	-0.0485323	
495	78678	0.283599	-0.0272334	0.0444009	-0.0485323	
496	77934	0.284421	-0.0272334	0.0458806	-0.0485323	
497	77190	0.269886	-0.0272334	0.0520628	-0.0485323	
498	76446	0.280244	-0.0272334	0.0579819	-0.0485323	
499	75702	0.259626	-0.0272334	0.0472618	-0.0485323	
500	74958	0.278502	-0.0272334	0.0496294	-0.0485323	
501	74214	0.274753	-0.0272334	0.0462095	-0.0485323	
502	73470	0.267222	-0.0272334	0.0533782	-0.0485323	
503	72726	0.278962	-0.0272334	0.0570612	-0.0485323	
504	71982	0.289452	-0.0272334	0.0519313	-0.0485323	
505	71238	0.295766	-0.0272334	0.0438089	-0.0485323	
506	70494	0.266532	-0.0272334	0.0495636	-0.0485323	
507	69750	0.264559	-0.0272334	0.0500569	-0.0485323	
508	69006	0.268242	-0.0272334	0.0454203	-0.0485323	
509	68262	0.28054	-0.0272334	0.0519642	-0.0485323	
510	67518	0.283105	-0.0272334	0.0621253	-0.0485323	
511	66774	0.291754	-0.0272334	0.0571927	-0.0485323	
512	66030	0.264329	-0.0272334	0.0632104	-0.0485323	
513	65286	0.279192	-0.0272334	0.0601194	-0.0485323	
514	64542	0.269919	-0.0272334	0.0574229	-0.0485323	
515	63798	0.26492	-0.0272334	0.0574229	-0.0485323	
516	63054	0.267913	-0.0272334	0.0548579	-0.0485323	
517	62310	0.264526	-0.0272334	0.043217	-0.0485323	
518	61566	0.270609	-0.0272334	0.0493006	-0.0485323	
519	60822	0.266433	-0.0272334	0.0524245	-0.0485323	
520	60078	0.279718	-0.0272334	0.0592973	-0.0485323	
521	59334	0.257719	-0.0272334	0.0617635	-0.0485323	
522	58590	0.254233	-0.0272334	0.0676169	-0.0485323	
523	57846	0.24838	-0.0272334	0.0600536	-0.0485323	
524	57102	0.278534	-0.0272334	0.0603824	-0.0485323	
525	56358	0.27176	-0.0272334	0.0567323	-0.0485323	
526	55614	0.286196	-0.0272334	0.0513394	-0.0485323	
527	54870	0.283993	-0.0272334	0.063046	-0.0485323	
528	54126	0.263802	-0.0272334	0.05739	-0.0485323	
529	53382	0.264394	-0.0272334	0.0565021	-0.0485323	
530	52638	0.273799	-0.0272334	0.0469329	-0.0485323	
531	51894	0.26252	-0.0272334	0.0552854	-0.0485323	
532	51150	0.284815	-0.0272334	0.0498925	-0.0485323	
533	50406	0.26834	-0.0272334	0.0501555	-0.0485323	
534	49662	0.284815	-0.0272334	0.0543647	-0.0485323	
535	48918	0.260284	-0.0272334	0.0499582	-0.0485323	
536	48174	0.257554	-0.0272334	0.0567323	-0.0485323	
537	47430	0.263375	-0.0272334	0.0566008	-0.0485323	
538	46686	0.274194	-0.0272334	0.0508461	-0.0485323	
539	45942	0.288038	-0.0272334	0.0494321	-0.0485323	
540	45198	0.27278	-0.0272334	0.0426909	-0.0485323	
541	44454	0.261533	-0.0272334	0.052293	-0.0485323	
542	43710	0.27541	-0.0272334	0.0464068	-0.0485323	
543	42966	0.274523	-0.0272334	0.0518326	-0.0485323	
544	42222	0.275378	-0.0272334	0.0507146	-0.0485323	
545	41478	0.27518	-0.0272334	0.0461766	-0.0485323	
546	40734	0.285539	-0.0272334	0.0455189	-0.0485323	
547	39990	0.281593	-0.0272334	0.0524245	-0.0485323	
548	39246	0.28396	-0.0272334	0.0467356	-0.0485323	
549	38502	0.266663	-0.0272334	0.0501555	-0.0485323	
550	37758	0.271892	-0.0272334	0.0455847	-0.0485323	
551	37014	0.277252	-0.0272334	0.0406192	-0.0485323	
552	36270	0.283467	-0.0272334	0.0468014	-0.0485323	
553	35526	0.278797	-0.0272334	0.0553183	-0.0485323	
554	34782	0.282875	-0.0272334	0.0495965	-0.0485323	
555	34038	0.279981	-0.0272334	0.0384818	-0.0485323	
556	33294	0.279751	-0.0272334	0.0544633	-0.0485323	
557	32550	0.284651	-0.0272334	0.0536083	-0.0485323	
558	31806	0.284223	-0.0272334	0.0444995	-0.0485323	
559	31062	0.28225	-0.0272334	0.0510763	-0.0485323	
560	30318	0.269064	-0.0272334	0.0527862	-0.0485323	
561	29574	0.289879	-0.0272334	0.0533782	-0.0485323	
562	28830	0.282152	-0.0272334	0.0584423	-0.0485323	
563	28086	0.28225	-0.0272334	0.0516682	-0.0485323	
564	27342	0.275114	-0.0272334	0.0533453	-0.0485323	
565	26598	0.30471	-0.0272334	0.0607441	-0.0485323	
566	25854	0.277482	-0.0272334	0.0637037	-0.0485323	
567	25110	0.289583	-0.0272334	0.0592973	-0.0485323	
568	24366	0.27199	-0.0272334	0.0579161	-0.0485323	
569	23622	0.277482	-0.0272334	0.047755	-0.0485323	
570	22878	0.276167	-0.0272334	0.0604811	-0.0485323	
571	22134	0.278173	-0.0272334	0.0714972	-0.0485323	
572	21390	0.287512	-0.0272334	0.0587053	-0.0485323	
573	20646	0.285539	-0.0272334	0.059363	-0.0485323	
574	19902	0.278732	-0.0272334	0.0543976	-0.0485323	
575	19158	0.284947	-0.0272334	0.0631447	-0.0485323	
576	18414	0.284519	-0.0272334	0.0651177	-0.0485323	
577	17670	0.299218	-0.0272334	0.0502542	-0.0485323	
578	16926	0.282678	-0.0272334	0.0632104	-0.0485323	
579	16182	0.287972	-0.0272334	0.0786988	-0.0485323	
580	15438	0.278502	-0.0272334	0.0680444	-0.0485323	
581	14694	0.268768	-0.0272334	0.0536083	-0.0485323	
582	13950	0.263605	-0.0272334	0.0612703	-0.0485323	
583	13206	0.285177	-0.0272334	0.0603824	-0.0485323	
584	12462	0.286821	-0.0272334	0.0620595	-0.0485323	
585	11718	0.281034	-0.0272334	0.0578175	-0.0485323	
586	10974	0.288071	-0.0272334	0.0547593	-0.0485323	
587	10230	0.294253	-0.0272334	0.0522601	-0.0485323	
588	9486	0.28715	-0.0272334	0.0487086	-0.0485323	
589	8742	0.276857	-0.0272334	0.0626514	-0.0485323	
590	7998	0.289386	-0.0272334	0.0580477	-0.0485323	
591	7254	0.28031	-0.0272334	0.0561075	-0.0485323	
592	6510	0.277679	-0.0272334	0.061632	-0.0485323	
593	5766	0.267518	-0.0272334	0.051997	-0.0485323	
594	5022	0.280113	-0.0272334	0.0474919	-0.0485323	
595	4278	0.303789	-0.0272334	0.0473604	-0.0485323	
596	3534	0.274292	-0.0272334	0.0492348	-0.0485323	
597	2790	0.283138	-0.0272334	0.0538714	-0.0485323	
598	2046	0.286065	-0.0272334	0.0526218	-0.0485323	
599	1302	0.273174	-0.0272334	0.0461437	-0.0485323	
600	558	0.296982	-0.026454	0.0519642	-0.0489861	
