# 2016-09-27-Tuesday
# DL-Pro & DL-100 Locked delay scan.
# DL-Pro @ 365840.7 GHz & DL-100 @ 365824.8 GHz
# B2 = T2 + 2.050 us
# HP 214B FIP at 5.5 on 100V setting ; Applied to Top ; Mesh & Vin of MCP @ +25V ; Vout of MCP @ +2025 V
# Oven @ 32 A
# MW On ; f = 15931.6 MHz; Attn = 44 dB (38+6)
# Static 300 mV Pulsed
# Gate = 200 ns ; Amp = 25x ; Sensitivity = 5 mV
# +/- 30 mV IR/Oven offset.
# Top: 0 V ; Bot: -0.430 V ; IR: +0.045 V ; Oven: -0.045 V ; Vis: -0.005 V ; MW: +0.005 V
# i, step, norm, norm bkgnd, signal, signal bkgnd
# 4 passes
0	0	0.274851	-0.0292689	0.11053	-0.0508276	
1	744	0.267124	-0.0292689	0.0806389	-0.0508276	
2	1488	0.26788	-0.0292689	0.0953051	-0.0508276	
3	2232	0.287216	-0.0292689	0.105828	-0.0508276	
4	2976	0.264164	-0.0292689	0.0997444	-0.0508276	
5	3720	0.268735	-0.0292689	0.102277	-0.0508276	
6	4464	0.248347	-0.0292689	0.0943844	-0.0508276	
7	5208	0.25443	-0.0292689	0.112799	-0.0508276	
8	5952	0.26206	-0.0292689	0.0968178	-0.0508276	
9	6696	0.255187	-0.0292689	0.0748185	-0.0508276	
10	7440	0.257456	-0.0292689	0.0950092	-0.0508276	
11	8184	0.26423	-0.0292689	0.0903725	-0.0508276	
12	8928	0.269162	-0.0292689	0.097311	-0.0508276	
13	9672	0.256963	-0.0292689	0.101323	-0.0508276	
14	10416	0.259988	-0.0292689	0.0903396	-0.0508276	
15	11160	0.250254	-0.0292689	0.0897806	-0.0508276	
16	11904	0.26275	-0.0292689	0.100961	-0.0508276	
17	12648	0.255713	-0.0292689	0.093069	-0.0508276	
18	13392	0.254759	-0.0292689	0.0928059	-0.0508276	
19	14136	0.277022	-0.0292689	0.103855	-0.0508276	
20	14880	0.26594	-0.0292689	0.0956997	-0.0508276	
21	15624	0.254365	-0.0292689	0.0935952	-0.0508276	
22	16368	0.266828	-0.0292689	0.0879062	-0.0508276	
23	17112	0.240981	-0.0292689	0.0956668	-0.0508276	
24	17856	0.238679	-0.0292689	0.102803	-0.0508276	
25	18600	0.251734	-0.0292689	0.109906	-0.0508276	
26	19344	0.25887	-0.0292689	0.0983962	-0.0508276	
27	20088	0.274555	-0.0292689	0.0905041	-0.0508276	
28	20832	0.272813	-0.0292689	0.0954367	-0.0508276	
29	21576	0.257883	-0.0292689	0.0952393	-0.0508276	
30	22320	0.266729	-0.0292689	0.0914906	-0.0508276	
31	23064	0.25591	-0.0292689	0.0915564	-0.0508276	
32	23808	0.267255	-0.0292689	0.0866238	-0.0508276	
33	24552	0.280211	-0.0292689	0.0976399	-0.0508276	
34	25296	0.251372	-0.0292689	0.0931348	-0.0508276	
35	26040	0.265414	-0.0292689	0.0822173	-0.0508276	
36	26784	0.269886	-0.0292689	0.0880378	-0.0508276	
37	27528	0.263835	-0.0292689	0.0924113	-0.0508276	
38	28272	0.275575	-0.0292689	0.0889914	-0.0508276	
39	29016	0.26788	-0.0292689	0.0962916	-0.0508276	
40	29760	0.253214	-0.0292689	0.0909973	-0.0508276	
41	30504	0.270708	-0.0292689	0.0990868	-0.0508276	
42	31248	0.27643	-0.0292689	0.104184	-0.0508276	
43	31992	0.263868	-0.0292689	0.0941213	-0.0508276	
44	32736	0.261073	-0.0292689	0.0878734	-0.0508276	
45	33480	0.27324	-0.0292689	0.0956011	-0.0508276	
46	34224	0.267485	-0.0292689	0.0930361	-0.0508276	
47	34968	0.274753	-0.0292689	0.0950749	-0.0508276	
48	35712	0.25956	-0.0292689	0.102474	-0.0508276	
49	36456	0.258442	-0.0292689	0.0902739	-0.0508276	
50	37200	0.273799	-0.0292689	0.0974755	-0.0508276	
51	37944	0.259297	-0.0292689	0.0995143	-0.0508276	
52	38688	0.264	-0.0292689	0.0955353	-0.0508276	
53	39432	0.258574	-0.0292689	0.0932992	-0.0508276	
54	40176	0.272747	-0.0292689	0.0981002	-0.0508276	
55	40920	0.263572	-0.0292689	0.0968507	-0.0508276	
56	41664	0.280047	-0.0292689	0.089386	-0.0508276	
57	42408	0.267814	-0.0292689	0.10152	-0.0508276	
58	43152	0.271201	-0.0292689	0.0894847	-0.0508276	
59	43896	0.263967	-0.0292689	0.103526	-0.0508276	
60	44640	0.267814	-0.0292689	0.0983304	-0.0508276	
61	45384	0.26663	-0.0292689	0.0943844	-0.0508276	
62	46128	0.268965	-0.0292689	0.10083	-0.0508276	
63	46872	0.269623	-0.0292689	0.104085	-0.0508276	
64	47616	0.263901	-0.0292689	0.101454	-0.0508276	
65	48360	0.27712	-0.0292689	0.0945488	-0.0508276	
66	49104	0.275904	-0.0292689	0.0846179	-0.0508276	
67	49848	0.272188	-0.0292689	0.0969493	-0.0508276	
68	50592	0.267222	-0.0292689	0.107472	-0.0508276	
69	51336	0.25693	-0.0292689	0.0857688	-0.0508276	
70	52080	0.256798	-0.0292689	0.0934965	-0.0508276	
71	52824	0.265973	-0.0292689	0.10277	-0.0508276	
72	53568	0.26936	-0.0292689	0.10517	-0.0508276	
73	54312	0.28248	-0.0292689	0.0930361	-0.0508276	
74	55056	0.282513	-0.0292689	0.109248	-0.0508276	
75	55800	0.283599	-0.0292689	0.095634	-0.0508276	
76	56544	0.257028	-0.0292689	0.09251	-0.0508276	
77	57288	0.267748	-0.0292689	0.0954038	-0.0508276	
78	58032	0.272155	-0.0292689	0.106354	-0.0508276	
79	58776	0.282974	-0.0292689	0.0960614	-0.0508276	
80	59520	0.260613	-0.0292689	0.0975083	-0.0508276	
81	60264	0.275476	-0.0292689	0.109642	-0.0508276	
82	61008	0.274062	-0.0292689	0.101389	-0.0508276	
83	61752	0.269228	-0.0292689	0.107406	-0.0508276	
84	62496	0.269393	-0.0292689	0.0985935	-0.0508276	
85	63240	0.281264	-0.0292689	0.104414	-0.0508276	
86	63984	0.276035	-0.0292689	0.0962587	-0.0508276	
87	64728	0.287446	-0.0292689	0.110004	-0.0508276	
88	65472	0.285506	-0.0292689	0.103822	-0.0508276	
89	66216	0.266236	-0.0292689	0.0859661	-0.0508276	
90	66960	0.25739	-0.0292689	0.0900766	-0.0508276	
91	67704	0.260481	-0.0292689	0.105137	-0.0508276	
92	68448	0.290636	-0.0292689	0.0992183	-0.0508276	
93	69192	0.273668	-0.0292689	0.107308	-0.0508276	
94	69936	0.275082	-0.0292689	0.100073	-0.0508276	
95	70680	0.292181	-0.0292689	0.105039	-0.0508276	
96	71424	0.277383	-0.0292689	0.109675	-0.0508276	
97	72168	0.283631	-0.0292689	0.0976728	-0.0508276	
98	72912	0.257061	-0.0292689	0.110136	-0.0508276	
99	73656	0.281724	-0.0292689	0.0942528	-0.0508276	
100	74400	0.28863	-0.0292689	0.100369	-0.0508276	
101	75144	0.27449	-0.0292689	0.105368	-0.0508276	
102	75888	0.280672	-0.0292689	0.10152	-0.0508276	
103	76632	0.285144	-0.0292689	0.111813	-0.0508276	
104	77376	0.284585	-0.0292689	0.105532	-0.0508276	
105	78120	0.278896	-0.0292689	0.0972453	-0.0508276	
106	78864	0.281954	-0.0292689	0.0930361	-0.0508276	
107	79608	0.274523	-0.0292689	0.100632	-0.0508276	
108	80352	0.264296	-0.0292689	0.0920825	-0.0508276	
109	81096	0.281099	-0.0292689	0.0903725	-0.0508276	
110	81840	0.270478	-0.0292689	0.102638	-0.0508276	
111	82584	0.271168	-0.0292689	0.0938582	-0.0508276	
112	83328	0.265644	-0.0292689	0.0912275	-0.0508276	
113	84072	0.282086	-0.0292689	0.0938253	-0.0508276	
114	84816	0.269656	-0.0292689	0.0963574	-0.0508276	
115	85560	0.274786	-0.0292689	0.101717	-0.0508276	
116	86304	0.264657	-0.0292689	0.102967	-0.0508276	
117	87048	0.284585	-0.0292689	0.110991	-0.0508276	
118	87792	0.274161	-0.0292689	0.105927	-0.0508276	
119	88536	0.285177	-0.0292689	0.109116	-0.0508276	
120	89280	0.256897	-0.0292689	0.0953709	-0.0508276	
121	90024	0.276561	-0.0292689	0.0963245	-0.0508276	
122	90768	0.275542	-0.0292689	0.102474	-0.0508276	
123	91512	0.263342	-0.0292689	0.104907	-0.0508276	
124	92256	0.284782	-0.0292689	0.114772	-0.0508276	
125	93000	0.278074	-0.0292689	0.0979687	-0.0508276	
126	93744	0.262915	-0.0292689	0.0975083	-0.0508276	
127	94488	0.256601	-0.0292689	0.0995471	-0.0508276	
128	95232	0.259626	-0.0292689	0.0947132	-0.0508276	
129	95976	0.270642	-0.0292689	0.109478	-0.0508276	
130	96720	0.2542	-0.0292689	0.0995471	-0.0508276	
131	97464	0.284651	-0.0292689	0.111057	-0.0508276	
132	98208	0.27712	-0.0292689	0.0941871	-0.0508276	
133	98952	0.268965	-0.0292689	0.103131	-0.0508276	
134	99696	0.287906	-0.0292689	0.101981	-0.0508276	
135	100440	0.272385	-0.0292689	0.101717	-0.0508276	
136	101184	0.284848	-0.0292689	0.100435	-0.0508276	
137	101928	0.262684	-0.0292689	0.101553	-0.0508276	
138	102672	0.276726	-0.0292689	0.0989881	-0.0508276	
139	103416	0.284355	-0.0292689	0.0919838	-0.0508276	
140	104160	0.2835	-0.0292689	0.102572	-0.0508276	
141	104904	0.269524	-0.0292689	0.0962259	-0.0508276	
142	105648	0.267814	-0.0292689	0.0989223	-0.0508276	
143	106392	0.261994	-0.0292689	0.0958313	-0.0508276	
144	107136	0.261796	-0.0292689	0.0869526	-0.0508276	
145	107880	0.273207	-0.0292689	0.0960943	-0.0508276	
146	108624	0.260119	-0.0292689	0.10688	-0.0508276	
147	109368	0.247919	-0.0292689	0.0975083	-0.0508276	
148	110112	0.249564	-0.0292689	0.103197	-0.0508276	
149	110856	0.260317	-0.0292689	0.0821844	-0.0508276	
150	111600	0.264592	-0.0292689	0.0983633	-0.0508276	
151	111042	0.272056	-0.0292689	0.095042	-0.0508276	
152	110298	0.254134	-0.0292689	0.0909316	-0.0508276	
153	109554	0.254661	-0.0292689	0.0827106	-0.0508276	
154	108810	0.242888	-0.0292689	0.0907014	-0.0508276	
155	108066	0.245815	-0.0292689	0.10448	-0.0508276	
156	107322	0.271563	-0.0292689	0.098462	-0.0508276	
157	106578	0.248972	-0.0292689	0.0899779	-0.0508276	
158	105834	0.255154	-0.0292689	0.102079	-0.0508276	
159	105090	0.28304	-0.0292689	0.0846836	-0.0508276	
160	104346	0.281099	-0.0292689	0.0952393	-0.0508276	
161	103602	0.257916	-0.0292689	0.0924771	-0.0508276	
162	102858	0.265808	-0.0292689	0.095042	-0.0508276	
163	102114	0.268998	-0.0292689	0.0962916	-0.0508276	
164	101370	0.247952	-0.0292689	0.0970808	-0.0508276	
165	100626	0.250616	-0.0292689	0.0956011	-0.0508276	
166	99882	0.277351	-0.0292689	0.10517	-0.0508276	
167	99138	0.281297	-0.0292689	0.0920825	-0.0508276	
168	98394	0.262947	-0.0292689	0.0902081	-0.0508276	
169	97650	0.255055	-0.0292689	0.096752	-0.0508276	
170	96906	0.250945	-0.0292689	0.0915564	-0.0508276	
171	96162	0.269195	-0.0292689	0.0994156	-0.0508276	
172	95418	0.259363	-0.0292689	0.0924771	-0.0508276	
173	94674	0.251274	-0.0292689	0.101586	-0.0508276	
174	93930	0.256436	-0.0292689	0.090537	-0.0508276	
175	93186	0.254759	-0.0292689	0.09251	-0.0508276	
176	92442	0.264065	-0.0292689	0.0977056	-0.0508276	
177	91698	0.250353	-0.0292689	0.0962587	-0.0508276	
178	90954	0.26127	-0.0292689	0.101948	-0.0508276	
179	90210	0.258442	-0.0292689	0.0978043	-0.0508276	
180	89466	0.264657	-0.0292689	0.0741937	-0.0508276	
181	88722	0.259363	-0.0292689	0.0940555	-0.0508276	
182	87978	0.270675	-0.0292689	0.10152	-0.0508276	
183	87234	0.270511	-0.0292689	0.105532	-0.0508276	
184	86490	0.257587	-0.0292689	0.0917208	-0.0508276	
185	85746	0.242954	-0.0292689	0.0960614	-0.0508276	
186	85002	0.205861	-0.0292689	0.0900108	-0.0508276	
187	84258	0.238975	-0.0292689	0.0885639	-0.0508276	
188	83514	0.234601	-0.0292689	0.0961272	-0.0508276	
189	82770	0.258508	-0.0292689	0.107998	-0.0508276	
190	82026	0.25055	-0.0292689	0.0798826	-0.0508276	
191	81282	0.229274	-0.0292689	0.0875445	-0.0508276	
192	80538	0.240981	-0.0292689	0.0972782	-0.0508276	
193	79794	0.253773	-0.0292689	0.0951407	-0.0508276	
194	79050	0.241178	-0.0292689	0.0878734	-0.0508276	
195	78306	0.273668	-0.0292689	0.0996458	-0.0508276	
196	77562	0.273141	-0.0292689	0.0934636	-0.0508276	
197	76818	0.258804	-0.0292689	0.0939898	-0.0508276	
198	76074	0.262553	-0.0292689	0.105368	-0.0508276	
199	75330	0.245157	-0.0292689	0.0987579	-0.0508276	
200	74586	0.256864	-0.0292689	0.0949763	-0.0508276	
201	73842	0.258245	-0.0292689	0.0986593	-0.0508276	
202	73098	0.268965	-0.0292689	0.0966862	-0.0508276	
203	72354	0.27301	-0.0292689	0.0992512	-0.0508276	
204	71610	0.298363	-0.0292689	0.0954367	-0.0508276	
205	70866	0.268209	-0.0292689	0.0992512	-0.0508276	
206	70122	0.262191	-0.0292689	0.0949434	-0.0508276	
207	69378	0.254595	-0.0292689	0.0942199	-0.0508276	
208	68634	0.259232	-0.0292689	0.0935294	-0.0508276	
209	67890	0.279324	-0.0292689	0.0830723	-0.0508276	
210	67146	0.275016	-0.0292689	0.105203	-0.0508276	
211	66402	0.266762	-0.0292689	0.0990868	-0.0508276	
212	65658	0.274259	-0.0292689	0.105072	-0.0508276	
213	64914	0.273569	-0.0292689	0.104874	-0.0508276	
214	64170	0.261599	-0.0292689	0.10517	-0.0508276	
215	63426	0.270313	-0.0292689	0.115858	-0.0508276	
216	62682	0.276035	-0.0292689	0.114246	-0.0508276	
217	61938	0.273207	-0.0292689	0.0960286	-0.0508276	
218	61194	0.284486	-0.0292689	0.102408	-0.0508276	
219	60450	0.281461	-0.0292689	0.10083	-0.0508276	
220	59706	0.274062	-0.0292689	0.0918523	-0.0508276	
221	58962	0.270083	-0.0292689	0.101158	-0.0508276	
222	58218	0.27962	-0.0292689	0.0902081	-0.0508276	
223	57474	0.276956	-0.0292689	0.0954038	-0.0508276	
224	56730	0.278238	-0.0292689	0.0948776	-0.0508276	
225	55986	0.265019	-0.0292689	0.100369	-0.0508276	
226	55242	0.283664	-0.0292689	0.105499	-0.0508276	
227	54498	0.271892	-0.0292689	0.0967191	-0.0508276	
228	53754	0.283533	-0.0292689	0.105236	-0.0508276	
229	53010	0.283829	-0.0292689	0.102737	-0.0508276	
230	52266	0.269393	-0.0292689	0.112898	-0.0508276	
231	51522	0.276134	-0.0292689	0.103493	-0.0508276	
232	50778	0.282842	-0.0292689	0.0980016	-0.0508276	
233	50034	0.290603	-0.0292689	0.1103	-0.0508276	
234	49290	0.294845	-0.0292689	0.105565	-0.0508276	
235	48546	0.274884	-0.0292689	0.110497	-0.0508276	
236	47802	0.282152	-0.0292689	0.103164	-0.0508276	
237	47058	0.278863	-0.0292689	0.0985606	-0.0508276	
238	46314	0.297903	-0.0292689	0.104809	-0.0508276	
239	45570	0.298429	-0.0292689	0.110892	-0.0508276	
240	44826	0.282974	-0.0292689	0.103921	-0.0508276	
241	44082	0.285309	-0.0292689	0.108689	-0.0508276	
242	43338	0.293727	-0.0292689	0.113293	-0.0508276	
243	42594	0.29353	-0.0292689	0.112799	-0.0508276	
244	41850	0.272813	-0.0292689	0.11303	-0.0508276	
245	41106	0.292083	-0.0292689	0.123158	-0.0508276	
246	40362	0.288696	-0.0292689	0.104151	-0.0508276	
247	39618	0.298627	-0.0292689	0.103559	-0.0508276	
248	38874	0.292017	-0.0292689	0.1054	-0.0508276	
249	38130	0.312767	-0.0292689	0.114707	-0.0508276	
250	37386	0.29182	-0.0292689	0.115792	-0.0508276	
251	36642	0.290044	-0.0292689	0.109577	-0.0508276	
252	35898	0.28863	-0.0292689	0.107341	-0.0508276	
253	35154	0.282612	-0.0292689	0.107242	-0.0508276	
254	34410	0.286624	-0.0292689	0.117798	-0.0508276	
255	33666	0.286427	-0.0292689	0.101323	-0.0508276	
256	32922	0.299876	-0.0292689	0.124934	-0.0508276	
257	32178	0.314838	-0.0292689	0.107965	-0.0508276	
258	31434	0.297213	-0.0292689	0.115956	-0.0508276	
259	30690	0.279685	-0.0292689	0.106321	-0.0508276	
260	29946	0.298331	-0.0292689	0.111122	-0.0508276	
261	29202	0.277252	-0.0292689	0.109577	-0.0508276	
262	28458	0.286492	-0.0292689	0.112668	-0.0508276	
263	27714	0.309314	-0.0292689	0.106124	-0.0508276	
264	26970	0.28304	-0.0292689	0.10665	-0.0508276	
265	26226	0.297673	-0.0292689	0.114509	-0.0508276	
266	25482	0.303658	-0.0292689	0.108064	-0.0508276	
267	24738	0.288038	-0.0292689	0.114871	-0.0508276	
268	23994	0.293891	-0.0292689	0.108656	-0.0508276	
269	23250	0.302803	-0.0292689	0.109116	-0.0508276	
270	22506	0.292806	-0.0292689	0.112043	-0.0508276	
271	21762	0.279258	-0.0292689	0.11589	-0.0508276	
272	21018	0.298791	-0.0292689	0.110037	-0.0508276	
273	20274	0.283862	-0.0292689	0.101981	-0.0508276	
274	19530	0.289222	-0.0292689	0.105992	-0.0508276	
275	18786	0.292247	-0.0292689	0.108228	-0.0508276	
276	18042	0.275279	-0.0292689	0.114509	-0.0508276	
277	17298	0.285243	-0.0292689	0.106749	-0.0508276	
278	16554	0.271695	-0.0292689	0.106124	-0.0508276	
279	15810	0.286229	-0.0292689	0.108459	-0.0508276	
280	15066	0.292477	-0.0292689	0.118357	-0.0508276	
281	14322	0.298166	-0.0292689	0.106782	-0.0508276	
282	13578	0.293595	-0.0292689	0.104217	-0.0508276	
283	12834	0.301159	-0.0292689	0.111714	-0.0508276	
284	12090	0.281461	-0.0292689	0.105006	-0.0508276	
285	11346	0.291984	-0.0292689	0.110793	-0.0508276	
286	10602	0.28419	-0.0292689	0.110728	-0.0508276	
287	9858	0.288564	-0.0292689	0.0988895	-0.0508276	
288	9114	0.298692	-0.0292689	0.104151	-0.0508276	
289	8370	0.288498	-0.0292689	0.115529	-0.0508276	
290	7626	0.296489	-0.0292689	0.101422	-0.0508276	
291	6882	0.296029	-0.0292689	0.100599	-0.0508276	
292	6138	0.283664	-0.0292689	0.11668	-0.0508276	
293	5394	0.28567	-0.0292689	0.108097	-0.0508276	
294	4650	0.302079	-0.0292689	0.109051	-0.0508276	
295	3906	0.292576	-0.0292689	0.108524	-0.0508276	
296	3162	0.295535	-0.0292689	0.108228	-0.0508276	
297	2418	0.299482	-0.0292689	0.104184	-0.0508276	
298	1674	0.304217	-0.0292689	0.103099	-0.0508276	
299	930	0.285243	-0.0292689	0.107045	-0.0508276	
300	186	0.285177	-0.0292689	0.115923	-0.0508276	
301	372	0.281165	-0.0292689	0.114213	-0.0508276	
302	1116	0.295996	-0.0292689	0.1103	-0.0508276	
303	1860	0.284519	-0.0292689	0.115726	-0.0508276	
304	2604	0.299547	-0.0292689	0.106913	-0.0508276	
305	3348	0.303428	-0.0292689	0.105795	-0.0508276	
306	4092	0.292444	-0.0292689	0.114838	-0.0508276	
307	4836	0.299186	-0.0292689	0.11839	-0.0508276	
308	5580	0.285374	-0.0292689	0.107176	-0.0508276	
309	6324	0.285341	-0.0292689	0.105598	-0.0508276	
310	7068	0.292642	-0.0292689	0.112076	-0.0508276	
311	7812	0.30129	-0.0292689	0.115594	-0.0508276	
312	8556	0.270905	-0.0292689	0.103658	-0.0508276	
313	9300	0.304381	-0.0292689	0.0992512	-0.0508276	
314	10044	0.299547	-0.0292689	0.112734	-0.0508276	
315	10788	0.288071	-0.0292689	0.104019	-0.0508276	
316	11532	0.303921	-0.0292689	0.111188	-0.0508276	
317	12276	0.277383	-0.0292689	0.110465	-0.0508276	
318	13020	0.291754	-0.0292689	0.108097	-0.0508276	
319	13764	0.284158	-0.0292689	0.101126	-0.0508276	
320	14508	0.301619	-0.0292689	0.114213	-0.0508276	
321	15252	0.2835	-0.0292689	0.102704	-0.0508276	
322	15996	0.278337	-0.0292689	0.113852	-0.0508276	
323	16740	0.275772	-0.0292689	0.113556	-0.0508276	
324	17484	0.285539	-0.0292689	0.106157	-0.0508276	
325	18228	0.30323	-0.0292689	0.110169	-0.0508276	
326	18972	0.292017	-0.0292689	0.108228	-0.0508276	
327	19716	0.295799	-0.0292689	0.101422	-0.0508276	
328	20460	0.296653	-0.0292689	0.104874	-0.0508276	
329	21204	0.298627	-0.0292689	0.124572	-0.0508276	
330	21948	0.287512	-0.0292689	0.0988566	-0.0508276	
331	22692	0.270774	-0.0292689	0.109445	-0.0508276	
332	23436	0.287314	-0.0292689	0.110202	-0.0508276	
333	24180	0.287479	-0.0292689	0.102013	-0.0508276	
334	24924	0.303592	-0.0292689	0.113654	-0.0508276	
335	25668	0.281428	-0.0292689	0.0983962	-0.0508276	
336	26412	0.312734	-0.0292689	0.109182	-0.0508276	
337	27156	0.28863	-0.0292689	0.115562	-0.0508276	
338	27900	0.272254	-0.0292689	0.104874	-0.0508276	
339	28644	0.291984	-0.0292689	0.103066	-0.0508276	
340	29388	0.284519	-0.0292689	0.10836	-0.0508276	
341	30132	0.284914	-0.0292689	0.111221	-0.0508276	
342	30876	0.283138	-0.0292689	0.108294	-0.0508276	
343	31620	0.284914	-0.0292689	0.101685	-0.0508276	
344	32364	0.298692	-0.0292689	0.109544	-0.0508276	
345	33108	0.274128	-0.0292689	0.107078	-0.0508276	
346	33852	0.274259	-0.0292689	0.117732	-0.0508276	
347	34596	0.284486	-0.0292689	0.105236	-0.0508276	
348	35340	0.293858	-0.0292689	0.103493	-0.0508276	
349	36084	0.293365	-0.0292689	0.115627	-0.0508276	
350	36828	0.296094	-0.0292689	0.11053	-0.0508276	
351	37572	0.281626	-0.0292689	0.0934307	-0.0508276	
352	38316	0.270412	-0.0292689	0.100008	-0.0508276	
353	39060	0.272813	-0.0292689	0.100303	-0.0508276	
354	39804	0.279784	-0.0292689	0.0992512	-0.0508276	
355	40548	0.259462	-0.0292689	0.0996458	-0.0508276	
356	41292	0.286131	-0.0292689	0.0936938	-0.0508276	
357	42036	0.302934	-0.0292689	0.100567	-0.0508276	
358	42780	0.277942	-0.0292689	0.113523	-0.0508276	
359	43524	0.283993	-0.0292689	0.105959	-0.0508276	
360	44268	0.272122	-0.0292689	0.0993498	-0.0508276	
361	45012	0.287676	-0.0292689	0.100567	-0.0508276	
362	45756	0.266302	-0.0292689	0.107867	-0.0508276	
363	46500	0.288827	-0.0292689	0.100764	-0.0508276	
364	47244	0.27666	-0.0292689	0.0965218	-0.0508276	
365	47988	0.279159	-0.0292689	0.105861	-0.0508276	
366	48732	0.28008	-0.0292689	0.0983962	-0.0508276	
367	49476	0.258344	-0.0292689	0.099876	-0.0508276	
368	50220	0.27985	-0.0292689	0.10619	-0.0508276	
369	50964	0.269557	-0.0292689	0.104973	-0.0508276	
370	51708	0.291754	-0.0292689	0.107176	-0.0508276	
371	52452	0.277614	-0.0292689	0.103131	-0.0508276	
372	53196	0.277844	-0.0292689	0.111057	-0.0508276	
373	53940	0.27495	-0.0292689	0.10471	-0.0508276	
374	54684	0.280244	-0.0292689	0.0972782	-0.0508276	
375	55428	0.277383	-0.0292689	0.108492	-0.0508276	
376	56172	0.292905	-0.0292689	0.104841	-0.0508276	
377	56916	0.285013	-0.0292689	0.0937925	-0.0508276	
378	57660	0.263112	-0.0292689	0.0979029	-0.0508276	
379	58404	0.281921	-0.0292689	0.10254	-0.0508276	
380	59148	0.281198	-0.0292689	0.106255	-0.0508276	
381	59892	0.280738	-0.0292689	0.106223	-0.0508276	
382	60636	0.258113	-0.0292689	0.107637	-0.0508276	
383	61380	0.277088	-0.0292689	0.119047	-0.0508276	
384	62124	0.27472	-0.0292689	0.0959957	-0.0508276	
385	62868	0.272352	-0.0292689	0.109412	-0.0508276	
386	63612	0.2713	-0.0292689	0.0992183	-0.0508276	
387	64356	0.273799	-0.0292689	0.0960614	-0.0508276	
388	65100	0.290175	-0.0292689	0.0961272	-0.0508276	
389	65844	0.293135	-0.0292689	0.110136	-0.0508276	
390	66588	0.266466	-0.0292689	0.102112	-0.0508276	
391	67332	0.283105	-0.0292689	0.0906356	-0.0508276	
392	68076	0.261501	-0.0292689	0.107341	-0.0508276	
393	68820	0.256075	-0.0292689	0.0976399	-0.0508276	
394	69564	0.275279	-0.0292689	0.108097	-0.0508276	
395	70308	0.255384	-0.0292689	0.108985	-0.0508276	
396	71052	0.279291	-0.0292689	0.110267	-0.0508276	
397	71796	0.290438	-0.0292689	0.106617	-0.0508276	
398	72540	0.26811	-0.0292689	0.105203	-0.0508276	
399	73284	0.265216	-0.0292689	0.0974097	-0.0508276	
400	74028	0.27814	-0.0292689	0.105269	-0.0508276	
401	74772	0.260711	-0.0292689	0.102145	-0.0508276	
402	75516	0.265216	-0.0292689	0.109873	-0.0508276	
403	76260	0.280803	-0.0292689	0.102046	-0.0508276	
404	77004	0.262783	-0.0292689	0.106223	-0.0508276	
405	77748	0.270412	-0.0292689	0.106223	-0.0508276	
406	78492	0.26834	-0.0292689	0.112405	-0.0508276	
407	79236	0.279126	-0.0292689	0.0979358	-0.0508276	
408	79980	0.275805	-0.0292689	0.0975083	-0.0508276	
409	80724	0.28886	-0.0292689	0.0957655	-0.0508276	
410	81468	0.275937	-0.0292689	0.0971795	-0.0508276	
411	82212	0.279324	-0.0292689	0.108097	-0.0508276	
412	82956	0.262915	-0.0292689	0.103296	-0.0508276	
413	83700	0.277351	-0.0292689	0.102244	-0.0508276	
414	84444	0.271727	-0.0292689	0.0991525	-0.0508276	
415	85188	0.291721	-0.0292689	0.0986593	-0.0508276	
416	85932	0.284618	-0.0292689	0.101093	-0.0508276	
417	86676	0.268603	-0.0292689	0.100534	-0.0508276	
418	87420	0.276101	-0.0292689	0.103	-0.0508276	
419	88164	0.27791	-0.0292689	0.0960943	-0.0508276	
420	88908	0.272056	-0.0292689	0.100994	-0.0508276	
421	89652	0.275312	-0.0292689	0.0999089	-0.0508276	
422	90396	0.264822	-0.0292689	0.0981331	-0.0508276	
423	91140	0.260251	-0.0292689	0.0969493	-0.0508276	
424	91884	0.265874	-0.0292689	0.100336	-0.0508276	
425	92628	0.265052	-0.0292689	0.0961272	-0.0508276	
426	93372	0.286854	-0.0292689	0.102934	-0.0508276	
427	94116	0.284322	-0.0292689	0.115759	-0.0508276	
428	94860	0.269919	-0.0292689	0.106979	-0.0508276	
429	95604	0.271563	-0.0292689	0.0971137	-0.0508276	
430	96348	0.27791	-0.0292689	0.100238	-0.0508276	
431	97092	0.256634	-0.0292689	0.103855	-0.0508276	
432	97836	0.267913	-0.0292689	0.100797	-0.0508276	
433	98580	0.280836	-0.0292689	0.0994156	-0.0508276	
434	99324	0.285111	-0.0292689	0.103493	-0.0508276	
435	100068	0.271563	-0.0292689	0.0920825	-0.0508276	
436	100812	0.268176	-0.0292689	0.112799	-0.0508276	
437	101556	0.267222	-0.0292689	0.101191	-0.0508276	
438	102300	0.256075	-0.0292689	0.111122	-0.0508276	
439	103044	0.272813	-0.0292689	0.0923456	-0.0508276	
440	103788	0.272254	-0.0292689	0.0918852	-0.0508276	
441	104532	0.269228	-0.0292689	0.107998	-0.0508276	
442	105276	0.26765	-0.0292689	0.104184	-0.0508276	
443	106020	0.295733	-0.0292689	0.111681	-0.0508276	
444	106764	0.265874	-0.0292689	0.100468	-0.0508276	
445	107508	0.290603	-0.0292689	0.111418	-0.0508276	
446	108252	0.265808	-0.0292689	0.107604	-0.0508276	
447	108996	0.268143	-0.0292689	0.108623	-0.0508276	
448	109740	0.259856	-0.0292689	0.0971137	-0.0508276	
449	110484	0.274227	-0.0292689	0.100534	-0.0508276	
450	111228	0.279784	-0.0292689	0.099021	-0.0508276	
451	111414	0.266696	-0.0292689	0.0979358	-0.0508276	
452	110670	0.273339	-0.0292689	0.108163	-0.0508276	
453	109926	0.264033	-0.0292689	0.108689	-0.0508276	
454	109182	0.262651	-0.0292689	0.0975412	-0.0508276	
455	108438	0.261731	-0.0292689	0.100764	-0.0508276	
456	107694	0.271793	-0.0292689	0.0931677	-0.0508276	
457	106950	0.285045	-0.0292689	0.109675	-0.0508276	
458	106206	0.279225	-0.0292689	0.0981002	-0.0508276	
459	105462	0.266893	-0.0292689	0.105335	-0.0508276	
460	104718	0.272188	-0.0292689	0.0957326	-0.0508276	
461	103974	0.266828	-0.0292689	0.0893531	-0.0508276	
462	103230	0.263079	-0.0292689	0.0997773	-0.0508276	
463	102486	0.271793	-0.0292689	0.0843219	-0.0508276	
464	101742	0.275542	-0.0292689	0.0993498	-0.0508276	
465	100998	0.255187	-0.0292689	0.0950749	-0.0508276	
466	100254	0.258541	-0.0292689	0.0924771	-0.0508276	
467	99510	0.242263	-0.0292689	0.0951407	-0.0508276	
468	98766	0.271629	-0.0292689	0.0918194	-0.0508276	
469	98022	0.267814	-0.0292689	0.0881364	-0.0508276	
470	97278	0.245881	-0.0292689	0.0816254	-0.0508276	
471	96534	0.233023	-0.0292689	0.0884324	-0.0508276	
472	95790	0.246012	-0.0292689	0.0957984	-0.0508276	
473	95046	0.253707	-0.0292689	0.0912933	-0.0508276	
474	94302	0.262191	-0.0292689	0.0893202	-0.0508276	
475	93558	0.276956	-0.0292689	0.102244	-0.0508276	
476	92814	0.262717	-0.0292689	0.105992	-0.0508276	
477	92070	0.24325	-0.0292689	0.0772519	-0.0508276	
478	91326	0.25568	-0.0292689	0.0903068	-0.0508276	
479	90582	0.248873	-0.0292689	0.100797	-0.0508276	
480	89838	0.247097	-0.0292689	0.0822502	-0.0508276	
481	89094	0.262586	-0.0292689	0.0997773	-0.0508276	
482	88350	0.245519	-0.0292689	0.0967191	-0.0508276	
483	87606	0.265315	-0.0292689	0.0889914	-0.0508276	
484	86862	0.263145	-0.0292689	0.0968178	-0.0508276	
485	86118	0.218324	-0.0292689	0.0908	-0.0508276	
486	85374	0.231346	-0.0292689	0.0831052	-0.0508276	
487	84630	0.268867	-0.0292689	0.0873143	-0.0508276	
488	83886	0.240619	-0.0292689	0.0916221	-0.0508276	
489	83142	0.26811	-0.0292689	0.0861963	-0.0508276	
490	82398	0.258179	-0.0292689	0.0957326	-0.0508276	
491	81654	0.269491	-0.0292689	0.0945488	-0.0508276	
492	80910	0.255647	-0.0292689	0.0918194	-0.0508276	
493	80166	0.246571	-0.0292689	0.0803429	-0.0508276	
494	79422	0.225197	-0.0292689	0.0765613	-0.0508276	
495	78678	0.255647	-0.0292689	0.0828092	-0.0508276	
496	77934	0.245026	-0.0292689	0.0882351	-0.0508276	
497	77190	0.277942	-0.0292689	0.093628	-0.0508276	
498	76446	0.271497	-0.0292689	0.0902081	-0.0508276	
499	75702	0.269656	-0.0292689	0.101257	-0.0508276	
500	74958	0.266762	-0.0292689	0.0796195	-0.0508276	
501	74214	0.250188	-0.0292689	0.0890572	-0.0508276	
502	73470	0.264723	-0.0292689	0.0974097	-0.0508276	
503	72726	0.280277	-0.0292689	0.0943515	-0.0508276	
504	71982	0.245749	-0.0292689	0.0885968	-0.0508276	
505	71238	0.254398	-0.0292689	0.0962587	-0.0508276	
506	70494	0.266137	-0.0292689	0.0988566	-0.0508276	
507	69750	0.268735	-0.0292689	0.0950092	-0.0508276	
508	69006	0.265743	-0.0292689	0.0934965	-0.0508276	
509	68262	0.271267	-0.0292689	0.100961	-0.0508276	
510	67518	0.262388	-0.0292689	0.100895	-0.0508276	
511	66774	0.270478	-0.0292689	0.0999417	-0.0508276	
512	66030	0.282842	-0.0292689	0.0986593	-0.0508276	
513	65286	0.280211	-0.0292689	0.0947461	-0.0508276	
514	64542	0.282711	-0.0292689	0.102967	-0.0508276	
515	63798	0.25351	-0.0292689	0.0908329	-0.0508276	
516	63054	0.257094	-0.0292689	0.0885968	-0.0508276	
517	62310	0.278041	-0.0292689	0.0965547	-0.0508276	
518	61566	0.260909	-0.0292689	0.106683	-0.0508276	
519	60822	0.267716	-0.0292689	0.0994485	-0.0508276	
520	60078	0.276528	-0.0292689	0.0981989	-0.0508276	
521	59334	0.260941	-0.0292689	0.103658	-0.0508276	
522	58590	0.272056	-0.0292689	0.0966862	-0.0508276	
523	57846	0.269853	-0.0292689	0.10494	-0.0508276	
524	57102	0.259034	-0.0292689	0.108853	-0.0508276	
525	56358	0.275016	-0.0292689	0.095338	-0.0508276	
526	55614	0.256798	-0.0292689	0.10961	-0.0508276	
527	54870	0.268932	-0.0292689	0.110465	-0.0508276	
528	54126	0.274161	-0.0292689	0.100797	-0.0508276	
529	53382	0.276167	-0.0292689	0.103592	-0.0508276	
530	52638	0.256535	-0.0292689	0.109577	-0.0508276	
531	51894	0.266104	-0.0292689	0.10004	-0.0508276	
532	51150	0.255253	-0.0292689	0.0927073	-0.0508276	
533	50406	0.260909	-0.0292689	0.0918523	-0.0508276	
534	49662	0.256667	-0.0292689	0.110333	-0.0508276	
535	48918	0.283566	-0.0292689	0.093924	-0.0508276	
536	48174	0.272714	-0.0292689	0.103329	-0.0508276	
537	47430	0.268735	-0.0292689	0.0940555	-0.0508276	
538	46686	0.276956	-0.0292689	0.102605	-0.0508276	
539	45942	0.263605	-0.0292689	0.106617	-0.0508276	
540	45198	0.268505	-0.0292689	0.108459	-0.0508276	
541	44454	0.27985	-0.0292689	0.108228	-0.0508276	
542	43710	0.274062	-0.0292689	0.0961601	-0.0508276	
543	42966	0.288531	-0.0292689	0.106124	-0.0508276	
544	42222	0.294089	-0.0292689	0.102112	-0.0508276	
545	41478	0.266499	-0.0292689	0.0884653	-0.0508276	
546	40734	0.268209	-0.0292689	0.0988566	-0.0508276	
547	39990	0.271201	-0.0292689	0.109807	-0.0508276	
548	39246	0.287347	-0.0292689	0.102244	-0.0508276	
549	38502	0.27837	-0.0292689	0.103986	-0.0508276	
550	37758	0.281264	-0.0292689	0.095634	-0.0508276	
551	37014	0.282382	-0.0292689	0.0978701	-0.0508276	
552	36270	0.270576	-0.0292689	0.0992512	-0.0508276	
553	35526	0.278337	-0.0292689	0.0995143	-0.0508276	
554	34782	0.28327	-0.0292689	0.10859	-0.0508276	
555	34038	0.272681	-0.0292689	0.103855	-0.0508276	
556	33294	0.266038	-0.0292689	0.0997773	-0.0508276	
557	32550	0.271958	-0.0292689	0.100501	-0.0508276	
558	31806	0.259791	-0.0292689	0.103691	-0.0508276	
559	31062	0.290833	-0.0292689	0.10688	-0.0508276	
560	30318	0.291556	-0.0292689	0.107341	-0.0508276	
561	29574	0.276857	-0.0292689	0.0957655	-0.0508276	
562	28830	0.27814	-0.0292689	0.0977056	-0.0508276	
563	28086	0.283007	-0.0292689	0.104809	-0.0508276	
564	27342	0.268834	-0.0292689	0.107472	-0.0508276	
565	26598	0.283927	-0.0292689	0.111879	-0.0508276	
566	25854	0.288104	-0.0292689	0.0935952	-0.0508276	
567	25110	0.295009	-0.0292689	0.10882	-0.0508276	
568	24366	0.287709	-0.0292689	0.102375	-0.0508276	
569	23622	0.280014	-0.0292689	0.0985935	-0.0508276	
570	22878	0.285933	-0.0292689	0.109873	-0.0508276	
571	22134	0.290537	-0.0292689	0.100797	-0.0508276	
572	21390	0.275246	-0.0292689	0.103888	-0.0508276	
573	20646	0.279192	-0.0292689	0.102309	-0.0508276	
574	19902	0.297508	-0.0292689	0.102309	-0.0508276	
575	19158	0.293858	-0.0292689	0.102244	-0.0508276	
576	18414	0.28304	-0.0292689	0.104217	-0.0508276	
577	17670	0.28396	-0.0292689	0.111616	-0.0508276	
578	16926	0.281724	-0.0292689	0.102277	-0.0508276	
579	16182	0.284684	-0.0292689	0.0983304	-0.0508276	
580	15438	0.269261	-0.0292689	0.102474	-0.0508276	
581	14694	0.304907	-0.0292689	0.1103	-0.0508276	
582	13950	0.293431	-0.0292689	0.115266	-0.0508276	
583	13206	0.279258	-0.0292689	0.105729	-0.0508276	
584	12462	0.286262	-0.0292689	0.103658	-0.0508276	
585	11718	0.279422	-0.0292689	0.0961601	-0.0508276	
586	10974	0.291063	-0.0292689	0.105532	-0.0508276	
587	10230	0.284618	-0.0292689	0.116121	-0.0508276	
588	9486	0.277647	-0.0292689	0.11201	-0.0508276	
589	8742	0.283796	-0.0292689	0.109083	-0.0508276	
590	7998	0.284486	-0.0292689	0.107637	-0.0508276	
591	7254	0.297903	-0.0292689	0.11691	-0.0508276	
592	6510	0.281724	-0.0292689	0.106025	-0.0508276	
593	5766	0.280014	-0.0292689	0.11201	-0.0508276	
594	5022	0.274555	-0.0292689	0.0973439	-0.0508276	
595	4278	0.288268	-0.0292689	0.100402	-0.0508276	
596	3534	0.290208	-0.0292689	0.108985	-0.0508276	
597	2790	0.296127	-0.0292689	0.109149	-0.0508276	
598	2046	0.279126	-0.0292689	0.107275	-0.0508276	
599	1302	0.285868	-0.0292689	0.107242	-0.0508276	
600	558	0.30688	-0.0287263	0.10813	-0.0512288	
