# Filename	35_delay.txt
# Date	2016-09-27
# Title	DL-Pro & DL-100 Locked delay scan.
# DL-Pro	365840.7 GHz
# DL-100	365824.8 GHz
# Static	4000 mV Pulsed
# MWOn	On
# MWf	15931.6 MHz
# Attn	44 dB
# FixedAttn	6 dB
# B2	B2 = T2 + 2.050 us
# HP214B	HP 214B FIP at 5.5 on 100V setting ; Applied to Top ; Mesh & Vin of MCP @ +25V ; Vout of MCP @ +2025 V
# Oven	32 A
# Boxcar	Gate = 200 ns ; Amp = 25x ; Sensitivity = 5 mV
# Offset	+/- 30 mV IR/Oven offset.
# Bias	Top: 0 V ; Bot: -0.430 V ; IR: +0.045 V ; Oven: -0.045 V ; Vis: -0.005 V ; MW: +0.005 V
# Passes	4
i	step	norm	nbackground	signal	sbackground
0	0	0.308229	-0.0332478	-0.0351452	-0.0538266
1	744	0.294286	-0.0332478	-0.0360002	-0.0538266
2	1488	0.308821	-0.0332478	-0.0329091	-0.0538266
3	2232	0.282053	-0.0332478	-0.0402094	-0.0538266
4	2976	0.274391	-0.0332478	-0.0341916	-0.0538266
5	3720	0.288432	-0.0332478	-0.031528	-0.0538266
6	4464	0.280902	-0.0332478	-0.0355399	-0.0538266
7	5208	0.284092	-0.0332478	-0.037184	-0.0538266
8	5952	0.28498	-0.0332478	-0.0362304	-0.0538266
9	6696	0.286723	-0.0332478	-0.0295221	-0.0538266
10	7440	0.281856	-0.0332478	-0.0314951	-0.0538266
11	8184	0.287676	-0.0332478	-0.0329749	-0.0538266
12	8928	0.282283	-0.0332478	-0.0353754	-0.0538266
13	9672	0.291918	-0.0332478	-0.0392557	-0.0538266
14	10416	0.282152	-0.0332478	-0.0332051	-0.0538266
15	11160	0.280475	-0.0332478	-0.0373813	-0.0538266
16	11904	0.276792	-0.0332478	-0.0350137	-0.0538266
17	12648	0.288301	-0.0332478	-0.0337312	-0.0538266
18	13392	0.285045	-0.0332478	-0.0270229	-0.0538266
19	14136	0.268571	-0.0332478	-0.0342245	-0.0538266
20	14880	0.283927	-0.0332478	-0.0296865	-0.0538266
21	15624	0.277679	-0.0332478	-0.0350466	-0.0538266
22	16368	0.29251	-0.0332478	-0.0335339	-0.0538266
23	17112	0.289189	-0.0332478	-0.0320542	-0.0538266
24	17856	0.289156	-0.0332478	-0.0340272	-0.0538266
25	18600	0.288597	-0.0332478	-0.0311005	-0.0538266
26	19344	0.297081	-0.0332478	-0.0308703	-0.0538266
27	20088	0.279883	-0.0332478	-0.0304429	-0.0538266
28	20832	0.286525	-0.0332478	-0.0292261	-0.0538266
29	21576	0.282645	-0.0332478	-0.031528	-0.0538266
30	22320	0.276364	-0.0332478	-0.0341258	-0.0538266
31	23064	0.273207	-0.0332478	-0.0324817	-0.0538266
32	23808	0.312438	-0.0332478	-0.0368881	-0.0538266
33	24552	0.280935	-0.0332478	-0.0277464	-0.0538266
34	25296	0.284717	-0.0332478	-0.0341916	-0.0538266
35	26040	0.278995	-0.0332478	-0.0376444	-0.0538266
36	26784	0.281724	-0.0332478	-0.038039	-0.0538266
37	27528	0.273141	-0.0332478	-0.0340272	-0.0538266
38	28272	0.291852	-0.0332478	-0.0368223	-0.0538266
39	29016	0.284289	-0.0332478	-0.0363291	-0.0538266
40	29760	0.269919	-0.0332478	-0.0387625	-0.0538266
41	30504	0.28327	-0.0332478	-0.0352768	-0.0538266
42	31248	0.279521	-0.0332478	-0.0393873	-0.0538266
43	31992	0.27449	-0.0332478	-0.0354083	-0.0538266
44	32736	0.296982	-0.0332478	-0.0399134	-0.0538266
45	33480	0.276101	-0.0332478	-0.0368552	-0.0538266
46	34224	0.28498	-0.0332478	-0.0338957	-0.0538266
47	34968	0.283138	-0.0332478	-0.0269572	-0.0538266
48	35712	0.274424	-0.0332478	-0.0381706	-0.0538266
49	36456	0.27518	-0.0332478	-0.0355399	-0.0538266
50	37200	0.281593	-0.0332478	-0.0377431	-0.0538266
51	37944	0.278271	-0.0332478	-0.0302455	-0.0538266
52	38688	0.268406	-0.0332478	-0.0383679	-0.0538266
53	39432	0.300008	-0.0332478	-0.0337641	-0.0538266
54	40176	0.28886	-0.0332478	-0.0295879	-0.0538266
55	40920	0.306519	-0.0332478	-0.0329749	-0.0538266
56	41664	0.287117	-0.0332478	-0.032087	-0.0538266
57	42408	0.270609	-0.0332478	-0.0311992	-0.0538266
58	43152	0.286723	-0.0332478	-0.0299825	-0.0538266
59	43896	0.273865	-0.0332478	-0.0364277	-0.0538266
60	44640	0.280771	-0.0332478	-0.0303442	-0.0538266
61	45384	0.286459	-0.0332478	-0.0293906	-0.0538266
62	46128	0.276594	-0.0332478	-0.0314294	-0.0538266
63	46872	0.27712	-0.0332478	-0.0238332	-0.0538266
64	47616	0.293562	-0.0332478	-0.0319555	-0.0538266
65	48360	0.286591	-0.0332478	-0.0245895	-0.0538266
66	49104	0.294779	-0.0332478	-0.0323172	-0.0538266
67	49848	0.282941	-0.0332478	-0.0290946	-0.0538266
68	50592	0.275213	-0.0332478	-0.0337312	-0.0538266
69	51336	0.275476	-0.0332478	-0.0303442	-0.0538266
70	52080	0.296884	-0.0332478	-0.0355399	-0.0538266
71	52824	0.294713	-0.0332478	-0.0372827	-0.0538266
72	53568	0.259527	-0.0332478	-0.034093	-0.0538266
73	54312	0.274259	-0.0332478	-0.0335011	-0.0538266
74	55056	0.269261	-0.0332478	-0.0321528	-0.0538266
75	55800	0.274457	-0.0332478	-0.0359345	-0.0538266
76	56544	0.273733	-0.0332478	-0.0359016	-0.0538266
77	57288	0.282908	-0.0332478	-0.025313	-0.0538266
78	58032	0.28373	-0.0332478	-0.0298509	-0.0538266
79	58776	0.28498	-0.0332478	-0.0305415	-0.0538266
80	59520	0.278238	-0.0332478	-0.0344876	-0.0538266
81	60264	0.254825	-0.0332478	-0.0362633	-0.0538266
82	61008	0.247426	-0.0332478	-0.0333037	-0.0538266
83	61752	0.271892	-0.0332478	-0.0354412	-0.0538266
84	62496	0.262092	-0.0332478	-0.0304429	-0.0538266
85	63240	0.27814	-0.0332478	-0.0379733	-0.0538266
86	63984	0.284519	-0.0332478	-0.0384994	-0.0538266
87	64728	0.289814	-0.0332478	-0.0338299	-0.0538266
88	65472	0.2591	-0.0332478	-0.0346191	-0.0538266
89	66216	0.275476	-0.0332478	-0.0387296	-0.0538266
90	66960	0.287808	-0.0332478	-0.0359673	-0.0538266
91	67704	0.281823	-0.0332478	-0.0399792	-0.0538266
92	68448	0.264263	-0.0332478	-0.0331393	-0.0538266
93	69192	0.28738	-0.0332478	-0.0336655	-0.0538266
94	69936	0.28054	-0.0332478	-0.0382363	-0.0538266
95	70680	0.29228	-0.0332478	-0.0317253	-0.0538266
96	71424	0.293168	-0.0332478	-0.0327776	-0.0538266
97	72168	0.274687	-0.0332478	-0.03919	-0.0538266
98	72912	0.267189	-0.0332478	-0.0353754	-0.0538266
99	73656	0.276627	-0.0332478	-0.0372498	-0.0538266
100	74400	0.261106	-0.0332478	-0.036066	-0.0538266
101	75144	0.267255	-0.0332478	-0.0386638	-0.0538266
102	75888	0.275969	-0.0332478	-0.0402422	-0.0538266
103	76632	0.293825	-0.0332478	-0.0319226	-0.0538266
104	77376	0.272352	-0.0332478	-0.03577	-0.0538266
105	78120	0.260185	-0.0332478	-0.0324488	-0.0538266
106	78864	0.278469	-0.0332478	-0.0405382	-0.0538266
107	79608	0.284618	-0.0332478	-0.0364606	-0.0538266
108	80352	0.273733	-0.0332478	-0.0304757	-0.0538266
109	81096	0.280507	-0.0332478	-0.0335339	-0.0538266
110	81840	0.280639	-0.0332478	-0.036921	-0.0538266
111	82584	0.263704	-0.0332478	-0.0351452	-0.0538266
112	83328	0.263408	-0.0332478	-0.0329749	-0.0538266
113	84072	0.280475	-0.0332478	-0.033797	-0.0538266
114	84816	0.261435	-0.0332478	-0.0340601	-0.0538266
115	85560	0.264197	-0.0332478	-0.0308046	-0.0538266
116	86304	0.278929	-0.0332478	-0.0451748	-0.0538266
117	87048	0.28373	-0.0332478	-0.0287987	-0.0538266
118	87792	0.284158	-0.0332478	-0.0282067	-0.0538266
119	88536	0.271234	-0.0332478	-0.035211	-0.0538266
120	89280	0.266828	-0.0332478	-0.0356385	-0.0538266
121	90024	0.273964	-0.0332478	-0.0329749	-0.0538266
122	90768	0.256502	-0.0332478	-0.0327118	-0.0538266
123	91512	0.268998	-0.0332478	-0.0368223	-0.0538266
124	92256	0.279784	-0.0332478	-0.0295879	-0.0538266
125	93000	0.271925	-0.0332478	-0.0310676	-0.0538266
126	93744	0.268472	-0.0332478	-0.0325803	-0.0538266
127	94488	0.263901	-0.0332478	-0.0358358	-0.0538266
128	95232	0.246637	-0.0332478	-0.0309361	-0.0538266
129	95976	0.242822	-0.0332478	-0.0363948	-0.0538266
130	96720	0.238975	-0.0332478	-0.0384336	-0.0538266
131	97464	0.270741	-0.0332478	-0.0345533	-0.0538266
132	98208	0.240027	-0.0332478	-0.0350795	-0.0538266
133	98952	0.285243	-0.0332478	-0.030969	-0.0538266
134	99696	0.258245	-0.0332478	-0.0335011	-0.0538266
135	100440	0.262388	-0.0332478	-0.0370525	-0.0538266
136	101184	0.243349	-0.0332478	-0.0394859	-0.0538266
137	101928	0.247821	-0.0332478	-0.0345205	-0.0538266
138	102672	0.24713	-0.0332478	-0.0395517	-0.0538266
139	103416	0.271596	-0.0332478	-0.0382692	-0.0538266
140	104160	0.261928	-0.0332478	-0.0315609	-0.0538266
141	104904	0.274259	-0.0332478	-0.0357372	-0.0538266
142	105648	0.25762	-0.0332478	-0.0373813	-0.0538266
143	106392	0.252326	-0.0332478	-0.0363291	-0.0538266
144	107136	0.275805	-0.0332478	-0.0373156	-0.0538266
145	107880	0.241737	-0.0332478	-0.0376773	-0.0538266
146	108624	0.26275	-0.0332478	-0.0406697	-0.0538266
147	109368	0.274687	-0.0332478	-0.0387625	-0.0538266
148	110112	0.277022	-0.0332478	-0.033797	-0.0538266
149	110856	0.257193	-0.0332478	-0.0357372	-0.0538266
150	111600	0.272977	-0.0332478	-0.0319226	-0.0538266
151	111042	0.273207	-0.0332478	-0.0313307	-0.0538266
152	110298	0.265677	-0.0332478	-0.0411959	-0.0538266
153	109554	0.268669	-0.0332478	-0.0294235	-0.0538266
154	108810	0.260218	-0.0332478	-0.0408013	-0.0538266
155	108066	0.287216	-0.0332478	-0.039749	-0.0538266
156	107322	0.25956	-0.0332478	-0.0413274	-0.0538266
157	106578	0.280738	-0.0332478	-0.0317253	-0.0538266
158	105834	0.26206	-0.0332478	-0.0334682	-0.0538266
159	105090	0.25716	-0.0332478	-0.0345533	-0.0538266
160	104346	0.269787	-0.0332478	-0.0382363	-0.0538266
161	103602	0.261435	-0.0332478	-0.0342574	-0.0538266
162	102858	0.27962	-0.0332478	-0.0370854	-0.0538266
163	102114	0.273832	-0.0332478	-0.0384007	-0.0538266
164	101370	0.262684	-0.0332478	-0.0330736	-0.0538266
165	100626	0.263046	-0.0332478	-0.0354741	-0.0538266
166	99882	0.265775	-0.0332478	-0.0314951	-0.0538266
167	99138	0.254003	-0.0332478	-0.0331393	-0.0538266
168	98394	0.256864	-0.0332478	-0.0291275	-0.0538266
169	97650	0.276693	-0.0332478	-0.0325474	-0.0538266
170	96906	0.243875	-0.0332478	-0.0344218	-0.0538266
171	96162	0.270511	-0.0332478	-0.0375129	-0.0538266
172	95418	0.263178	-0.0332478	-0.0362304	-0.0538266
173	94674	0.255351	-0.0332478	-0.0299825	-0.0538266
174	93930	0.254069	-0.0332478	-0.0324159	-0.0538266
175	93186	0.267157	-0.0332478	-0.0323501	-0.0538266
176	92442	0.277778	-0.0332478	-0.0335668	-0.0538266
177	91698	0.277614	-0.0332478	-0.0358029	-0.0538266
178	90954	0.267157	-0.0332478	-0.0384336	-0.0538266
179	90210	0.261336	-0.0332478	-0.0363619	-0.0538266
180	89466	0.259166	-0.0332478	-0.0328105	-0.0538266
181	88722	0.267321	-0.0332478	-0.0355399	-0.0538266
182	87978	0.264822	-0.0332478	-0.0292919	-0.0538266
183	87234	0.273865	-0.0332478	-0.0298181	-0.0538266
184	86490	0.278929	-0.0332478	-0.0374142	-0.0538266
185	85746	0.287479	-0.0332478	-0.0381377	-0.0538266
186	85002	0.277088	-0.0332478	-0.0317582	-0.0538266
187	84258	0.274029	-0.0332478	-0.0350466	-0.0538266
188	83514	0.282513	-0.0332478	-0.0341258	-0.0538266
189	82770	0.270708	-0.0332478	-0.0331722	-0.0538266
190	82026	0.273635	-0.0332478	-0.0317911	-0.0538266
191	81282	0.282579	-0.0332478	-0.0331722	-0.0538266
192	80538	0.27791	-0.0332478	-0.0301469	-0.0538266
193	79794	0.254858	-0.0332478	-0.0282396	-0.0538266
194	79050	0.278534	-0.0332478	-0.0317253	-0.0538266
195	78306	0.284519	-0.0332478	-0.0351124	-0.0538266
196	77562	0.266499	-0.0332478	-0.0377431	-0.0538266
197	76818	0.284618	-0.0332478	-0.0314623	-0.0538266
198	76074	0.266959	-0.0332478	-0.0340601	-0.0538266
199	75330	0.286262	-0.0332478	-0.0299167	-0.0538266
200	74586	0.283829	-0.0332478	-0.0386309	-0.0538266
201	73842	0.277712	-0.0332478	-0.0356714	-0.0538266
202	73098	0.272484	-0.0332478	-0.0378417	-0.0538266
203	72354	0.276956	-0.0332478	-0.0341916	-0.0538266
204	71610	0.287873	-0.0332478	-0.0360989	-0.0538266
205	70866	0.269557	-0.0332478	-0.0367894	-0.0538266
206	70122	0.25933	-0.0332478	-0.0323172	-0.0538266
207	69378	0.261501	-0.0332478	-0.0332709	-0.0538266
208	68634	0.296226	-0.0332478	-0.0307717	-0.0538266
209	67890	0.267157	-0.0332478	-0.034652	-0.0538266
210	67146	0.261698	-0.0332478	-0.0293248	-0.0538266
211	66402	0.280244	-0.0332478	-0.0365593	-0.0538266
212	65658	0.287479	-0.0332478	-0.0382692	-0.0538266
213	64914	0.266598	-0.0332478	-0.0322186	-0.0538266
214	64170	0.278008	-0.0332478	-0.0319226	-0.0538266
215	63426	0.272352	-0.0332478	-0.0303113	-0.0538266
216	62682	0.277942	-0.0332478	-0.0354083	-0.0538266
217	61938	0.280211	-0.0332478	-0.0344876	-0.0538266
218	61194	0.269721	-0.0332478	-0.0350466	-0.0538266
219	60450	0.275016	-0.0332478	-0.0392557	-0.0538266
220	59706	0.276824	-0.0332478	-0.0288973	-0.0538266
221	58962	0.283631	-0.0332478	-0.0311005	-0.0538266
222	58218	0.293431	-0.0332478	-0.0291933	-0.0538266
223	57474	0.283105	-0.0332478	-0.0336655	-0.0538266
224	56730	0.268998	-0.0332478	-0.0409328	-0.0538266
225	55986	0.275838	-0.0332478	-0.0391571	-0.0538266
226	55242	0.268899	-0.0332478	-0.0343889	-0.0538266
227	54498	0.280475	-0.0332478	-0.0283383	-0.0538266
228	53754	0.288696	-0.0332478	-0.0352439	-0.0538266
229	53010	0.272878	-0.0332478	-0.0309032	-0.0538266
230	52266	0.276002	-0.0332478	-0.0283054	-0.0538266
231	51522	0.273372	-0.0332478	-0.0299496	-0.0538266
232	50778	0.289879	-0.0332478	-0.0315609	-0.0538266
233	50034	0.272615	-0.0332478	-0.0319555	-0.0538266
234	49290	0.286953	-0.0332478	-0.0298838	-0.0538266
235	48546	0.270313	-0.0332478	-0.0289631	-0.0538266
236	47802	0.285769	-0.0332478	-0.0335997	-0.0538266
237	47058	0.284519	-0.0332478	-0.0327447	-0.0538266
238	46314	0.279455	-0.0332478	-0.0277135	-0.0538266
239	45570	0.249827	-0.0332478	-0.0336326	-0.0538266
240	44826	0.265447	-0.0332478	-0.0371512	-0.0538266
241	44082	0.264394	-0.0332478	-0.0341587	-0.0538266
242	43338	0.277647	-0.0332478	-0.0349479	-0.0538266
243	42594	0.282513	-0.0332478	-0.0336655	-0.0538266
244	41850	0.270642	-0.0332478	-0.0322843	-0.0538266
245	41106	0.287347	-0.0332478	-0.0370525	-0.0538266
246	40362	0.254957	-0.0332478	-0.0322843	-0.0538266
247	39618	0.285506	-0.0332478	-0.0301798	-0.0538266
248	38874	0.261106	-0.0332478	-0.0349479	-0.0538266
249	38130	0.296094	-0.0332478	-0.0421495	-0.0538266
250	37386	0.282316	-0.0332478	-0.034652	-0.0538266
251	36642	0.276857	-0.0332478	-0.0421495	-0.0538266
252	35898	0.265249	-0.0332478	-0.0362962	-0.0538266
253	35154	0.28008	-0.0332478	-0.0420509	-0.0538266
254	34410	0.277383	-0.0332478	-0.036625	-0.0538266
255	33666	0.291293	-0.0332478	-0.0353754	-0.0538266
256	32922	0.27153	-0.0332478	-0.0314951	-0.0538266
257	32178	0.260909	-0.0332478	-0.0335011	-0.0538266
258	31434	0.266038	-0.0332478	-0.0396832	-0.0538266
259	30690	0.275147	-0.0332478	-0.0341916	-0.0538266
260	29946	0.260876	-0.0332478	-0.0349808	-0.0538266
261	29202	0.262421	-0.0332478	-0.0370196	-0.0538266
262	28458	0.252885	-0.0332478	-0.038335	-0.0538266
263	27714	0.287314	-0.0332478	-0.0368223	-0.0538266
264	26970	0.270511	-0.0332478	-0.0421166	-0.0538266
265	26226	0.271925	-0.0332478	-0.0413932	-0.0538266
266	25482	0.27472	-0.0332478	-0.0368552	-0.0538266
267	24738	0.279784	-0.0332478	-0.0384994	-0.0538266
268	23994	0.267222	-0.0332478	-0.0338957	-0.0538266
269	23250	0.271267	-0.0332478	-0.0365593	-0.0538266
270	22506	0.281823	-0.0332478	-0.0385652	-0.0538266
271	21762	0.291984	-0.0332478	-0.0362633	-0.0538266
272	21018	0.277088	-0.0332478	-0.0372169	-0.0538266
273	20274	0.274259	-0.0332478	-0.0344218	-0.0538266
274	19530	0.261796	-0.0332478	-0.0370854	-0.0538266
275	18786	0.275575	-0.0332478	-0.0331393	-0.0538266
276	18042	0.275608	-0.0332478	-0.0335011	-0.0538266
277	17298	0.27962	-0.0332478	-0.0294235	-0.0538266
278	16554	0.269228	-0.0332478	-0.0330407	-0.0538266
279	15810	0.251898	-0.0332478	-0.0360002	-0.0538266
280	15066	0.276693	-0.0332478	-0.0408342	-0.0538266
281	14322	0.259791	-0.0332478	-0.0362962	-0.0538266
282	13578	0.27837	-0.0332478	-0.0340272	-0.0538266
283	12834	0.273733	-0.0332478	-0.0293906	-0.0538266
284	12090	0.286558	-0.0332478	-0.0287987	-0.0538266
285	11346	0.294549	-0.0332478	-0.0299825	-0.0538266
286	10602	0.293299	-0.0332478	-0.0342245	-0.0538266
287	9858	0.279916	-0.0332478	-0.0359016	-0.0538266
288	9114	0.280869	-0.0332478	-0.0320213	-0.0538266
289	8370	0.280606	-0.0332478	-0.036625	-0.0538266
290	7626	0.28373	-0.0332478	-0.0334024	-0.0538266
291	6882	0.264131	-0.0332478	-0.0404395	-0.0538266
292	6138	0.286459	-0.0332478	-0.0357372	-0.0538266
293	5394	0.277515	-0.0332478	-0.0418864	-0.0538266
294	4650	0.297245	-0.0332478	-0.0382363	-0.0538266
295	3906	0.288071	-0.0332478	-0.0370854	-0.0538266
296	3162	0.280803	-0.0332478	-0.0410315	-0.0538266
297	2418	0.28225	-0.0332478	-0.0376115	-0.0538266
298	1674	0.275114	-0.0332478	-0.0408013	-0.0538266
299	930	0.275772	-0.0332478	-0.0393544	-0.0538266
300	186	0.289583	-0.0332478	-0.0405711	-0.0538266
301	372	0.296226	-0.0332478	-0.0346191	-0.0538266
302	1116	0.279389	-0.0332478	-0.0365264	-0.0538266
303	1860	0.284684	-0.0332478	-0.0366579	-0.0538266
304	2604	0.282382	-0.0332478	-0.0359016	-0.0538266
305	3348	0.289485	-0.0332478	-0.0372498	-0.0538266
306	4092	0.301224	-0.0332478	-0.0364606	-0.0538266
307	4836	0.276792	-0.0332478	-0.036625	-0.0538266
308	5580	0.272845	-0.0332478	-0.0367566	-0.0538266
309	6324	0.297574	-0.0332478	-0.0312978	-0.0538266
310	7068	0.288432	-0.0332478	-0.0356056	-0.0538266
311	7812	0.2884	-0.0332478	-0.0356385	-0.0538266
312	8556	0.287183	-0.0332478	-0.0379404	-0.0538266
313	9300	0.293234	-0.0332478	-0.0299496	-0.0538266
314	10044	0.286492	-0.0332478	-0.0341916	-0.0538266
315	10788	0.29228	-0.0332478	-0.0305086	-0.0538266
316	11532	0.277449	-0.0332478	-0.0328763	-0.0538266
317	12276	0.29251	-0.0332478	-0.0313307	-0.0538266
318	13020	0.288301	-0.0332478	-0.038039	-0.0538266
319	13764	0.29422	-0.0332478	-0.032383	-0.0538266
320	14508	0.274917	-0.0332478	-0.0359345	-0.0538266
321	15252	0.259889	-0.0332478	-0.0366579	-0.0538266
322	15996	0.270445	-0.0332478	-0.0351124	-0.0538266
323	16740	0.261961	-0.0332478	-0.0348164	-0.0538266
324	17484	0.273733	-0.0332478	-0.0371512	-0.0538266
325	18228	0.285144	-0.0332478	-0.0294892	-0.0538266
326	18972	0.286887	-0.0332478	-0.0302127	-0.0538266
327	19716	0.270511	-0.0332478	-0.0365264	-0.0538266
328	20460	0.274851	-0.0332478	-0.0336655	-0.0538266
329	21204	0.26446	-0.0332478	-0.0303113	-0.0538266
330	21948	0.259429	-0.0332478	-0.0318569	-0.0538266
331	22692	0.290307	-0.0332478	-0.0361646	-0.0538266
332	23436	0.278863	-0.0332478	-0.0335668	-0.0538266
333	24180	0.288465	-0.0332478	-0.0317911	-0.0538266
334	24924	0.276594	-0.0332478	-0.0311005	-0.0538266
335	25668	0.276298	-0.0332478	-0.0349479	-0.0538266
336	26412	0.264065	-0.0332478	-0.0356056	-0.0538266
337	27156	0.246111	-0.0332478	-0.0366908	-0.0538266
338	27900	0.242822	-0.0332478	-0.0384007	-0.0538266
339	28644	0.281527	-0.0332478	-0.0381377	-0.0538266
340	29388	0.261566	-0.0332478	-0.0336326	-0.0538266
341	30132	0.268307	-0.0332478	-0.0334024	-0.0538266
342	30876	0.275082	-0.0332478	-0.0380061	-0.0538266
343	31620	0.272878	-0.0332478	-0.0362962	-0.0538266
344	32364	0.272319	-0.0332478	-0.0375787	-0.0538266
345	33108	0.272155	-0.0332478	-0.0366579	-0.0538266
346	33852	0.246834	-0.0332478	-0.0366908	-0.0538266
347	34596	0.29228	-0.0332478	-0.0446158	-0.0538266
348	35340	0.269524	-0.0332478	-0.0367237	-0.0538266
349	36084	0.276824	-0.0332478	-0.0352768	-0.0538266
350	36828	0.260646	-0.0332478	-0.0350137	-0.0538266
351	37572	0.272056	-0.0332478	-0.0360331	-0.0538266
352	38316	0.251734	-0.0332478	-0.0367566	-0.0538266
353	39060	0.274555	-0.0332478	-0.0410972	-0.0538266
354	39804	0.290011	-0.0332478	-0.0372169	-0.0538266
355	40548	0.28498	-0.0332478	-0.0375129	-0.0538266
356	41292	0.288827	-0.0332478	-0.0391242	-0.0538266
357	42036	0.263704	-0.0332478	-0.0425441	-0.0538266
358	42780	0.271958	-0.0332478	-0.0367566	-0.0538266
359	43524	0.270938	-0.0332478	-0.0331722	-0.0538266
360	44268	0.271563	-0.0332478	-0.0374471	-0.0538266
361	45012	0.263408	-0.0332478	-0.03919	-0.0538266
362	45756	0.274884	-0.0332478	-0.0391571	-0.0538266
363	46500	0.268801	-0.0332478	-0.0369867	-0.0538266
364	47244	0.272451	-0.0332478	-0.0335339	-0.0538266
365	47988	0.260843	-0.0332478	-0.0317582	-0.0538266
366	48732	0.272155	-0.0332478	-0.0331722	-0.0538266
367	49476	0.277679	-0.0332478	-0.0353754	-0.0538266
368	50220	0.273898	-0.0332478	-0.0339285	-0.0538266
369	50964	0.273405	-0.0332478	-0.0362962	-0.0538266
370	51708	0.267091	-0.0332478	-0.0338299	-0.0538266
371	52452	0.28133	-0.0332478	-0.0334682	-0.0538266
372	53196	0.276824	-0.0332478	-0.0308375	-0.0538266
373	53940	0.286723	-0.0332478	-0.03748	-0.0538266
374	54684	0.265085	-0.0332478	-0.0344547	-0.0538266
375	55428	0.272747	-0.0332478	-0.0351781	-0.0538266
376	56172	0.263605	-0.0332478	-0.036921	-0.0538266
377	56916	0.276726	-0.0332478	-0.0347178	-0.0538266
378	57660	0.251734	-0.0332478	-0.0307059	-0.0538266
379	58404	0.277614	-0.0332478	-0.0342574	-0.0538266
380	59148	0.275114	-0.0332478	-0.0353754	-0.0538266
381	59892	0.266269	-0.0332478	-0.0360002	-0.0538266
382	60636	0.300139	-0.0332478	-0.0379733	-0.0538266
383	61380	0.272221	-0.0332478	-0.0393544	-0.0538266
384	62124	0.284881	-0.0332478	-0.0433662	-0.0538266
385	62868	0.288367	-0.0332478	-0.0345862	-0.0538266
386	63612	0.298298	-0.0332478	-0.0376444	-0.0538266
387	64356	0.287545	-0.0332478	-0.0409328	-0.0538266
388	65100	0.277679	-0.0332478	-0.0369867	-0.0538266
389	65844	0.276134	-0.0332478	-0.0349808	-0.0538266
390	66588	0.272615	-0.0332478	-0.0328105	-0.0538266
391	67332	0.268603	-0.0332478	-0.0360002	-0.0538266
392	68076	0.299153	-0.0332478	-0.0429058	-0.0538266
393	68820	0.281099	-0.0332478	-0.029259	-0.0538266
394	69564	0.275147	-0.0332478	-0.0344547	-0.0538266
395	70308	0.277285	-0.0332478	-0.0404067	-0.0538266
396	71052	0.300632	-0.0332478	-0.0294235	-0.0538266
397	71796	0.254957	-0.0332478	-0.0364935	-0.0538266
398	72540	0.27541	-0.0332478	-0.0353754	-0.0538266
399	73284	0.281395	-0.0332478	-0.0408999	-0.0538266
400	74028	0.280968	-0.0332478	-0.0382363	-0.0538266
401	74772	0.284256	-0.0332478	-0.0312321	-0.0538266
402	75516	0.291293	-0.0332478	-0.036066	-0.0538266
403	76260	0.313326	-0.0332478	-0.0341587	-0.0538266
404	77004	0.275082	-0.0332478	-0.0345862	-0.0538266
405	77748	0.296358	-0.0332478	-0.0360002	-0.0538266
406	78492	0.295568	-0.0332478	-0.0337312	-0.0538266
407	79236	0.305861	-0.0332478	-0.0361318	-0.0538266
408	79980	0.281001	-0.0332478	-0.043136	-0.0538266
409	80724	0.292872	-0.0332478	-0.0307388	-0.0538266
410	81468	0.290142	-0.0332478	-0.0307717	-0.0538266
411	82212	0.294056	-0.0332478	-0.0339285	-0.0538266
412	82956	0.286492	-0.0332478	-0.0357043	-0.0538266
413	83700	0.28692	-0.0332478	-0.0376773	-0.0538266
414	84444	0.289518	-0.0332478	-0.036066	-0.0538266
415	85188	0.299679	-0.0332478	-0.031528	-0.0538266
416	85932	0.280507	-0.0332478	-0.0379733	-0.0538266
417	86676	0.282185	-0.0332478	-0.0344218	-0.0538266
418	87420	0.308426	-0.0332478	-0.0312321	-0.0538266
419	88164	0.318061	-0.0332478	-0.0329091	-0.0538266
420	88908	0.281264	-0.0332478	-0.0384007	-0.0538266
421	89652	0.294417	-0.0332478	-0.0317911	-0.0538266
422	90396	0.286953	-0.0332478	-0.0277793	-0.0538266
423	91140	0.273437	-0.0332478	-0.033797	-0.0538266
424	91884	0.285111	-0.0332478	-0.0287	-0.0538266
425	92628	0.293464	-0.0332478	-0.0337641	-0.0538266
426	93372	0.304217	-0.0332478	-0.0303771	-0.0538266
427	94116	0.297278	-0.0332478	-0.0324817	-0.0538266
428	94860	0.291951	-0.0332478	-0.0379075	-0.0538266
429	95604	0.278304	-0.0332478	-0.0342574	-0.0538266
430	96348	0.267025	-0.0332478	-0.0304757	-0.0538266
431	97092	0.292115	-0.0332478	-0.035211	-0.0538266
432	97836	0.261402	-0.0332478	-0.0341587	-0.0538266
433	98580	0.298166	-0.0332478	-0.0375129	-0.0538266
434	99324	0.296686	-0.0332478	-0.0345862	-0.0538266
435	100068	0.284322	-0.0332478	-0.0330078	-0.0538266
436	100812	0.273437	-0.0332478	-0.0331722	-0.0538266
437	101556	0.263769	-0.0332478	-0.0356056	-0.0538266
438	102300	0.283467	-0.0332478	-0.0407684	-0.0538266
439	103044	0.272188	-0.0332478	-0.0387625	-0.0538266
440	103788	0.263276	-0.0332478	-0.0350466	-0.0538266
441	104532	0.275378	-0.0332478	-0.0406697	-0.0538266
442	105276	0.272878	-0.0332478	-0.0348822	-0.0538266
443	106020	0.269162	-0.0332478	-0.0389598	-0.0538266
444	106764	0.277153	-0.0332478	-0.0359345	-0.0538266
445	107508	0.269162	-0.0332478	-0.0356714	-0.0538266
446	108252	0.268505	-0.0332478	-0.0334682	-0.0538266
447	108996	0.249958	-0.0332478	-0.0361318	-0.0538266
448	109740	0.270379	-0.0332478	-0.0374142	-0.0538266
449	110484	0.286427	-0.0332478	-0.0379404	-0.0538266
450	111228	0.283697	-0.0332478	-0.0404067	-0.0538266
451	111414	0.263638	-0.0332478	-0.0335011	-0.0538266
452	110670	0.290077	-0.0332478	-0.0388611	-0.0538266
453	109926	0.274753	-0.0332478	-0.0318897	-0.0538266
454	109182	0.259626	-0.0332478	-0.0344547	-0.0538266
455	108438	0.285045	-0.0332478	-0.0330078	-0.0538266
456	107694	0.270971	-0.0332478	-0.0370854	-0.0538266
457	106950	0.268669	-0.0332478	-0.0359673	-0.0538266
458	106206	0.265085	-0.0332478	-0.0381706	-0.0538266
459	105462	0.259462	-0.0332478	-0.0360331	-0.0538266
460	104718	0.262651	-0.0332478	-0.0330078	-0.0538266
461	103974	0.277055	-0.0332478	-0.0335011	-0.0538266
462	103230	0.269426	-0.0332478	-0.0365593	-0.0538266
463	102486	0.277416	-0.0332478	-0.0345205	-0.0538266
464	101742	0.26571	-0.0332478	-0.0342903	-0.0538266
465	100998	0.288432	-0.0332478	-0.0284041	-0.0538266
466	100254	0.282579	-0.0332478	-0.0298181	-0.0538266
467	99510	0.251865	-0.0332478	-0.0343231	-0.0538266
468	98766	0.273536	-0.0332478	-0.0329091	-0.0538266
469	98022	0.259988	-0.0332478	-0.0274833	-0.0538266
470	97278	0.267946	-0.0332478	-0.0356385	-0.0538266
471	96534	0.269162	-0.0332478	-0.0290288	-0.0538266
472	95790	0.274029	-0.0332478	-0.0330736	-0.0538266
473	95046	0.267288	-0.0332478	-0.034356	-0.0538266
474	94302	0.254891	-0.0332478	-0.0344876	-0.0538266
475	93558	0.265808	-0.0332478	-0.0232084	-0.0538266
476	92814	0.263309	-0.0332478	-0.0354741	-0.0538266
477	92070	0.268077	-0.0332478	-0.0323501	-0.0538266
478	91326	0.272418	-0.0332478	-0.0280094	-0.0538266
479	90582	0.273865	-0.0332478	-0.0350137	-0.0538266
480	89838	0.272122	-0.0332478	-0.0311005	-0.0538266
481	89094	0.262947	-0.0332478	-0.0348493	-0.0538266
482	88350	0.266729	-0.0332478	-0.0308703	-0.0538266
483	87606	0.265874	-0.0332478	-0.0315609	-0.0538266
484	86862	0.260054	-0.0332478	-0.0333366	-0.0538266
485	86118	0.2762	-0.0332478	-0.033238	-0.0538266
486	85374	0.266236	-0.0332478	-0.0310348	-0.0538266
487	84630	0.288926	-0.0332478	-0.0350795	-0.0538266
488	83886	0.284782	-0.0332478	-0.0360989	-0.0538266
489	83142	0.282776	-0.0332478	-0.0336984	-0.0538266
490	82398	0.268176	-0.0332478	-0.0339943	-0.0538266
491	81654	0.278271	-0.0332478	-0.0336655	-0.0538266
492	80910	0.273865	-0.0332478	-0.0310019	-0.0538266
493	80166	0.268307	-0.0332478	-0.034093	-0.0538266
494	79422	0.271826	-0.0332478	-0.0319226	-0.0538266
495	78678	0.268899	-0.0332478	-0.03748	-0.0538266
496	77934	0.266334	-0.0332478	-0.0375787	-0.0538266
497	77190	0.280475	-0.0332478	-0.0355399	-0.0538266
498	76446	0.295174	-0.0332478	-0.0386309	-0.0538266
499	75702	0.282776	-0.0332478	-0.0402751	-0.0538266
500	74958	0.273931	-0.0332478	-0.0403409	-0.0538266
501	74214	0.263638	-0.0332478	-0.0419193	-0.0538266
502	73470	0.274654	-0.0332478	-0.0385981	-0.0538266
503	72726	0.271958	-0.0332478	-0.0366579	-0.0538266
504	71982	0.2591	-0.0332478	-0.0433662	-0.0538266
505	71238	0.276397	-0.0332478	-0.0416234	-0.0538266
506	70494	0.270478	-0.0332478	-0.0392228	-0.0538266
507	69750	0.29468	-0.0332478	-0.0387954	-0.0538266
508	69006	0.284881	-0.0332478	-0.03577	-0.0538266
509	68262	0.275969	-0.0332478	-0.0385981	-0.0538266
510	67518	0.276265	-0.0332478	-0.0358029	-0.0538266
511	66774	0.276463	-0.0332478	-0.0376444	-0.0538266
512	66030	0.279389	-0.0332478	-0.0328105	-0.0538266
513	65286	0.283829	-0.0332478	-0.0331722	-0.0538266
514	64542	0.284026	-0.0332478	-0.0425112	-0.0538266
515	63798	0.278337	-0.0332478	-0.0438266	-0.0538266
516	63054	0.27449	-0.0332478	-0.0430374	-0.0538266
517	62310	0.278995	-0.0332478	-0.0376773	-0.0538266
518	61566	0.285835	-0.0332478	-0.0304429	-0.0538266
519	60822	0.290208	-0.0332478	-0.0320542	-0.0538266
520	60078	0.279225	-0.0332478	-0.0372498	-0.0538266
521	59334	0.290406	-0.0332478	-0.0359345	-0.0538266
522	58590	0.279718	-0.0332478	-0.0322515	-0.0538266
523	57846	0.283467	-0.0332478	-0.0329091	-0.0538266
524	57102	0.279159	-0.0332478	-0.0364277	-0.0538266
525	56358	0.26594	-0.0332478	-0.0282067	-0.0538266
526	55614	0.276298	-0.0332478	-0.0335339	-0.0538266
527	54870	0.269919	-0.0332478	-0.0358029	-0.0538266
528	54126	0.275147	-0.0332478	-0.03577	-0.0538266
529	53382	0.274786	-0.0332478	-0.0348493	-0.0538266
530	52638	0.25864	-0.0332478	-0.0334024	-0.0538266
531	51894	0.282974	-0.0332478	-0.0290288	-0.0538266
532	51150	0.285111	-0.0332478	-0.0328105	-0.0538266
533	50406	0.29422	-0.0332478	-0.036066	-0.0538266
534	49662	0.312504	-0.0332478	-0.0342245	-0.0538266
535	48918	0.2884	-0.0332478	-0.0407026	-0.0538266
536	48174	0.287018	-0.0332478	-0.0328434	-0.0538266
537	47430	0.277153	-0.0332478	-0.0361646	-0.0538266
538	46686	0.272714	-0.0332478	-0.0365264	-0.0538266
539	45942	0.287051	-0.0332478	-0.0451419	-0.0538266
540	45198	0.294253	-0.0332478	-0.0349479	-0.0538266
541	44454	0.278699	-0.0332478	-0.0314623	-0.0538266
542	43710	0.288498	-0.0332478	-0.0372827	-0.0538266
543	42966	0.275213	-0.0332478	-0.0358687	-0.0538266
544	42222	0.291195	-0.0332478	-0.0308046	-0.0538266
545	41478	0.274457	-0.0332478	-0.0406697	-0.0538266
546	40734	0.289814	-0.0332478	-0.0401107	-0.0538266
547	39990	0.273503	-0.0332478	-0.0410643	-0.0538266
548	39246	0.260547	-0.0332478	-0.039453	-0.0538266
549	38502	0.264427	-0.0332478	-0.0349808	-0.0538266
550	37758	0.290603	-0.0332478	-0.0317253	-0.0538266
551	37014	0.260941	-0.0332478	-0.0375129	-0.0538266
552	36270	0.249169	-0.0332478	-0.0413603	-0.0538266
553	35526	0.272944	-0.0332478	-0.0347506	-0.0538266
554	34782	0.277219	-0.0332478	-0.0387954	-0.0538266
555	34038	0.264493	-0.0332478	-0.0261679	-0.0538266
556	33294	0.271168	-0.0332478	-0.0325474	-0.0538266
557	32550	0.264	-0.0332478	-0.0359673	-0.0538266
558	31806	0.276101	-0.0332478	-0.0417549	-0.0538266
559	31062	0.275772	-0.0332478	-0.0328763	-0.0538266
560	30318	0.265249	-0.0332478	-0.0349479	-0.0538266
561	29574	0.276397	-0.0332478	-0.0392228	-0.0538266
562	28830	0.265677	-0.0332478	-0.0319884	-0.0538266
563	28086	0.291392	-0.0332478	-0.0327118	-0.0538266
564	27342	0.278732	-0.0332478	-0.0299496	-0.0538266
565	26598	0.271563	-0.0332478	-0.0365593	-0.0538266
566	25854	0.276002	-0.0332478	-0.0350795	-0.0538266
567	25110	0.262586	-0.0332478	-0.0376115	-0.0538266
568	24366	0.277186	-0.0332478	-0.034652	-0.0538266
569	23622	0.266269	-0.0332478	-0.0404724	-0.0538266
570	22878	0.26834	-0.0332478	-0.0344547	-0.0538266
571	22134	0.283664	-0.0332478	-0.0300154	-0.0538266
572	21390	0.283829	-0.0332478	-0.0281739	-0.0538266
573	20646	0.277745	-0.0332478	-0.0321528	-0.0538266
574	19902	0.277811	-0.0332478	-0.0341587	-0.0538266
575	19158	0.255384	-0.0332478	-0.0331064	-0.0538266
576	18414	0.255022	-0.0332478	-0.0382363	-0.0538266
577	17670	0.257785	-0.0332478	-0.0401765	-0.0538266
578	16926	0.247032	-0.0332478	-0.0332051	-0.0538266
579	16182	0.254167	-0.0332478	-0.0294563	-0.0538266
580	15438	0.275082	-0.0332478	-0.0352768	-0.0538266
581	14694	0.263638	-0.0332478	-0.0303442	-0.0538266
582	13950	0.266367	-0.0332478	-0.0278779	-0.0538266
583	13206	0.264296	-0.0332478	-0.0312649	-0.0538266
584	12462	0.230392	-0.0332478	-0.0343231	-0.0538266
585	11718	0.260152	-0.0332478	-0.0356714	-0.0538266
586	10974	0.248084	-0.0332478	-0.0311992	-0.0538266
587	10230	0.263375	-0.0332478	-0.0278779	-0.0538266
588	9486	0.258377	-0.0332478	-0.0325474	-0.0538266
589	8742	0.249761	-0.0332478	-0.0311992	-0.0538266
590	7998	0.26229	-0.0332478	-0.030969	-0.0538266
591	7254	0.268867	-0.0332478	-0.0347506	-0.0538266
592	6510	0.248215	-0.0332478	-0.0376773	-0.0538266
593	5766	0.256502	-0.0332478	-0.0361646	-0.0538266
594	5022	0.28133	-0.0332478	-0.0308703	-0.0538266
595	4278	0.260086	-0.0332478	-0.0365264	-0.0538266
596	3534	0.274424	-0.0332478	-0.0430374	-0.0538266
597	2790	0.249794	-0.0332478	-0.0352439	-0.0538266
598	2046	0.254529	-0.0332478	-0.0390913	-0.0538266
599	1302	0.270116	-0.0332478	-0.0334024	-0.0538266
600	558	0.296358	-0.0297753	-0.0340601	-0.0512945
