# Filename	3_delay.txt
# Date	2016-09-27
# Title	DL-Pro & DL-100 Locked delay scan.
# DL-Pro	365856.7 GHz
# DL-100	365840.7 GHz
# Static	-100 mV Pulsed
# MWOn	On
# MWf	15931.6 MHz
# Attn	44 dB
# FixedAttn	6 dB
# B2	B2 = T2 + 2.050 us
# HP214B	HP 214B FIP at 5.5 on 100V setting ; Applied to Top ; Mesh & Vin of MCP @ +25V ; Vout of MCP @ +2025 V
# Oven	32 A
# Boxcar	Gate = 200 ns ; Amp = 25x ; Sensitivity = 5 mV
# Offset	+/- 30 mV IR/Oven offset.
# Bias	Top: 0 V ; Bot: -0.431 V ; IR: +0.048 V ; Oven: -0.048 V ; Vis: -0.005 V ; MW: +0.005 V
# Passes	4
i	step	norm	nbackground	signal	sbackground
0	0	0.320462	-0.0163784	0.0999746	-0.0401403
1	744	0.325098	-0.0163784	0.10106	-0.0401403
2	1488	0.314707	-0.0163784	0.107505	-0.0401403
3	2232	0.288531	-0.0163784	0.101224	-0.0401403
4	2976	0.295437	-0.0163784	0.0856373	-0.0401403
5	3720	0.292148	-0.0163784	0.0903725	-0.0401403
6	4464	0.279258	-0.0163784	0.102178	-0.0401403
7	5208	0.268044	-0.0163784	0.0888928	-0.0401403
8	5952	0.28225	-0.0163784	0.0950749	-0.0401403
9	6696	0.2908	-0.0163784	0.0975412	-0.0401403
10	7440	0.296982	-0.0163784	0.0883666	-0.0401403
11	8184	0.282809	-0.0163784	0.0827435	-0.0401403
12	8928	0.281724	-0.0163784	0.0898135	-0.0401403
13	9672	0.277581	-0.0163784	0.0838286	-0.0401403
14	10416	0.285243	-0.0163784	0.0842561	-0.0401403
15	11160	0.290701	-0.0163784	0.077482	-0.0401403
16	11904	0.276693	-0.0163784	0.0876103	-0.0401403
17	12648	0.28008	-0.0163784	0.0819543	-0.0401403
18	13392	0.27883	-0.0163784	0.0970808	-0.0401403
19	14136	0.308031	-0.0163784	0.0890572	-0.0401403
20	14880	0.272944	-0.0163784	0.0911289	-0.0401403
21	15624	0.278271	-0.0163784	0.0766928	-0.0401403
22	16368	0.271431	-0.0163784	0.0892216	-0.0401403
23	17112	0.295404	-0.0163784	0.0939898	-0.0401403
24	17856	0.301389	-0.0163784	0.0847165	-0.0401403
25	18600	0.282974	-0.0163784	0.101323	-0.0401403
26	19344	0.284519	-0.0163784	0.0896162	-0.0401403
27	20088	0.29468	-0.0163784	0.0959299	-0.0401403
28	20832	0.291984	-0.0163784	0.0939569	-0.0401403
29	21576	0.269721	-0.0163784	0.0855386	-0.0401403
30	22320	0.281362	-0.0163784	0.0965547	-0.0401403
31	23064	0.283566	-0.0163784	0.0996458	-0.0401403
32	23808	0.291984	-0.0163784	0.106453	-0.0401403
33	24552	0.286591	-0.0163784	0.0955353	-0.0401403
34	25296	0.295305	-0.0163784	0.0887612	-0.0401403
35	26040	0.308755	-0.0163784	0.113786	-0.0401403
36	26784	0.290701	-0.0163784	0.101882	-0.0401403
37	27528	0.297772	-0.0163784	0.0954038	-0.0401403
38	28272	0.312536	-0.0163784	0.0998102	-0.0401403
39	29016	0.287939	-0.0163784	0.0904712	-0.0401403
40	29760	0.281132	-0.0163784	0.0951407	-0.0401403
41	30504	0.309906	-0.0163784	0.103	-0.0401403
42	31248	0.302112	-0.0163784	0.0949763	-0.0401403
43	31992	0.300205	-0.0163784	0.100928	-0.0401403
44	32736	0.282776	-0.0163784	0.0948119	-0.0401403
45	33480	0.275345	-0.0163784	0.104085	-0.0401403
46	34224	0.293562	-0.0163784	0.100665	-0.0401403
47	34968	0.289551	-0.0163784	0.116186	-0.0401403
48	35712	0.275575	-0.0163784	0.109051	-0.0401403
49	36456	0.299186	-0.0163784	0.0928059	-0.0401403
50	37200	0.289847	-0.0163784	0.0876432	-0.0401403
51	37944	0.289715	-0.0163784	0.0998102	-0.0401403
52	38688	0.284947	-0.0163784	0.102901	-0.0401403
53	39432	0.292543	-0.0163784	0.0958641	-0.0401403
54	40176	0.266269	-0.0163784	0.0864265	-0.0401403
55	40920	0.300731	-0.0163784	0.0856044	-0.0401403
56	41664	0.300172	-0.0163784	0.0993498	-0.0401403
57	42408	0.28886	-0.0163784	0.0845521	-0.0401403
58	43152	0.279061	-0.0163784	0.0802772	-0.0401403
59	43896	0.274588	-0.0163784	0.087972	-0.0401403
60	44640	0.271234	-0.0163784	0.0844534	-0.0401403
61	45384	0.270511	-0.0163784	0.083434	-0.0401403
62	46128	0.294253	-0.0163784	0.0878405	-0.0401403
63	46872	0.281066	-0.0163784	0.0754432	-0.0401403
64	47616	0.28202	-0.0163784	0.0962916	-0.0401403
65	48360	0.290438	-0.0163784	0.0868868	-0.0401403
66	49104	0.282842	-0.0163784	0.0872157	-0.0401403
67	49848	0.270905	-0.0163784	0.083171	-0.0401403
68	50592	0.301751	-0.0163784	0.0819214	-0.0401403
69	51336	0.294417	-0.0163784	0.0926415	-0.0401403
70	52080	0.266992	-0.0163784	0.096752	-0.0401403
71	52824	0.276167	-0.0163784	0.0989223	-0.0401403
72	53568	0.282119	-0.0163784	0.0864922	-0.0401403
73	54312	0.277449	-0.0163784	0.0926086	-0.0401403
74	55056	0.289452	-0.0163784	0.0812308	-0.0401403
75	55800	0.28008	-0.0163784	0.0892545	-0.0401403
76	56544	0.279948	-0.0163784	0.0753446	-0.0401403
77	57288	0.29741	-0.0163784	0.0972124	-0.0401403
78	58032	0.273076	-0.0163784	0.0974097	-0.0401403
79	58776	0.283763	-0.0163784	0.0971137	-0.0401403
80	59520	0.291425	-0.0163784	0.0899779	-0.0401403
81	60264	0.288104	-0.0163784	0.0921154	-0.0401403
82	61008	0.284684	-0.0163784	0.0997773	-0.0401403
83	61752	0.301257	-0.0163784	0.105992	-0.0401403
84	62496	0.30767	-0.0163784	0.0991854	-0.0401403
85	63240	0.290471	-0.0163784	0.108064	-0.0401403
86	63984	0.301981	-0.0163784	0.0979358	-0.0401403
87	64728	0.281034	-0.0163784	0.0982318	-0.0401403
88	65472	0.28179	-0.0163784	0.101915	-0.0401403
89	66216	0.289945	-0.0163784	0.0919181	-0.0401403
90	66960	0.29616	-0.0163784	0.0903068	-0.0401403
91	67704	0.292675	-0.0163784	0.103855	-0.0401403
92	68448	0.290932	-0.0163784	0.0976728	-0.0401403
93	69192	0.282809	-0.0163784	0.0861305	-0.0401403
94	69936	0.291129	-0.0163784	0.0871828	-0.0401403
95	70680	0.289847	-0.0163784	0.0925758	-0.0401403
96	71424	0.291162	-0.0163784	0.0901752	-0.0401403
97	72168	0.278502	-0.0163784	0.0972453	-0.0401403
98	72912	0.274062	-0.0163784	0.0956668	-0.0401403
99	73656	0.268636	-0.0163784	0.102638	-0.0401403
100	74400	0.278271	-0.0163784	0.0947461	-0.0401403
101	75144	0.28054	-0.0163784	0.0824804	-0.0401403
102	75888	0.267781	-0.0163784	0.0900766	-0.0401403
103	76632	0.297311	-0.0163784	0.0776136	-0.0401403
104	77376	0.280573	-0.0163784	0.0915564	-0.0401403
105	78120	0.262454	-0.0163784	0.0799483	-0.0401403
106	78864	0.274259	-0.0163784	0.0820858	-0.0401403
107	79608	0.259396	-0.0163784	0.078337	-0.0401403
108	80352	0.271136	-0.0163784	0.0945817	-0.0401403
109	81096	0.269031	-0.0163784	0.0850453	-0.0401403
110	81840	0.289255	-0.0163784	0.0838286	-0.0401403
111	82584	0.263079	-0.0163784	0.082875	-0.0401403
112	83328	0.256897	-0.0163784	0.0765284	-0.0401403
113	84072	0.27084	-0.0163784	0.0916221	-0.0401403
114	84816	0.265019	-0.0163784	0.0705435	-0.0401403
115	85560	0.262224	-0.0163784	0.0713328	-0.0401403
116	86304	0.282809	-0.0163784	0.0889914	-0.0401403
117	87048	0.27814	-0.0163784	0.0934307	-0.0401403
118	87792	0.289518	-0.0163784	0.0923456	-0.0401403
119	88536	0.273668	-0.0163784	0.0813952	-0.0401403
120	89280	0.282809	-0.0163784	0.0914248	-0.0401403
121	90024	0.262586	-0.0163784	0.0848152	-0.0401403
122	90768	0.271333	-0.0163784	0.0812637	-0.0401403
123	91512	0.270609	-0.0163784	0.0882351	-0.0401403
124	92256	0.280606	-0.0163784	0.0900437	-0.0401403
125	93000	0.279652	-0.0163784	0.079192	-0.0401403
126	93744	0.273339	-0.0163784	0.0864922	-0.0401403
127	94488	0.294713	-0.0163784	0.0908	-0.0401403
128	95232	0.281034	-0.0163784	0.095338	-0.0401403
129	95976	0.275114	-0.0163784	0.0906356	-0.0401403
130	96720	0.266959	-0.0163784	0.093069	-0.0401403
131	97464	0.270248	-0.0163784	0.0891887	-0.0401403
132	98208	0.278732	-0.0163784	0.0996458	-0.0401403
133	98952	0.272352	-0.0163784	0.087413	-0.0401403
134	99696	0.26594	-0.0163784	0.0884653	-0.0401403
135	100440	0.277449	-0.0163784	0.0816583	-0.0401403
136	101184	0.272813	-0.0163784	0.0994814	-0.0401403
137	101928	0.271333	-0.0163784	0.0863936	-0.0401403
138	102672	0.272845	-0.0163784	0.0960943	-0.0401403
139	103416	0.283664	-0.0163784	0.0900766	-0.0401403
140	104160	0.284454	-0.0163784	0.0877747	-0.0401403
141	104904	0.273931	-0.0163784	0.0974097	-0.0401403
142	105648	0.268505	-0.0163784	0.0891558	-0.0401403
143	106392	0.271103	-0.0163784	0.0992183	-0.0401403
144	107136	0.275049	-0.0163784	0.0926415	-0.0401403
145	107880	0.262323	-0.0163784	0.0879062	-0.0401403
146	108624	0.266926	-0.0163784	0.0820529	-0.0401403
147	109368	0.262553	-0.0163784	0.0908658	-0.0401403
148	110112	0.256732	-0.0163784	0.0787645	-0.0401403
149	110856	0.274227	-0.0163784	0.079488	-0.0401403
150	111600	0.286262	-0.0163784	0.0810006	-0.0401403
151	111042	0.256436	-0.0163784	0.0890243	-0.0401403
152	110298	0.261501	-0.0163784	0.0855715	-0.0401403
153	109554	0.275871	-0.0163784	0.0879391	-0.0401403
154	108810	0.264197	-0.0163784	0.0887283	-0.0401403
155	108066	0.269886	-0.0163784	0.0935952	-0.0401403
156	107322	0.283303	-0.0163784	0.0961601	-0.0401403
157	106578	0.266466	-0.0163784	0.088531	-0.0401403
158	105834	0.263408	-0.0163784	0.0986593	-0.0401403
159	105090	0.261862	-0.0163784	0.0865909	-0.0401403
160	104346	0.268275	-0.0163784	0.0864593	-0.0401403
161	103602	0.273635	-0.0163784	0.0938911	-0.0401403
162	102858	0.276397	-0.0163784	0.0901752	-0.0401403
163	102114	0.267781	-0.0163784	0.0890243	-0.0401403
164	101370	0.262651	-0.0163784	0.0849467	-0.0401403
165	100626	0.270971	-0.0163784	0.0876103	-0.0401403
166	99882	0.268143	-0.0163784	0.0875445	-0.0401403
167	99138	0.255779	-0.0163784	0.0966534	-0.0401403
168	98394	0.264723	-0.0163784	0.0863607	-0.0401403
169	97650	0.279718	-0.0163784	0.084585	-0.0401403
170	96906	0.282283	-0.0163784	0.086854	-0.0401403
171	96162	0.281297	-0.0163784	0.0957326	-0.0401403
172	95418	0.271727	-0.0163784	0.093365	-0.0401403
173	94674	0.270872	-0.0163784	0.0802114	-0.0401403
174	93930	0.261599	-0.0163784	0.088531	-0.0401403
175	93186	0.253871	-0.0163784	0.0922798	-0.0401403
176	92442	0.25374	-0.0163784	0.0812308	-0.0401403
177	91698	0.260711	-0.0163784	0.0946474	-0.0401403
178	90954	0.273536	-0.0163784	0.0954367	-0.0401403
179	90210	0.272254	-0.0163784	0.0881364	-0.0401403
180	89466	0.252161	-0.0163784	0.084848	-0.0401403
181	88722	0.265808	-0.0163784	0.0825791	-0.0401403
182	87978	0.284717	-0.0163784	0.0926744	-0.0401403
183	87234	0.266893	-0.0163784	0.0802114	-0.0401403
184	86490	0.272977	-0.0163784	0.0800799	-0.0401403
185	85746	0.272352	-0.0163784	0.090241	-0.0401403
186	85002	0.282152	-0.0163784	0.0841246	-0.0401403
187	84258	0.278469	-0.0163784	0.0800799	-0.0401403
188	83514	0.27347	-0.0163784	0.0834669	-0.0401403
189	82770	0.278797	-0.0163784	0.0853084	-0.0401403
190	82026	0.265611	-0.0163784	0.0751802	-0.0401403
191	81282	0.266302	-0.0163784	0.0715958	-0.0401403
192	80538	0.26913	-0.0163784	0.0902739	-0.0401403
193	79794	0.254628	-0.0163784	0.0733716	-0.0401403
194	79050	0.274424	-0.0163784	0.0781397	-0.0401403
195	78306	0.292938	-0.0163784	0.0893531	-0.0401403
196	77562	0.280244	-0.0163784	0.0804416	-0.0401403
197	76818	0.282678	-0.0163784	0.0876761	-0.0401403
198	76074	0.279554	-0.0163784	0.0974426	-0.0401403
199	75330	0.271662	-0.0163784	0.0785672	-0.0401403
200	74586	0.272286	-0.0163784	0.0860976	-0.0401403
201	73842	0.280409	-0.0163784	0.0832367	-0.0401403
202	73098	0.284092	-0.0163784	0.0890901	-0.0401403
203	72354	0.271892	-0.0163784	0.0899122	-0.0401403
204	71610	0.264888	-0.0163784	0.089682	-0.0401403
205	70866	0.265512	-0.0163784	0.0815268	-0.0401403
206	70122	0.270708	-0.0163784	0.0886955	-0.0401403
207	69378	0.278567	-0.0163784	0.0892545	-0.0401403
208	68634	0.2542	-0.0163784	0.094483	-0.0401403
209	67890	0.282579	-0.0163784	0.0898793	-0.0401403
210	67146	0.284026	-0.0163784	0.0965218	-0.0401403
211	66402	0.275312	-0.0163784	0.0888928	-0.0401403
212	65658	0.278304	-0.0163784	0.0989552	-0.0401403
213	64914	0.27541	-0.0163784	0.0935623	-0.0401403
214	64170	0.261796	-0.0163784	0.101816	-0.0401403
215	63426	0.278469	-0.0163784	0.0990868	-0.0401403
216	62682	0.290373	-0.0163784	0.100008	-0.0401403
217	61938	0.280014	-0.0163784	0.0914248	-0.0401403
218	61194	0.276463	-0.0163784	0.102638	-0.0401403
219	60450	0.279291	-0.0163784	0.0856044	-0.0401403
220	59706	0.268867	-0.0163784	0.0860319	-0.0401403
221	58962	0.281889	-0.0163784	0.0942199	-0.0401403
222	58218	0.274259	-0.0163784	0.0774492	-0.0401403
223	57474	0.280113	-0.0163784	0.0919181	-0.0401403
224	56730	0.281658	-0.0163784	0.0869526	-0.0401403
225	55986	0.289386	-0.0163784	0.0934636	-0.0401403
226	55242	0.284355	-0.0163784	0.088268	-0.0401403
227	54498	0.282711	-0.0163784	0.0918194	-0.0401403
228	53754	0.267091	-0.0163784	0.0873801	-0.0401403
229	53010	0.282842	-0.0163784	0.0830065	-0.0401403
230	52266	0.262257	-0.0163784	0.0738319	-0.0401403
231	51522	0.263342	-0.0163784	0.0773834	-0.0401403
232	50778	0.276989	-0.0163784	0.0870184	-0.0401403
233	50034	0.271464	-0.0163784	0.0933979	-0.0401403
234	49290	0.287446	-0.0163784	0.0900108	-0.0401403
235	48546	0.276101	-0.0163784	0.0938582	-0.0401403
236	47802	0.30346	-0.0163784	0.0922798	-0.0401403
237	47058	0.26913	-0.0163784	0.0909973	-0.0401403
238	46314	0.257916	-0.0163784	0.0910302	-0.0401403
239	45570	0.284717	-0.0163784	0.0868868	-0.0401403
240	44826	0.287117	-0.0163784	0.0757721	-0.0401403
241	44082	0.280146	-0.0163784	0.0884324	-0.0401403
242	43338	0.280738	-0.0163784	0.0911617	-0.0401403
243	42594	0.271103	-0.0163784	0.0864593	-0.0401403
244	41850	0.270215	-0.0163784	0.0870841	-0.0401403
245	41106	0.284881	-0.0163784	0.0788632	-0.0401403
246	40362	0.283303	-0.0163784	0.0939898	-0.0401403
247	39618	0.284289	-0.0163784	0.0979687	-0.0401403
248	38874	0.283993	-0.0163784	0.0934965	-0.0401403
249	38130	0.277877	-0.0163784	0.0919838	-0.0401403
250	37386	0.278863	-0.0163784	0.098462	-0.0401403
251	36642	0.280738	-0.0163784	0.0912933	-0.0401403
252	35898	0.286821	-0.0163784	0.0870841	-0.0401403
253	35154	0.292379	-0.0163784	0.0985277	-0.0401403
254	34410	0.286361	-0.0163784	0.0867553	-0.0401403
255	33666	0.277942	-0.0163784	0.0974426	-0.0401403
256	32922	0.281428	-0.0163784	0.0973768	-0.0401403
257	32178	0.296982	-0.0163784	0.105828	-0.0401403
258	31434	0.286492	-0.0163784	0.0940226	-0.0401403
259	30690	0.280507	-0.0163784	0.0888928	-0.0401403
260	29946	0.279751	-0.0163784	0.0957984	-0.0401403
261	29202	0.2786	-0.0163784	0.103395	-0.0401403
262	28458	0.273174	-0.0163784	0.0994485	-0.0401403
263	27714	0.273569	-0.0163784	0.095897	-0.0401403
264	26970	0.286492	-0.0163784	0.0974755	-0.0401403
265	26226	0.306749	-0.0163784	0.101224	-0.0401403
266	25482	0.277088	-0.0163784	0.0950749	-0.0401403
267	24738	0.295207	-0.0163784	0.0993498	-0.0401403
268	23994	0.288432	-0.0163784	0.103493	-0.0401403
269	23250	0.286657	-0.0163784	0.100698	-0.0401403
270	22506	0.297081	-0.0163784	0.0987579	-0.0401403
271	21762	0.296292	-0.0163784	0.0932663	-0.0401403
272	21018	0.300139	-0.0163784	0.0947461	-0.0401403
273	20274	0.263539	-0.0163784	0.101652	-0.0401403
274	19530	0.276792	-0.0163784	0.0905698	-0.0401403
275	18786	0.265677	-0.0163784	0.098462	-0.0401403
276	18042	0.293497	-0.0163784	0.105466	-0.0401403
277	17298	0.302342	-0.0163784	0.0876103	-0.0401403
278	16554	0.293398	-0.0163784	0.0879062	-0.0401403
279	15810	0.278962	-0.0163784	0.0932005	-0.0401403
280	15066	0.268768	-0.0163784	0.0877089	-0.0401403
281	14322	0.288696	-0.0163784	0.0960614	-0.0401403
282	13578	0.287841	-0.0163784	0.0893531	-0.0401403
283	12834	0.275871	-0.0163784	0.086262	-0.0401403
284	12090	0.287117	-0.0163784	0.0907343	-0.0401403
285	11346	0.302441	-0.0163784	0.0927731	-0.0401403
286	10602	0.289583	-0.0163784	0.0977056	-0.0401403
287	9858	0.29228	-0.0163784	0.084289	-0.0401403
288	9114	0.303428	-0.0163784	0.0908	-0.0401403
289	8370	0.289649	-0.0163784	0.0884324	-0.0401403
290	7626	0.29274	-0.0163784	0.0889914	-0.0401403
291	6882	0.291885	-0.0163784	0.0779095	-0.0401403
292	6138	0.284355	-0.0163784	0.0895176	-0.0401403
293	5394	0.291918	-0.0163784	0.0888928	-0.0401403
294	4650	0.29958	-0.0163784	0.0896162	-0.0401403
295	3906	0.310991	-0.0163784	0.0854399	-0.0401403
296	3162	0.282448	-0.0163784	0.0966534	-0.0401403
297	2418	0.290307	-0.0163784	0.0881693	-0.0401403
298	1674	0.303625	-0.0163784	0.0932334	-0.0401403
299	930	0.303362	-0.0163784	0.0861305	-0.0401403
300	186	0.295207	-0.0163784	0.085144	-0.0401403
301	372	0.265808	-0.0163784	0.0883666	-0.0401403
302	1116	0.276627	-0.0163784	0.0866895	-0.0401403
303	1860	0.303197	-0.0163784	0.0967191	-0.0401403
304	2604	0.274884	-0.0163784	0.0905698	-0.0401403
305	3348	0.29274	-0.0163784	0.0901095	-0.0401403
306	4092	0.279192	-0.0163784	0.0792578	-0.0401403
307	4836	0.303625	-0.0163784	0.0832696	-0.0401403
308	5580	0.27324	-0.0163784	0.088268	-0.0401403
309	6324	0.298002	-0.0163784	0.0927073	-0.0401403
310	7068	0.289419	-0.0163784	0.0965547	-0.0401403
311	7812	0.30448	-0.0163784	0.0891229	-0.0401403
312	8556	0.301487	-0.0163784	0.0934636	-0.0401403
313	9300	0.279981	-0.0163784	0.0878405	-0.0401403
314	10044	0.305072	-0.0163784	0.0903068	-0.0401403
315	10788	0.284486	-0.0163784	0.0846179	-0.0401403
316	11532	0.277942	-0.0163784	0.0848152	-0.0401403
317	12276	0.276364	-0.0163784	0.0878076	-0.0401403
318	13020	0.289781	-0.0163784	0.0867224	-0.0401403
319	13764	0.290307	-0.0163784	0.0895833	-0.0401403
320	14508	0.305434	-0.0163784	0.073536	-0.0401403
321	15252	0.296127	-0.0163784	0.0980016	-0.0401403
322	15996	0.28327	-0.0163784	0.079488	-0.0401403
323	16740	0.276167	-0.0163784	0.0773505	-0.0401403
324	17484	0.279258	-0.0163784	0.0960286	-0.0401403
325	18228	0.287939	-0.0163784	0.100106	-0.0401403
326	18972	0.278863	-0.0163784	0.0866238	-0.0401403
327	19716	0.319508	-0.0163784	0.0934636	-0.0401403
328	20460	0.281066	-0.0163784	0.0904383	-0.0401403
329	21204	0.286229	-0.0163784	0.0963245	-0.0401403
330	21948	0.286788	-0.0163784	0.095634	-0.0401403
331	22692	0.29353	-0.0163784	0.0852426	-0.0401403
332	23436	0.30859	-0.0163784	0.0900766	-0.0401403
333	24180	0.279916	-0.0163784	0.099317	-0.0401403
334	24924	0.278699	-0.0163784	0.0962587	-0.0401403
335	25668	0.309117	-0.0163784	0.0904054	-0.0401403
336	26412	0.286788	-0.0163784	0.0971137	-0.0401403
337	27156	0.302737	-0.0163784	0.0981331	-0.0401403
338	27900	0.281395	-0.0163784	0.106387	-0.0401403
339	28644	0.280277	-0.0163784	0.0998431	-0.0401403
340	29388	0.283335	-0.0163784	0.0980674	-0.0401403
341	30132	0.302277	-0.0163784	0.106814	-0.0401403
342	30876	0.288432	-0.0163784	0.0977385	-0.0401403
343	31620	0.290241	-0.0163784	0.09958	-0.0401403
344	32364	0.293957	-0.0163784	0.0921811	-0.0401403
345	33108	0.310827	-0.0163784	0.0918852	-0.0401403
346	33852	0.283171	-0.0163784	0.0987908	-0.0401403
347	34596	0.291688	-0.0163784	0.105696	-0.0401403
348	35340	0.295042	-0.0163784	0.0917865	-0.0401403
349	36084	0.294121	-0.0163784	0.0926744	-0.0401403
350	36828	0.282809	-0.0163784	0.0909316	-0.0401403
351	37572	0.290274	-0.0163784	0.0966205	-0.0401403
352	38316	0.286163	-0.0163784	0.0875116	-0.0401403
353	39060	0.268702	-0.0163784	0.0929375	-0.0401403
354	39804	0.303789	-0.0163784	0.0904054	-0.0401403
355	40548	0.272813	-0.0163784	0.0952065	-0.0401403
356	41292	0.285177	-0.0163784	0.0856701	-0.0401403
357	42036	0.273306	-0.0163784	0.0842232	-0.0401403
358	42780	0.273569	-0.0163784	0.0871828	-0.0401403
359	43524	0.282579	-0.0163784	0.0828421	-0.0401403
360	44268	0.288104	-0.0163784	0.0771861	-0.0401403
361	45012	0.283631	-0.0163784	0.085703	-0.0401403
362	45756	0.28498	-0.0163784	0.0856373	-0.0401403
363	46500	0.265545	-0.0163784	0.0885968	-0.0401403
364	47244	0.277219	-0.0163784	0.0794551	-0.0401403
365	47988	0.267321	-0.0163784	0.0912604	-0.0401403
366	48732	0.266926	-0.0163784	0.0828092	-0.0401403
367	49476	0.264624	-0.0163784	0.084585	-0.0401403
368	50220	0.278797	-0.0163784	0.0836642	-0.0401403
369	50964	0.256371	-0.0163784	0.0903725	-0.0401403
370	51708	0.26742	-0.0163784	0.0773176	-0.0401403
371	52452	0.275805	-0.0163784	0.0875445	-0.0401403
372	53196	0.277482	-0.0163784	0.0825462	-0.0401403
373	53940	0.276726	-0.0163784	0.0941871	-0.0401403
374	54684	0.277449	-0.0163784	0.0927731	-0.0401403
375	55428	0.295009	-0.0163784	0.0937596	-0.0401403
376	56172	0.268965	-0.0163784	0.0886297	-0.0401403
377	56916	0.268275	-0.0163784	0.0909316	-0.0401403
378	57660	0.276561	-0.0163784	0.103099	-0.0401403
379	58404	0.296062	-0.0163784	0.0932334	-0.0401403
380	59148	0.300567	-0.0163784	0.0926086	-0.0401403
381	59892	0.28133	-0.0163784	0.0904712	-0.0401403
382	60636	0.281724	-0.0163784	0.100599	-0.0401403
383	61380	0.290471	-0.0163784	0.0934307	-0.0401403
384	62124	0.283599	-0.0163784	0.107735	-0.0401403
385	62868	0.284256	-0.0163784	0.0928388	-0.0401403
386	63612	0.26913	-0.0163784	0.0938911	-0.0401403
387	64356	0.29251	-0.0163784	0.0979029	-0.0401403
388	65100	0.297837	-0.0163784	0.0969822	-0.0401403
389	65844	0.268538	-0.0163784	0.0870841	-0.0401403
390	66588	0.272352	-0.0163784	0.0903396	-0.0401403
391	67332	0.274259	-0.0163784	0.0929046	-0.0401403
392	68076	0.282086	-0.0163784	0.0944501	-0.0401403
393	68820	0.268702	-0.0163784	0.0900766	-0.0401403
394	69564	0.279587	-0.0163784	0.0804087	-0.0401403
395	70308	0.275641	-0.0163784	0.0783041	-0.0401403
396	71052	0.270872	-0.0163784	0.0887283	-0.0401403
397	71796	0.273865	-0.0163784	0.0948119	-0.0401403
398	72540	0.281198	-0.0163784	0.0915564	-0.0401403
399	73284	0.277416	-0.0163784	0.0937925	-0.0401403
400	74028	0.256075	-0.0163784	0.0838615	-0.0401403
401	74772	0.267453	-0.0163784	0.0806718	-0.0401403
402	75516	0.291951	-0.0163784	0.086262	-0.0401403
403	76260	0.265249	-0.0163784	0.0820858	-0.0401403
404	77004	0.27541	-0.0163784	0.0897149	-0.0401403
405	77748	0.276792	-0.0163784	0.0720233	-0.0401403
406	78492	0.281066	-0.0163784	0.0878405	-0.0401403
407	79236	0.265052	-0.0163784	0.0748513	-0.0401403
408	79980	0.278666	-0.0163784	0.0753117	-0.0401403
409	80724	0.249991	-0.0163784	0.0822502	-0.0401403
410	81468	0.261106	-0.0163784	0.0731743	-0.0401403
411	82212	0.29251	-0.0163784	0.0787316	-0.0401403
412	82956	0.256667	-0.0163784	0.0690638	-0.0401403
413	83700	0.262783	-0.0163784	0.0855386	-0.0401403
414	84444	0.265019	-0.0163784	0.0971795	-0.0401403
415	85188	0.263605	-0.0163784	0.085703	-0.0401403
416	85932	0.27005	-0.0163784	0.0828092	-0.0401403
417	86676	0.277548	-0.0163784	0.0839931	-0.0401403
418	87420	0.271234	-0.0163784	0.0651506	-0.0401403
419	88164	0.265151	-0.0163784	0.0806389	-0.0401403
420	88908	0.256732	-0.0163784	0.0739306	-0.0401403
421	89652	0.268439	-0.0163784	0.0866895	-0.0401403
422	90396	0.258409	-0.0163784	0.0819543	-0.0401403
423	91140	0.257127	-0.0163784	0.0825133	-0.0401403
424	91884	0.273996	-0.0163784	0.087117	-0.0401403
425	92628	0.269261	-0.0163784	0.0770217	-0.0401403
426	93372	0.271793	-0.0163784	0.0967849	-0.0401403
427	94116	0.257982	-0.0163784	0.0816254	-0.0401403
428	94860	0.257752	-0.0163784	0.0868868	-0.0401403
429	95604	0.266499	-0.0163784	0.087972	-0.0401403
430	96348	0.268472	-0.0163784	0.0787974	-0.0401403
431	97092	0.269787	-0.0163784	0.0946474	-0.0401403
432	97836	0.267222	-0.0163784	0.0892216	-0.0401403
433	98580	0.275772	-0.0163784	0.0962587	-0.0401403
434	99324	0.254562	-0.0163784	0.0884324	-0.0401403
435	100068	0.262947	-0.0163784	0.081461	-0.0401403
436	100812	0.273076	-0.0163784	0.0781068	-0.0401403
437	101556	0.260909	-0.0163784	0.0858017	-0.0401403
438	102300	0.260678	-0.0163784	0.0906685	-0.0401403
439	103044	0.242559	-0.0163784	0.0908987	-0.0401403
440	103788	0.243447	-0.0163784	0.0858346	-0.0401403
441	104532	0.260744	-0.0163784	0.0932005	-0.0401403
442	105276	0.274588	-0.0163784	0.081461	-0.0401403
443	106020	0.258903	-0.0163784	0.0824146	-0.0401403
444	106764	0.252556	-0.0163784	0.0934307	-0.0401403
445	107508	0.250024	-0.0163784	0.0799812	-0.0401403
446	108252	0.238843	-0.0163784	0.0911289	-0.0401403
447	108996	0.272845	-0.0163784	0.0745554	-0.0401403
448	109740	0.270576	-0.0163784	0.0852098	-0.0401403
449	110484	0.254332	-0.0163784	0.0677813	-0.0401403
450	111228	0.273996	-0.0163784	0.0877089	-0.0401403
451	111414	0.263835	-0.0163784	0.0851769	-0.0401403
452	110670	0.257357	-0.0163784	0.0857359	-0.0401403
453	109926	0.261994	-0.0163784	0.0897149	-0.0401403
454	109182	0.269754	-0.0163784	0.0850782	-0.0401403
455	108438	0.254332	-0.0163784	0.0892874	-0.0401403
456	107694	0.26788	-0.0163784	0.0936938	-0.0401403
457	106950	0.271267	-0.0163784	0.081757	-0.0401403
458	106206	0.25545	-0.0163784	0.0897806	-0.0401403
459	105462	0.254825	-0.0163784	0.0844863	-0.0401403
460	104718	0.266104	-0.0163784	0.0931019	-0.0401403
461	103974	0.251471	-0.0163784	0.0870841	-0.0401403
462	103230	0.26423	-0.0163784	0.0874788	-0.0401403
463	102486	0.272286	-0.0163784	0.0865909	-0.0401403
464	101742	0.260185	-0.0163784	0.0839273	-0.0401403
465	100998	0.27084	-0.0163784	0.0860319	-0.0401403
466	100254	0.263178	-0.0163784	0.0853413	-0.0401403
467	99510	0.258738	-0.0163784	0.0900766	-0.0401403
468	98766	0.257785	-0.0163784	0.0936938	-0.0401403
469	98022	0.258113	-0.0163784	0.0875445	-0.0401403
470	97278	0.249695	-0.0163784	0.0810993	-0.0401403
471	96534	0.26104	-0.0163784	0.0761338	-0.0401403
472	95790	0.260152	-0.0163784	0.08373	-0.0401403
473	95046	0.261928	-0.0163784	0.0860976	-0.0401403
474	94302	0.263112	-0.0163784	0.0779095	-0.0401403
475	93558	0.259462	-0.0163784	0.0799483	-0.0401403
476	92814	0.267091	-0.0163784	0.0784686	-0.0401403
477	92070	0.259495	-0.0163784	0.0797182	-0.0401403
478	91326	0.263572	-0.0163784	0.0813623	-0.0401403
479	90582	0.270544	-0.0163784	0.079488	-0.0401403
480	89838	0.263802	-0.0163784	0.0757063	-0.0401403
481	89094	0.270971	-0.0163784	0.0785014	-0.0401403
482	88350	0.262783	-0.0163784	0.0863607	-0.0401403
483	87606	0.246736	-0.0163784	0.0785672	-0.0401403
484	86862	0.271004	-0.0163784	0.0812966	-0.0401403
485	86118	0.261501	-0.0163784	0.07324	-0.0401403
486	85374	0.250978	-0.0163784	0.0756405	-0.0401403
487	84630	0.26492	-0.0163784	0.0833025	-0.0401403
488	83886	0.278732	-0.0163784	0.0759365	-0.0401403
489	83142	0.268077	-0.0163784	0.0853742	-0.0401403
490	82398	0.277252	-0.0163784	0.072385	-0.0401403
491	81654	0.266236	-0.0163784	0.0915892	-0.0401403
492	80910	0.256699	-0.0163784	0.0782713	-0.0401403
493	80166	0.258541	-0.0163784	0.0844863	-0.0401403
494	79422	0.2542	-0.0163784	0.0807704	-0.0401403
495	78678	0.255253	-0.0163784	0.0855715	-0.0401403
496	77934	0.275476	-0.0163784	0.0875116	-0.0401403
497	77190	0.278304	-0.0163784	0.0825462	-0.0401403
498	76446	0.264855	-0.0163784	0.0730098	-0.0401403
499	75702	0.260415	-0.0163784	0.0834669	-0.0401403
500	74958	0.282875	-0.0163784	0.0795866	-0.0401403
501	74214	0.274654	-0.0163784	0.0876761	-0.0401403
502	73470	0.265151	-0.0163784	0.0812966	-0.0401403
503	72726	0.276265	-0.0163784	0.0898464	-0.0401403
504	71982	0.268439	-0.0163784	0.0788961	-0.0401403
505	71238	0.275378	-0.0163784	0.0875774	-0.0401403
506	70494	0.266104	-0.0163784	0.0924771	-0.0401403
507	69750	0.269886	-0.0163784	0.0887283	-0.0401403
508	69006	0.284486	-0.0163784	0.100106	-0.0401403
509	68262	0.257916	-0.0163784	0.0881035	-0.0401403
510	67518	0.275213	-0.0163784	0.0905698	-0.0401403
511	66774	0.275871	-0.0163784	0.0989881	-0.0401403
512	66030	0.285013	-0.0163784	0.0946803	-0.0401403
513	65286	0.279324	-0.0163784	0.091096	-0.0401403
514	64542	0.276463	-0.0163784	0.0911946	-0.0401403
515	63798	0.266071	-0.0163784	0.083171	-0.0401403
516	63054	0.260481	-0.0163784	0.0971795	-0.0401403
517	62310	0.269228	-0.0163784	0.0810006	-0.0401403
518	61566	0.26423	-0.0163784	0.0991196	-0.0401403
519	60822	0.27347	-0.0163784	0.0924771	-0.0401403
520	60078	0.272615	-0.0163784	0.0976399	-0.0401403
521	59334	0.274062	-0.0163784	0.0865909	-0.0401403
522	58590	0.261829	-0.0163784	0.0878405	-0.0401403
523	57846	0.252984	-0.0163784	0.0789289	-0.0401403
524	57102	0.254825	-0.0163784	0.0832696	-0.0401403
525	56358	0.270872	-0.0163784	0.0861963	-0.0401403
526	55614	0.276167	-0.0163784	0.0907343	-0.0401403
527	54870	0.272221	-0.0163784	0.080606	-0.0401403
528	54126	0.267354	-0.0163784	0.0840588	-0.0401403
529	53382	0.28521	-0.0163784	0.0937925	-0.0401403
530	52638	0.282415	-0.0163784	0.0953051	-0.0401403
531	51894	0.270412	-0.0163784	0.08373	-0.0401403
532	51150	0.263375	-0.0163784	0.0789618	-0.0401403
533	50406	0.287413	-0.0163784	0.0858017	-0.0401403
534	49662	0.286262	-0.0163784	0.0815596	-0.0401403
535	48918	0.278929	-0.0163784	0.0872157	-0.0401403
536	48174	0.286591	-0.0163784	0.0875116	-0.0401403
537	47430	0.284289	-0.0163784	0.0782384	-0.0401403
538	46686	0.276989	-0.0163784	0.0880707	-0.0401403
539	45942	0.287084	-0.0163784	0.0705435	-0.0401403
540	45198	0.291852	-0.0163784	0.0791262	-0.0401403
541	44454	0.285341	-0.0163784	0.0847165	-0.0401403
542	43710	0.271004	-0.0163784	0.0787316	-0.0401403
543	42966	0.278304	-0.0163784	0.0873472	-0.0401403
544	42222	0.281362	-0.0163784	0.0833683	-0.0401403
545	41478	0.274292	-0.0163784	0.0782384	-0.0401403
546	40734	0.2737	-0.0163784	0.0883995	-0.0401403
547	39990	0.26252	-0.0163784	0.0795537	-0.0401403
548	39246	0.270576	-0.0163784	0.0748513	-0.0401403
549	38502	0.281921	-0.0163784	0.0940226	-0.0401403
550	37758	0.271399	-0.0163784	0.0837958	-0.0401403
551	37014	0.280244	-0.0163784	0.088531	-0.0401403
552	36270	0.26617	-0.0163784	0.0742923	-0.0401403
553	35526	0.267091	-0.0163784	0.0931019	-0.0401403
554	34782	0.248413	-0.0163784	0.085144	-0.0401403
555	34038	0.279784	-0.0163784	0.0877418	-0.0401403
556	33294	0.287314	-0.0163784	0.0964889	-0.0401403
557	32550	0.291392	-0.0163784	0.0968178	-0.0401403
558	31806	0.271826	-0.0163784	0.0977385	-0.0401403
559	31062	0.272582	-0.0163784	0.0858346	-0.0401403
560	30318	0.274391	-0.0163784	0.0886297	-0.0401403
561	29574	0.293069	-0.0163784	0.098166	-0.0401403
562	28830	0.266532	-0.0163784	0.0992841	-0.0401403
563	28086	0.264756	-0.0163784	0.0882351	-0.0401403
564	27342	0.282809	-0.0163784	0.0953051	-0.0401403
565	26598	0.298528	-0.0163784	0.0917537	-0.0401403
566	25854	0.29399	-0.0163784	0.0906356	-0.0401403
567	25110	0.280705	-0.0163784	0.0950092	-0.0401403
568	24366	0.290965	-0.0163784	0.083171	-0.0401403
569	23622	0.277581	-0.0163784	0.097311	-0.0401403
570	22878	0.284026	-0.0163784	0.0942199	-0.0401403
571	22134	0.298199	-0.0163784	0.103	-0.0401403
572	21390	0.291491	-0.0163784	0.0973768	-0.0401403
573	20646	0.294516	-0.0163784	0.10494	-0.0401403
574	19902	0.282119	-0.0163784	0.0850782	-0.0401403
575	19158	0.279488	-0.0163784	0.0980674	-0.0401403
576	18414	0.272517	-0.0163784	0.0883995	-0.0401403
577	17670	0.295371	-0.0163784	0.0913919	-0.0401403
578	16926	0.283204	-0.0163784	0.0963574	-0.0401403
579	16182	0.273832	-0.0163784	0.0909644	-0.0401403
580	15438	0.274062	-0.0163784	0.0875445	-0.0401403
581	14694	0.291984	-0.0163784	0.0900108	-0.0401403
582	13950	0.300961	-0.0163784	0.0920167	-0.0401403
583	13206	0.283763	-0.0163784	0.0839602	-0.0401403
584	12462	0.257522	-0.0163784	0.0817241	-0.0401403
585	11718	0.275509	-0.0163784	0.0714314	-0.0401403
586	10974	0.262487	-0.0163784	0.084289	-0.0401403
587	10230	0.259264	-0.0163784	0.0795208	-0.0401403
588	9486	0.298627	-0.0163784	0.0824146	-0.0401403
589	8742	0.294187	-0.0163784	0.0903725	-0.0401403
590	7998	0.282119	-0.0163784	0.0786659	-0.0401403
591	7254	0.286065	-0.0163784	0.0880707	-0.0401403
592	6510	0.284947	-0.0163784	0.0906356	-0.0401403
593	5766	0.285045	-0.0163784	0.086854	-0.0401403
594	5022	0.282448	-0.0163784	0.0824804	-0.0401403
595	4278	0.287841	-0.0163784	0.0912933	-0.0401403
596	3534	0.28932	-0.0163784	0.0883337	-0.0401403
597	2790	0.292675	-0.0163784	0.0946146	-0.0401403
598	2046	0.260251	-0.0163784	0.0861305	-0.0401403
599	1302	0.272944	-0.0163784	0.0949434	-0.0401403
600	558	0.305302	-0.0166744	0.113424	-0.0413833
