# 2016-09-27-Tuesday
# DL-Pro & DL-100 Locked delay scan.
# DL-Pro @ 365840.7 GHz & DL-100 @ 365824.8 GHz
# B2 = T2 + 2.050 us
# HP 214B FIP at 5.5 on 100V setting ; Applied to Top ; Mesh & Vin of MCP @ +25V ; Vout of MCP @ +2025 V
# Oven @ 32 A
# MW On ; f = 15931.6 MHz; Attn = 44 dB (38+6)
# Static -500 mV Pulsed
# Gate = 200 ns ; Amp = 25x ; Sensitivity = 5 mV
# +/- 30 mV IR/Oven offset.
# Top: 0 V ; Bot: -0.420 V ; IR: +0.045 V ; Oven: -0.045 V ; Vis: -0.003 V ; MW: +0.003 V
# i, step, norm, norm bkgnd, signal, signal bkgnd
# 4 passes
0	0	0.359725	-0.0262041	0.093924	-0.0496766	
1	744	0.346769	-0.0262041	0.0940226	-0.0496766	
2	1488	0.358114	-0.0262041	0.0921154	-0.0496766	
3	2232	0.351241	-0.0262041	0.0825791	-0.0496766	
4	2976	0.336673	-0.0262041	0.0870513	-0.0496766	
5	3720	0.327893	-0.0262041	0.0808691	-0.0496766	
6	4464	0.32717	-0.0262041	0.0855715	-0.0496766	
7	5208	0.326085	-0.0262041	0.0841904	-0.0496766	
8	5952	0.341343	-0.0262041	0.0805402	-0.0496766	
9	6696	0.325559	-0.0262041	0.0833025	-0.0496766	
10	7440	0.321284	-0.0262041	0.0770874	-0.0496766	
11	8184	0.314641	-0.0262041	0.0782384	-0.0496766	
12	8928	0.299909	-0.0262041	0.0712341	-0.0496766	
13	9672	0.308196	-0.0262041	0.0672223	-0.0496766	
14	10416	0.31839	-0.0262041	0.0855715	-0.0496766	
15	11160	0.323717	-0.0262041	0.0820529	-0.0496766	
16	11904	0.325624	-0.0262041	0.0883008	-0.0496766	
17	12648	0.319278	-0.0262041	0.0815268	-0.0496766	
18	13392	0.299942	-0.0262041	0.0736017	-0.0496766	
19	14136	0.325032	-0.0262041	0.074391	-0.0496766	
20	14880	0.32569	-0.0262041	0.0908329	-0.0496766	
21	15624	0.307341	-0.0262041	0.0765942	-0.0496766	
22	16368	0.308656	-0.0262041	0.0942528	-0.0496766	
23	17112	0.31691	-0.0262041	0.0957984	-0.0496766	
24	17856	0.329373	-0.0262041	0.0969164	-0.0496766	
25	18600	0.32694	-0.0262041	0.0818556	-0.0496766	
26	19344	0.338515	-0.0262041	0.0912275	-0.0496766	
27	20088	0.317601	-0.0262041	0.089682	-0.0496766	
28	20832	0.326085	-0.0262041	0.0889585	-0.0496766	
29	21576	0.307571	-0.0262041	0.0829408	-0.0496766	
30	22320	0.319278	-0.0262041	0.0907014	-0.0496766	
31	23064	0.311024	-0.0262041	0.0924771	-0.0496766	
32	23808	0.315069	-0.0262041	0.0843219	-0.0496766	
33	24552	0.315463	-0.0262041	0.0921154	-0.0496766	
34	25296	0.310662	-0.0262041	0.0817898	-0.0496766	
35	26040	0.318554	-0.0262041	0.089386	-0.0496766	
36	26784	0.312076	-0.0262041	0.072385	-0.0496766	
37	27528	0.317995	-0.0262041	0.0823489	-0.0496766	
38	28272	0.315364	-0.0262041	0.0843219	-0.0496766	
39	29016	0.322303	-0.0262041	0.095338	-0.0496766	
40	29760	0.340619	-0.0262041	0.089682	-0.0496766	
41	30504	0.32352	-0.0262041	0.0935952	-0.0496766	
42	31248	0.329538	-0.0262041	0.0859332	-0.0496766	
43	31992	0.305335	-0.0262041	0.0892874	-0.0496766	
44	32736	0.331182	-0.0262041	0.0850125	-0.0496766	
45	33480	0.316548	-0.0262041	0.0872157	-0.0496766	
46	34224	0.302441	-0.0262041	0.0826119	-0.0496766	
47	34968	0.317074	-0.0262041	0.0886626	-0.0496766	
48	35712	0.303954	-0.0262041	0.0798497	-0.0496766	
49	36456	0.313819	-0.0262041	0.0804745	-0.0496766	
50	37200	0.297213	-0.0262041	0.0885639	-0.0496766	
51	37944	0.31497	-0.0262041	0.0787316	-0.0496766	
52	38688	0.312734	-0.0262041	0.0741608	-0.0496766	
53	39432	0.316811	-0.0262041	0.080902	-0.0496766	
54	40176	0.311188	-0.0262041	0.0800141	-0.0496766	
55	40920	0.307703	-0.0262041	0.0725166	-0.0496766	
56	41664	0.309906	-0.0262041	0.0778438	-0.0496766	
57	42408	0.323388	-0.0262041	0.0775149	-0.0496766	
58	43152	0.299843	-0.0262041	0.0842232	-0.0496766	
59	43896	0.298758	-0.0262041	0.0736017	-0.0496766	
60	44640	0.29376	-0.0262041	0.0755419	-0.0496766	
61	45384	0.292938	-0.0262041	0.0725166	-0.0496766	
62	46128	0.313161	-0.0262041	0.0757721	-0.0496766	
63	46872	0.296884	-0.0262041	0.0710039	-0.0496766	
64	47616	0.318488	-0.0262041	0.0636379	-0.0496766	
65	48360	0.313391	-0.0262041	0.0719576	-0.0496766	
66	49104	0.309281	-0.0262041	0.0698859	-0.0496766	
67	49848	0.293234	-0.0262041	0.0699188	-0.0496766	
68	50592	0.311122	-0.0262041	0.0719904	-0.0496766	
69	51336	0.296719	-0.0262041	0.077778	-0.0496766	
70	52080	0.306453	-0.0262041	0.089386	-0.0496766	
71	52824	0.298133	-0.0262041	0.0688665	-0.0496766	
72	53568	0.306848	-0.0262041	0.0699188	-0.0496766	
73	54312	0.279554	-0.0262041	0.0802772	-0.0496766	
74	55056	0.293957	-0.0262041	0.0771861	-0.0496766	
75	55800	0.300632	-0.0262041	0.079192	-0.0496766	
76	56544	0.30517	-0.0262041	0.08202	-0.0496766	
77	57288	0.303	-0.0262041	0.0821187	-0.0496766	
78	58032	0.300304	-0.0262041	0.0795866	-0.0496766	
79	58776	0.29057	-0.0262041	0.0761996	-0.0496766	
80	59520	0.294352	-0.0262041	0.0727139	-0.0496766	
81	60264	0.312471	-0.0262041	0.079192	-0.0496766	
82	61008	0.293365	-0.0262041	0.0839602	-0.0496766	
83	61752	0.291162	-0.0262041	0.0761996	-0.0496766	
84	62496	0.299514	-0.0262041	0.0789947	-0.0496766	
85	63240	0.290965	-0.0262041	0.0809677	-0.0496766	
86	63984	0.286361	-0.0262041	0.0771861	-0.0496766	
87	64728	0.300501	-0.0262041	0.0886297	-0.0496766	
88	65472	0.288169	-0.0262041	0.0906027	-0.0496766	
89	66216	0.291261	-0.0262041	0.0652164	-0.0496766	
90	66960	0.297903	-0.0262041	0.0782055	-0.0496766	
91	67704	0.309708	-0.0262041	0.0800799	-0.0496766	
92	68448	0.295338	-0.0262041	0.0773505	-0.0496766	
93	69192	0.283237	-0.0262041	0.080902	-0.0496766	
94	69936	0.303197	-0.0262041	0.0830065	-0.0496766	
95	70680	0.305105	-0.0262041	0.0682417	-0.0496766	
96	71424	0.301455	-0.0262041	0.0850782	-0.0496766	
97	72168	0.287578	-0.0262041	0.0708724	-0.0496766	
98	72912	0.29251	-0.0262041	0.0774163	-0.0496766	
99	73656	0.280014	-0.0262041	0.0718589	-0.0496766	
100	74400	0.305631	-0.0262041	0.0683074	-0.0496766	
101	75144	0.305861	-0.0262041	0.0734373	-0.0496766	
102	75888	0.287051	-0.0262041	0.083171	-0.0496766	
103	76632	0.298265	-0.0262041	0.0675182	-0.0496766	
104	77376	0.287972	-0.0262041	0.071267	-0.0496766	
105	78120	0.2981	-0.0262041	0.0757063	-0.0496766	
106	78864	0.279192	-0.0262041	0.0626843	-0.0496766	
107	79608	0.283303	-0.0262041	0.0806389	-0.0496766	
108	80352	0.2835	-0.0262041	0.0697543	-0.0496766	
109	81096	0.282415	-0.0262041	0.0787645	-0.0496766	
110	81840	0.289123	-0.0262041	0.0705107	-0.0496766	
111	82584	0.297443	-0.0262041	0.0615991	-0.0496766	
112	83328	0.292938	-0.0262041	0.0669263	-0.0496766	
113	84072	0.280836	-0.0262041	0.066729	-0.0496766	
114	84816	0.277219	-0.0262041	0.0677155	-0.0496766	
115	85560	0.282974	-0.0262041	0.0725495	-0.0496766	
116	86304	0.301948	-0.0262041	0.0680773	-0.0496766	
117	87048	0.272615	-0.0262041	0.0675182	-0.0496766	
118	87792	0.286427	-0.0262041	0.0604153	-0.0496766	
119	88536	0.302342	-0.0262041	0.0658083	-0.0496766	
120	89280	0.287314	-0.0262041	0.0723193	-0.0496766	
121	90024	0.278995	-0.0262041	0.0641312	-0.0496766	
122	90768	0.301126	-0.0262041	0.0683732	-0.0496766	
123	91512	0.293562	-0.0262041	0.0720562	-0.0496766	
124	92256	0.294121	-0.0262041	0.0714314	-0.0496766	
125	93000	0.303756	-0.0262041	0.074654	-0.0496766	
126	93744	0.287183	-0.0262041	0.0875116	-0.0496766	
127	94488	0.290603	-0.0262041	0.0751144	-0.0496766	
128	95232	0.286098	-0.0262041	0.0725495	-0.0496766	
129	95976	0.275016	-0.0262041	0.0731743	-0.0496766	
130	96720	0.297015	-0.0262041	0.076068	-0.0496766	
131	97464	0.294384	-0.0262041	0.0804416	-0.0496766	
132	98208	0.280606	-0.0262041	0.084848	-0.0496766	
133	98952	0.286887	-0.0262041	0.081757	-0.0496766	
134	99696	0.282415	-0.0262041	0.0759036	-0.0496766	
135	100440	0.282711	-0.0262041	0.0697872	-0.0496766	
136	101184	0.294944	-0.0262041	0.0858346	-0.0496766	
137	101928	0.280244	-0.0262041	0.0783699	-0.0496766	
138	102672	0.272319	-0.0262041	0.0683074	-0.0496766	
139	103416	0.284519	-0.0262041	0.0724179	-0.0496766	
140	104160	0.282744	-0.0262041	0.0827764	-0.0496766	
141	104904	0.283105	-0.0262041	0.0795866	-0.0496766	
142	105648	0.27518	-0.0262041	0.0747527	-0.0496766	
143	106392	0.278107	-0.0262041	0.0795208	-0.0496766	
144	107136	0.279455	-0.0262041	0.0629803	-0.0496766	
145	107880	0.281297	-0.0262041	0.0649533	-0.0496766	
146	108624	0.279652	-0.0262041	0.0750486	-0.0496766	
147	109368	0.284815	-0.0262041	0.0661042	-0.0496766	
148	110112	0.277581	-0.0262041	0.0676169	-0.0496766	
149	110856	0.271103	-0.0262041	0.0784357	-0.0496766	
150	111600	0.26127	-0.0262041	0.0635393	-0.0496766	
151	111042	0.267157	-0.0262041	0.0718589	-0.0496766	
152	110298	0.278008	-0.0262041	0.0629145	-0.0496766	
153	109554	0.266729	-0.0262041	0.0656438	-0.0496766	
154	108810	0.282415	-0.0262041	0.0688994	-0.0496766	
155	108066	0.286558	-0.0262041	0.0735689	-0.0496766	
156	107322	0.278534	-0.0262041	0.0668277	-0.0496766	
157	106578	0.289847	-0.0262041	0.0826448	-0.0496766	
158	105834	0.27666	-0.0262041	0.0691953	-0.0496766	
159	105090	0.282513	-0.0262041	0.0762982	-0.0496766	
160	104346	0.2908	-0.0262041	0.075509	-0.0496766	
161	103602	0.281231	-0.0262041	0.0761009	-0.0496766	
162	102858	0.282579	-0.0262041	0.0657096	-0.0496766	
163	102114	0.267387	-0.0262041	0.0682417	-0.0496766	
164	101370	0.299613	-0.0262041	0.071267	-0.0496766	
165	100626	0.290274	-0.0262041	0.0723193	-0.0496766	
166	99882	0.275378	-0.0262041	0.0636708	-0.0496766	
167	99138	0.268899	-0.0262041	0.0790276	-0.0496766	
168	98394	0.274819	-0.0262041	0.0726152	-0.0496766	
169	97650	0.277745	-0.0262041	0.068998	-0.0496766	
170	96906	0.298857	-0.0262041	0.0799155	-0.0496766	
171	96162	0.290701	-0.0262041	0.0672223	-0.0496766	
172	95418	0.270017	-0.0262041	0.0716616	-0.0496766	
173	94674	0.291261	-0.0262041	0.072681	-0.0496766	
174	93930	0.298002	-0.0262041	0.0803101	-0.0496766	
175	93186	0.279916	-0.0262041	0.058245	-0.0496766	
176	92442	0.302671	-0.0262041	0.0695899	-0.0496766	
177	91698	0.274062	-0.0262041	0.0664002	-0.0496766	
178	90954	0.295141	-0.0262041	0.0732729	-0.0496766	
179	90210	0.278041	-0.0262041	0.0876761	-0.0496766	
180	89466	0.286755	-0.0262041	0.065611	-0.0496766	
181	88722	0.291096	-0.0262041	0.0695899	-0.0496766	
182	87978	0.289386	-0.0262041	0.075805	-0.0496766	
183	87234	0.285966	-0.0262041	0.0611716	-0.0496766	
184	86490	0.275706	-0.0262041	0.0677484	-0.0496766	
185	85746	0.297541	-0.0262041	0.0642956	-0.0496766	
186	85002	0.299646	-0.0262041	0.0719247	-0.0496766	
187	84258	0.305269	-0.0262041	0.0695241	-0.0496766	
188	83514	0.289123	-0.0262041	0.0692282	-0.0496766	
189	82770	0.280277	-0.0262041	0.0601194	-0.0496766	
190	82026	0.272648	-0.0262041	0.0662358	-0.0496766	
191	81282	0.286032	-0.0262041	0.068702	-0.0496766	
192	80538	0.291984	-0.0262041	0.0652164	-0.0496766	
193	79794	0.269853	-0.0262041	0.0683074	-0.0496766	
194	79050	0.284519	-0.0262041	0.0761338	-0.0496766	
195	78306	0.288663	-0.0262041	0.0639997	-0.0496766	
196	77562	0.28909	-0.0262041	0.0703791	-0.0496766	
197	76818	0.30277	-0.0262041	0.0701489	-0.0496766	
198	76074	0.294352	-0.0262041	0.0750158	-0.0496766	
199	75330	0.277745	-0.0262041	0.067288	-0.0496766	
200	74586	0.302638	-0.0262041	0.082316	-0.0496766	
201	73842	0.301159	-0.0262041	0.0752131	-0.0496766	
202	73098	0.310892	-0.0262041	0.0835656	-0.0496766	
203	72354	0.295141	-0.0262041	0.0858674	-0.0496766	
204	71610	0.29935	-0.0262041	0.0801456	-0.0496766	
205	70866	0.305795	-0.0262041	0.0796195	-0.0496766	
206	70122	0.300402	-0.0262041	0.0837958	-0.0496766	
207	69378	0.298331	-0.0262041	0.0802443	-0.0496766	
208	68634	0.301455	-0.0262041	0.0811322	-0.0496766	
209	67890	0.305729	-0.0262041	0.0796853	-0.0496766	
210	67146	0.310103	-0.0262041	0.0786988	-0.0496766	
211	66402	0.296884	-0.0262041	0.0742594	-0.0496766	
212	65658	0.30152	-0.0262041	0.0901423	-0.0496766	
213	64914	0.291984	-0.0262041	0.0821844	-0.0496766	
214	64170	0.297903	-0.0262041	0.0860976	-0.0496766	
215	63426	0.285341	-0.0262041	0.0802443	-0.0496766	
216	62682	0.295108	-0.0262041	0.0756077	-0.0496766	
217	61938	0.284552	-0.0262041	0.0834011	-0.0496766	
218	61194	0.307966	-0.0262041	0.0815268	-0.0496766	
219	60450	0.29741	-0.0262041	0.0738648	-0.0496766	
220	59706	0.295963	-0.0262041	0.0691295	-0.0496766	
221	58962	0.288235	-0.0262041	0.0770874	-0.0496766	
222	58218	0.290636	-0.0262041	0.0856373	-0.0496766	
223	57474	0.322763	-0.0262041	0.0887612	-0.0496766	
224	56730	0.288794	-0.0262041	0.0764955	-0.0496766	
225	55986	0.292773	-0.0262041	0.0812966	-0.0496766	
226	55242	0.298758	-0.0262041	0.0775149	-0.0496766	
227	54498	0.296785	-0.0262041	0.0770546	-0.0496766	
228	53754	0.309544	-0.0262041	0.0836313	-0.0496766	
229	53010	0.290044	-0.0262041	0.0764298	-0.0496766	
230	52266	0.306782	-0.0262041	0.0812308	-0.0496766	
231	51522	0.312734	-0.0262041	0.0790934	-0.0496766	
232	50778	0.296423	-0.0262041	0.077482	-0.0496766	
233	50034	0.32079	-0.0262041	0.0737991	-0.0496766	
234	49290	0.296094	-0.0262041	0.0694255	-0.0496766	
235	48546	0.302638	-0.0262041	0.0687678	-0.0496766	
236	47802	0.30448	-0.0262041	0.0702476	-0.0496766	
237	47058	0.302671	-0.0262041	0.0623555	-0.0496766	
238	46314	0.328354	-0.0262041	0.0716945	-0.0496766	
239	45570	0.322073	-0.0262041	0.0680773	-0.0496766	
240	44826	0.301422	-0.0262041	0.0705107	-0.0496766	
241	44082	0.301224	-0.0262041	0.0793235	-0.0496766	
242	43338	0.287808	-0.0262041	0.0737004	-0.0496766	
243	42594	0.307571	-0.0262041	0.0665975	-0.0496766	
244	41850	0.318752	-0.0262041	0.0844534	-0.0496766	
245	41106	0.315364	-0.0262041	0.0728783	-0.0496766	
246	40362	0.309643	-0.0262041	0.072122	-0.0496766	
247	39618	0.296588	-0.0262041	0.0714972	-0.0496766	
248	38874	0.300567	-0.0262041	0.0727797	-0.0496766	
249	38130	0.303526	-0.0262041	0.06617	-0.0496766	
250	37386	0.301849	-0.0262041	0.0742594	-0.0496766	
251	36642	0.307209	-0.0262041	0.0895833	-0.0496766	
252	35898	0.30152	-0.0262041	0.0824146	-0.0496766	
253	35154	0.308886	-0.0262041	0.0893531	-0.0496766	
254	34410	0.312668	-0.0262041	0.0803101	-0.0496766	
255	33666	0.308064	-0.0262041	0.0803101	-0.0496766	
256	32922	0.325559	-0.0262041	0.0793235	-0.0496766	
257	32178	0.318094	-0.0262041	0.085144	-0.0496766	
258	31434	0.293365	-0.0262041	0.0844205	-0.0496766	
259	30690	0.321678	-0.0262041	0.0918194	-0.0496766	
260	29946	0.302178	-0.0262041	0.0915235	-0.0496766	
261	29202	0.306617	-0.0262041	0.0900437	-0.0496766	
262	28458	0.297081	-0.0262041	0.0751144	-0.0496766	
263	27714	0.314246	-0.0262041	0.0834011	-0.0496766	
264	26970	0.30961	-0.0262041	0.0834998	-0.0496766	
265	26226	0.300632	-0.0262041	0.0781726	-0.0496766	
266	25482	0.316647	-0.0262041	0.0848152	-0.0496766	
267	24738	0.300863	-0.0262041	0.0954038	-0.0496766	
268	23994	0.32546	-0.0262041	0.0863607	-0.0496766	
269	23250	0.309281	-0.0262041	0.081461	-0.0496766	
270	22506	0.310859	-0.0262041	0.077778	-0.0496766	
271	21762	0.318982	-0.0262041	0.0782384	-0.0496766	
272	21018	0.307505	-0.0262041	0.0851769	-0.0496766	
273	20274	0.315101	-0.0262041	0.0810006	-0.0496766	
274	19530	0.305697	-0.0262041	0.0843548	-0.0496766	
275	18786	0.313293	-0.0262041	0.0716616	-0.0496766	
276	18042	0.296127	-0.0262041	0.0869855	-0.0496766	
277	17298	0.298528	-0.0262041	0.0789289	-0.0496766	
278	16554	0.317568	-0.0262041	0.0842561	-0.0496766	
279	15810	0.296062	-0.0262041	0.0792578	-0.0496766	
280	15066	0.314641	-0.0262041	0.0817898	-0.0496766	
281	14322	0.306946	-0.0262041	0.0771203	-0.0496766	
282	13578	0.300304	-0.0262041	0.0761009	-0.0496766	
283	12834	0.294812	-0.0262041	0.0634077	-0.0496766	
284	12090	0.314246	-0.0262041	0.0664988	-0.0496766	
285	11346	0.298035	-0.0262041	0.0666632	-0.0496766	
286	10602	0.317765	-0.0262041	0.0720562	-0.0496766	
287	9858	0.315134	-0.0262041	0.0718918	-0.0496766	
288	9114	0.304644	-0.0262041	0.0708724	-0.0496766	
289	8370	0.318291	-0.0262041	0.0836971	-0.0496766	
290	7626	0.308459	-0.0262041	0.0801456	-0.0496766	
291	6882	0.299317	-0.0262041	0.0718589	-0.0496766	
292	6138	0.31201	-0.0262041	0.0820858	-0.0496766	
293	5394	0.313918	-0.0262041	0.075509	-0.0496766	
294	4650	0.314115	-0.0262041	0.0852755	-0.0496766	
295	3906	0.302014	-0.0262041	0.0721549	-0.0496766	
296	3162	0.306289	-0.0262041	0.0802772	-0.0496766	
297	2418	0.308919	-0.0262041	0.0689322	-0.0496766	
298	1674	0.306058	-0.0262041	0.0815925	-0.0496766	
299	930	0.318291	-0.0262041	0.084848	-0.0496766	
300	186	0.323421	-0.0262041	0.0787974	-0.0496766	
301	372	0.326578	-0.0262041	0.0769888	-0.0496766	
302	1116	0.309577	-0.0262041	0.0821844	-0.0496766	
303	1860	0.321053	-0.0262041	0.0810993	-0.0496766	
304	2604	0.31714	-0.0262041	0.0843877	-0.0496766	
305	3348	0.316088	-0.0262041	0.0850782	-0.0496766	
306	4092	0.30471	-0.0262041	0.0730756	-0.0496766	
307	4836	0.322369	-0.0262041	0.0811979	-0.0496766	
308	5580	0.333056	-0.0262041	0.0838944	-0.0496766	
309	6324	0.316548	-0.0262041	0.0921154	-0.0496766	
310	7068	0.319738	-0.0262041	0.0721549	-0.0496766	
311	7812	0.338153	-0.0262041	0.0844205	-0.0496766	
312	8556	0.319607	-0.0262041	0.0792907	-0.0496766	
313	9300	0.327203	-0.0262041	0.0669592	-0.0496766	
314	10044	0.314674	-0.0262041	0.0728125	-0.0496766	
315	10788	0.314608	-0.0262041	0.0754761	-0.0496766	
316	11532	0.323816	-0.0262041	0.0890243	-0.0496766	
317	12276	0.309445	-0.0262041	0.0736017	-0.0496766	
318	13020	0.304973	-0.0262041	0.0811979	-0.0496766	
319	13764	0.316943	-0.0262041	0.0782713	-0.0496766	
320	14508	0.326742	-0.0262041	0.0769559	-0.0496766	
321	15252	0.31155	-0.0262041	0.0731743	-0.0496766	
322	15996	0.300271	-0.0262041	0.0778109	-0.0496766	
323	16740	0.302671	-0.0262041	0.0752788	-0.0496766	
324	17484	0.311188	-0.0262041	0.0859661	-0.0496766	
325	18228	0.308097	-0.0262041	0.0787645	-0.0496766	
326	18972	0.298791	-0.0262041	0.0806389	-0.0496766	
327	19716	0.321119	-0.0262041	0.0819543	-0.0496766	
328	20460	0.320725	-0.0262041	0.0873143	-0.0496766	
329	21204	0.297673	-0.0262041	0.0878076	-0.0496766	
330	21948	0.311155	-0.0262041	0.0860319	-0.0496766	
331	22692	0.324079	-0.0262041	0.0795537	-0.0496766	
332	23436	0.314082	-0.0262041	0.0855057	-0.0496766	
333	24180	0.313556	-0.0262041	0.0882022	-0.0496766	
334	24924	0.328946	-0.0262041	0.0970808	-0.0496766	
335	25668	0.304842	-0.0262041	0.0929704	-0.0496766	
336	26412	0.31497	-0.0262041	0.0866238	-0.0496766	
337	27156	0.313194	-0.0262041	0.0850782	-0.0496766	
338	27900	0.29981	-0.0262041	0.0781068	-0.0496766	
339	28644	0.317633	-0.0262041	0.0829079	-0.0496766	
340	29388	0.310235	-0.0262041	0.0823489	-0.0496766	
341	30132	0.316746	-0.0262041	0.0880707	-0.0496766	
342	30876	0.302342	-0.0262041	0.0821187	-0.0496766	
343	31620	0.309478	-0.0262041	0.086854	-0.0496766	
344	32364	0.331642	-0.0262041	0.076068	-0.0496766	
345	33108	0.298462	-0.0262041	0.0819214	-0.0496766	
346	33852	0.301126	-0.0262041	0.074654	-0.0496766	
347	34596	0.321053	-0.0262041	0.0741608	-0.0496766	
348	35340	0.314871	-0.0262041	0.086558	-0.0496766	
349	36084	0.327532	-0.0262041	0.0816254	-0.0496766	
350	36828	0.299909	-0.0262041	0.0800141	-0.0496766	
351	37572	0.30346	-0.0262041	0.0738977	-0.0496766	
352	38316	0.305203	-0.0262041	0.0699516	-0.0496766	
353	39060	0.291787	-0.0262041	0.0769888	-0.0496766	
354	39804	0.305532	-0.0262041	0.0737333	-0.0496766	
355	40548	0.306124	-0.0262041	0.0834669	-0.0496766	
356	41292	0.312273	-0.0262041	0.0750158	-0.0496766	
357	42036	0.316121	-0.0262041	0.0709053	-0.0496766	
358	42780	0.29468	-0.0262041	0.0802772	-0.0496766	
359	43524	0.303296	-0.0262041	0.0781726	-0.0496766	
360	44268	0.302112	-0.0262041	0.0745554	-0.0496766	
361	45012	0.300336	-0.0262041	0.0791591	-0.0496766	
362	45756	0.288696	-0.0262041	0.0811979	-0.0496766	
363	46500	0.312767	-0.0262041	0.0693597	-0.0496766	
364	47244	0.307111	-0.0262041	0.0764955	-0.0496766	
365	47988	0.319902	-0.0262041	0.0789618	-0.0496766	
366	48732	0.277844	-0.0262041	0.0637037	-0.0496766	
367	49476	0.308952	-0.0262041	0.0838944	-0.0496766	
368	50220	0.275937	-0.0262041	0.0710039	-0.0496766	
369	50964	0.288761	-0.0262041	0.0655781	-0.0496766	
370	51708	0.302046	-0.0262041	0.0849138	-0.0496766	
371	52452	0.294944	-0.0262041	0.0791262	-0.0496766	
372	53196	0.299975	-0.0262041	0.0728454	-0.0496766	
373	53940	0.309347	-0.0262041	0.0757721	-0.0496766	
374	54684	0.30448	-0.0262041	0.080606	-0.0496766	
375	55428	0.278995	-0.0262041	0.0761667	-0.0496766	
376	56172	0.308525	-0.0262041	0.0756405	-0.0496766	
377	56916	0.274227	-0.0262041	0.0791262	-0.0496766	
378	57660	0.295963	-0.0262041	0.0764298	-0.0496766	
379	58404	0.289847	-0.0262041	0.0773176	-0.0496766	
380	59148	0.306486	-0.0262041	0.0858346	-0.0496766	
381	59892	0.305401	-0.0262041	0.0847165	-0.0496766	
382	60636	0.294154	-0.0262041	0.0750486	-0.0496766	
383	61380	0.303789	-0.0262041	0.0749829	-0.0496766	
384	62124	0.296982	-0.0262041	0.0799155	-0.0496766	
385	62868	0.305532	-0.0262041	0.0695241	-0.0496766	
386	63612	0.290044	-0.0262041	0.0826448	-0.0496766	
387	64356	0.292576	-0.0262041	0.0735031	-0.0496766	
388	65100	0.290438	-0.0262041	0.076923	-0.0496766	
389	65844	0.301783	-0.0262041	0.0827106	-0.0496766	
390	66588	0.295239	-0.0262041	0.0857359	-0.0496766	
391	67332	0.30619	-0.0262041	0.0686363	-0.0496766	
392	68076	0.274555	-0.0262041	0.0648546	-0.0496766	
393	68820	0.280803	-0.0262041	0.0804416	-0.0496766	
394	69564	0.297804	-0.0262041	0.077219	-0.0496766	
395	70308	0.289616	-0.0262041	0.0728454	-0.0496766	
396	71052	0.286229	-0.0262041	0.0756077	-0.0496766	
397	71796	0.304052	-0.0262041	0.0748842	-0.0496766	
398	72540	0.306058	-0.0262041	0.0716945	-0.0496766	
399	73284	0.303954	-0.0262041	0.0657425	-0.0496766	
400	74028	0.283171	-0.0262041	0.0770874	-0.0496766	
401	74772	0.303362	-0.0262041	0.0699845	-0.0496766	
402	75516	0.305138	-0.0262041	0.081461	-0.0496766	
403	76260	0.28419	-0.0262041	0.076364	-0.0496766	
404	77004	0.294812	-0.0262041	0.081165	-0.0496766	
405	77748	0.276693	-0.0262041	0.0666961	-0.0496766	
406	78492	0.294549	-0.0262041	0.0747527	-0.0496766	
407	79236	0.294417	-0.0262041	0.0696228	-0.0496766	
408	79980	0.297476	-0.0262041	0.0721549	-0.0496766	
409	80724	0.289912	-0.0262041	0.0745554	-0.0496766	
410	81468	0.30231	-0.0262041	0.0693268	-0.0496766	
411	82212	0.299876	-0.0262041	0.0708395	-0.0496766	
412	82956	0.274687	-0.0262041	0.052852	-0.0496766	
413	83700	0.294253	-0.0262041	0.0690309	-0.0496766	
414	84444	0.286492	-0.0262041	0.0800799	-0.0496766	
415	85188	0.284519	-0.0262041	0.0588698	-0.0496766	
416	85932	0.270017	-0.0262041	0.0593301	-0.0496766	
417	86676	0.282415	-0.0262041	0.0717603	-0.0496766	
418	87420	0.278337	-0.0262041	0.0703462	-0.0496766	
419	88164	0.277219	-0.0262041	0.0643285	-0.0496766	
420	88908	0.270971	-0.0262041	0.0633749	-0.0496766	
421	89652	0.278502	-0.0262041	0.0675182	-0.0496766	
422	90396	0.27883	-0.0262041	0.0738319	-0.0496766	
423	91140	0.289024	-0.0262041	0.0749829	-0.0496766	
424	91884	0.275049	-0.0262041	0.077219	-0.0496766	
425	92628	0.2859	-0.0262041	0.0733387	-0.0496766	
426	93372	0.300797	-0.0262041	0.0683732	-0.0496766	
427	94116	0.269656	-0.0262041	0.0786659	-0.0496766	
428	94860	0.282941	-0.0262041	0.0777451	-0.0496766	
429	95604	0.281527	-0.0262041	0.0717274	-0.0496766	
430	96348	0.272451	-0.0262041	0.0621582	-0.0496766	
431	97092	0.275805	-0.0262041	0.0715301	-0.0496766	
432	97836	0.28396	-0.0262041	0.0771203	-0.0496766	
433	98580	0.280211	-0.0262041	0.0770217	-0.0496766	
434	99324	0.283204	-0.0262041	0.0682088	-0.0496766	
435	100068	0.260876	-0.0262041	0.0687349	-0.0496766	
436	100812	0.279324	-0.0262041	0.0810006	-0.0496766	
437	101556	0.263802	-0.0262041	0.0600865	-0.0496766	
438	102300	0.268275	-0.0262041	0.058508	-0.0496766	
439	103044	0.259922	-0.0262041	0.0815268	-0.0496766	
440	103788	0.264723	-0.0262041	0.0759036	-0.0496766	
441	104532	0.278403	-0.0262041	0.0673867	-0.0496766	
442	105276	0.267781	-0.0262041	0.0634735	-0.0496766	
443	106020	0.272155	-0.0262041	0.0711683	-0.0496766	
444	106764	0.267124	-0.0262041	0.074391	-0.0496766	
445	107508	0.268176	-0.0262041	0.0660713	-0.0496766	
446	108252	0.26765	-0.0262041	0.080902	-0.0496766	
447	108996	0.267485	-0.0262041	0.061928	-0.0496766	
448	109740	0.277581	-0.0262041	0.0671894	-0.0496766	
449	110484	0.26663	-0.0262041	0.0653479	-0.0496766	
450	111228	0.269064	-0.0262041	0.0604482	-0.0496766	
451	111414	0.289945	-0.0262041	0.060514	-0.0496766	
452	110670	0.273668	-0.0262041	0.0762653	-0.0496766	
453	109926	0.281099	-0.0262041	0.0614676	-0.0496766	
454	109182	0.289123	-0.0262041	0.060514	-0.0496766	
455	108438	0.29399	-0.0262041	0.0694913	-0.0496766	
456	107694	0.291129	-0.0262041	0.0758379	-0.0496766	
457	106950	0.289682	-0.0262041	0.0761667	-0.0496766	
458	106206	0.27985	-0.0262041	0.078337	-0.0496766	
459	105462	0.280475	-0.0262041	0.0744896	-0.0496766	
460	104718	0.26663	-0.0262041	0.0771532	-0.0496766	
461	103974	0.299021	-0.0262041	0.072385	-0.0496766	
462	103230	0.292346	-0.0262041	0.0726152	-0.0496766	
463	102486	0.291524	-0.0262041	0.078633	-0.0496766	
464	101742	0.283467	-0.0262041	0.0775478	-0.0496766	
465	100998	0.26936	-0.0262041	0.0764298	-0.0496766	
466	100254	0.268307	-0.0262041	0.085144	-0.0496766	
467	99510	0.297476	-0.0262041	0.0832367	-0.0496766	
468	98766	0.282678	-0.0262041	0.0781068	-0.0496766	
469	98022	0.2713	-0.0262041	0.0752459	-0.0496766	
470	97278	0.275312	-0.0262041	0.0795537	-0.0496766	
471	96534	0.289419	-0.0262041	0.0725166	-0.0496766	
472	95790	0.280902	-0.0262041	0.085999	-0.0496766	
473	95046	0.284026	-0.0262041	0.0685705	-0.0496766	
474	94302	0.290406	-0.0262041	0.0781726	-0.0496766	
475	93558	0.268768	-0.0262041	0.0702147	-0.0496766	
476	92814	0.283763	-0.0262041	0.0677155	-0.0496766	
477	92070	0.27541	-0.0262041	0.0807376	-0.0496766	
478	91326	0.285341	-0.0262041	0.0798497	-0.0496766	
479	90582	0.293858	-0.0262041	0.0755748	-0.0496766	
480	89838	0.288038	-0.0262041	0.072122	-0.0496766	
481	89094	0.299317	-0.0262041	0.0758707	-0.0496766	
482	88350	0.283335	-0.0262041	0.0755419	-0.0496766	
483	87606	0.267551	-0.0262041	0.0728454	-0.0496766	
484	86862	0.295733	-0.0262041	0.0603495	-0.0496766	
485	86118	0.296653	-0.0262041	0.0756077	-0.0496766	
486	85374	0.281691	-0.0262041	0.0705435	-0.0496766	
487	84630	0.295996	-0.0262041	0.0660385	-0.0496766	
488	83886	0.294812	-0.0262041	0.0714643	-0.0496766	
489	83142	0.288827	-0.0262041	0.0747198	-0.0496766	
490	82398	0.269458	-0.0262041	0.0682746	-0.0496766	
491	81654	0.304447	-0.0262041	0.0639668	-0.0496766	
492	80910	0.289715	-0.0262041	0.0751473	-0.0496766	
493	80166	0.28008	-0.0262041	0.0729112	-0.0496766	
494	79422	0.289156	-0.0262041	0.0617635	-0.0496766	
495	78678	0.293365	-0.0262041	0.0725495	-0.0496766	
496	77934	0.292707	-0.0262041	0.07324	-0.0496766	
497	77190	0.27814	-0.0262041	0.0754104	-0.0496766	
498	76446	0.30448	-0.0262041	0.0811322	-0.0496766	
499	75702	0.294713	-0.0262041	0.0785672	-0.0496766	
500	74958	0.305729	-0.0262041	0.0771203	-0.0496766	
501	74214	0.296621	-0.0262041	0.0762653	-0.0496766	
502	73470	0.294648	-0.0262041	0.0742594	-0.0496766	
503	72726	0.29718	-0.0262041	0.0835656	-0.0496766	
504	71982	0.303033	-0.0262041	0.0804745	-0.0496766	
505	71238	0.287709	-0.0262041	0.0768573	-0.0496766	
506	70494	0.28863	-0.0262041	0.0781726	-0.0496766	
507	69750	0.31007	-0.0262041	0.0828421	-0.0496766	
508	69006	0.307176	-0.0262041	0.0679786	-0.0496766	
509	68262	0.291425	-0.0262041	0.0738648	-0.0496766	
510	67518	0.299449	-0.0262041	0.0851769	-0.0496766	
511	66774	0.312175	-0.0262041	0.080902	-0.0496766	
512	66030	0.298265	-0.0262041	0.0761338	-0.0496766	
513	65286	0.299186	-0.0262041	0.0795537	-0.0496766	
514	64542	0.298331	-0.0262041	0.0826448	-0.0496766	
515	63798	0.294878	-0.0262041	0.0859003	-0.0496766	
516	63054	0.300304	-0.0262041	0.0688994	-0.0496766	
517	62310	0.303165	-0.0262041	0.0914906	-0.0496766	
518	61566	0.294812	-0.0262041	0.0688665	-0.0496766	
519	60822	0.291589	-0.0262041	0.0873801	-0.0496766	
520	60078	0.299942	-0.0262041	0.0765284	-0.0496766	
521	59334	0.286394	-0.0262041	0.0718589	-0.0496766	
522	58590	0.279751	-0.0262041	0.079488	-0.0496766	
523	57846	0.279225	-0.0262041	0.0701489	-0.0496766	
524	57102	0.293628	-0.0262041	0.071267	-0.0496766	
525	56358	0.291984	-0.0262041	0.080606	-0.0496766	
526	55614	0.301619	-0.0262041	0.0932334	-0.0496766	
527	54870	0.307209	-0.0262041	0.084585	-0.0496766	
528	54126	0.301553	-0.0262041	0.0748842	-0.0496766	
529	53382	0.302014	-0.0262041	0.0700832	-0.0496766	
530	52638	0.299186	-0.0262041	0.0722535	-0.0496766	
531	51894	0.310958	-0.0262041	0.0850782	-0.0496766	
532	51150	0.305466	-0.0262041	0.0709053	-0.0496766	
533	50406	0.295897	-0.0262041	0.0658083	-0.0496766	
534	49662	0.293957	-0.0262041	0.0793893	-0.0496766	
535	48918	0.330327	-0.0262041	0.0722864	-0.0496766	
536	48174	0.310169	-0.0262041	0.0725495	-0.0496766	
537	47430	0.30596	-0.0262041	0.0736346	-0.0496766	
538	46686	0.307538	-0.0262041	0.0697543	-0.0496766	
539	45942	0.313589	-0.0262041	0.0777451	-0.0496766	
540	45198	0.304184	-0.0262041	0.063046	-0.0496766	
541	44454	0.309577	-0.0262041	0.0837958	-0.0496766	
542	43710	0.315266	-0.0262041	0.0713985	-0.0496766	
543	42966	0.305368	-0.0262041	0.0790605	-0.0496766	
544	42222	0.315299	-0.0262041	0.0728454	-0.0496766	
545	41478	0.310037	-0.0262041	0.0801128	-0.0496766	
546	40734	0.311451	-0.0262041	0.071826	-0.0496766	
547	39990	0.299975	-0.0262041	0.0778438	-0.0496766	
548	39246	0.301126	-0.0262041	0.0808691	-0.0496766	
549	38502	0.320264	-0.0262041	0.0895833	-0.0496766	
550	37758	0.319771	-0.0262041	0.0777122	-0.0496766	
551	37014	0.315562	-0.0262041	0.0797182	-0.0496766	
552	36270	0.311221	-0.0262041	0.0817898	-0.0496766	
553	35526	0.322862	-0.0262041	0.08202	-0.0496766	
554	34782	0.327104	-0.0262041	0.0749829	-0.0496766	
555	34038	0.306584	-0.0262041	0.0821187	-0.0496766	
556	33294	0.305729	-0.0262041	0.0859661	-0.0496766	
557	32550	0.308327	-0.0262041	0.0860319	-0.0496766	
558	31806	0.309084	-0.0262041	0.0840588	-0.0496766	
559	31062	0.331017	-0.0262041	0.0892545	-0.0496766	
560	30318	0.300928	-0.0262041	0.0820858	-0.0496766	
561	29574	0.327038	-0.0262041	0.084848	-0.0496766	
562	28830	0.289057	-0.0262041	0.0791591	-0.0496766	
563	28086	0.307933	-0.0262041	0.0938911	-0.0496766	
564	27342	0.306256	-0.0262041	0.0809349	-0.0496766	
565	26598	0.310925	-0.0262041	0.0942857	-0.0496766	
566	25854	0.305927	-0.0262041	0.0844205	-0.0496766	
567	25110	0.293891	-0.0262041	0.0849138	-0.0496766	
568	24366	0.3103	-0.0262041	0.0855057	-0.0496766	
569	23622	0.301422	-0.0262041	0.078337	-0.0496766	
570	22878	0.289386	-0.0262041	0.0873801	-0.0496766	
571	22134	0.297903	-0.0262041	0.0873472	-0.0496766	
572	21390	0.296029	-0.0262041	0.0877747	-0.0496766	
573	20646	0.315989	-0.0262041	0.0882351	-0.0496766	
574	19902	0.302112	-0.0262041	0.0748842	-0.0496766	
575	19158	0.303625	-0.0262041	0.0815925	-0.0496766	
576	18414	0.305664	-0.0262041	0.0912604	-0.0496766	
577	17670	0.305697	-0.0262041	0.0847823	-0.0496766	
578	16926	0.30938	-0.0262041	0.0879391	-0.0496766	
579	16182	0.324901	-0.0262041	0.0861963	-0.0496766	
580	15438	0.295042	-0.0262041	0.0826777	-0.0496766	
581	14694	0.340192	-0.0262041	0.0776136	-0.0496766	
582	13950	0.309972	-0.0262041	0.0907014	-0.0496766	
583	13206	0.31349	-0.0262041	0.0852098	-0.0496766	
584	12462	0.304513	-0.0262041	0.0680773	-0.0496766	
585	11718	0.311649	-0.0262041	0.0793893	-0.0496766	
586	10974	0.317699	-0.0262041	0.0838944	-0.0496766	
587	10230	0.301652	-0.0262041	0.076068	-0.0496766	
588	9486	0.308656	-0.0262041	0.0757392	-0.0496766	
589	8742	0.308163	-0.0262041	0.0728125	-0.0496766	
590	7998	0.322698	-0.0262041	0.0739306	-0.0496766	
591	7254	0.313194	-0.0262041	0.0768901	-0.0496766	
592	6510	0.314049	-0.0262041	0.0673209	-0.0496766	
593	5766	0.311813	-0.0262041	0.0706093	-0.0496766	
594	5022	0.306782	-0.0262041	0.0754432	-0.0496766	
595	4278	0.311747	-0.0262041	0.0875774	-0.0496766	
596	3534	0.309906	-0.0262041	0.0745225	-0.0496766	
597	2790	0.299777	-0.0262041	0.0722535	-0.0496766	
598	2046	0.291885	-0.0262041	0.0737004	-0.0496766	
599	1302	0.297443	-0.0262041	0.0710368	-0.0496766	
600	558	0.327301	-0.0259937	0.0826777	-0.0511104	
