-6.000000000000000000e+03 2.682345645728424766e-02 3.045423266125662533e-03 1.012244704779466486e+00
-4.000000000000000000e+03 8.016112819604956363e-02 5.818750145101119625e-03 9.335341746533263318e-01
-3.000000000000000000e+03 9.168504416735079321e-02 6.557048137377501085e-03 9.060211421542101462e-01
-2.000000000000000000e+03 1.359639554871307499e-01 8.199034329128189122e-03 1.117053842285787857e+00
-1.500000000000000000e+03 1.809784492875381734e-01 7.638221630309380804e-03 9.433663338110388485e-01
-1.000000000000000000e+03 2.379500791580800856e-01 2.690407539607758778e-03 9.200506454145691571e-01
-9.000000000000000000e+02 2.861279018883192138e-01 -7.111764538358079923e-03 6.235071718012715758e-01
-8.000000000000000000e+02 3.181910596566727145e-01 -1.500864353746187395e-02 5.539321405471275828e-01
-7.000000000000000000e+02 3.430332320452619266e-01 -1.793609654761444891e-02 5.338289854079065755e-01
-5.000000000000000000e+02 3.889285700424469083e-01 -1.538317028484612395e-02 7.110857436430330081e-01
-4.000000000000000000e+02 4.142330929302724396e-01 -1.446029733835777799e-02 5.421029194575421872e-01
-3.000000000000000000e+02 5.059069990371259928e-01 -3.255111834539381813e-03 5.741783218355777096e-01
-2.000000000000000000e+02 5.326337847615234544e-01 -4.194620620008361091e-03 5.681016021024587470e-01
-1.000000000000000000e+02 5.467384685517682197e-01 -6.427343778227407071e-04 6.227918264844198859e-01
0.000000000000000000e+00 6.094369333551159507e-01 -3.533424865571205276e-03 7.516494087564433713e-01
1.000000000000000000e+02 5.569153719034432015e-01 -4.885409139761477844e-03 5.270222845401844047e-01
2.000000000000000000e+02 5.246644813102502303e-01 -6.364772187057633583e-03 6.644380640809113281e-01
3.000000000000000000e+02 5.012168329714178361e-01 -1.709468166632521378e-03 4.493811476285382023e-01
4.000000000000000000e+02 4.127463101228095455e-01 8.565866197880616512e-03 1.004773011860218723e+00
5.000000000000000000e+02 3.993074790542481267e-01 1.270990268495478248e-02 1.186076603617543634e+00
7.000000000000000000e+02 3.575436996919334476e-01 1.197985403991830636e-02 1.032564328678886367e+00
8.000000000000000000e+02 3.227614121598236796e-01 7.515041727736960185e-03 9.598678212452695924e-01
9.000000000000000000e+02 2.967517928436206320e-01 -1.916777159663912451e-03 7.671519855385942055e-01
1.000000000000000000e+03 2.657741885696888184e-01 -4.256964845502061827e-03 5.892226507878404185e-01
1.500000000000000000e+03 1.717176468841080106e-01 -9.523494282604913833e-03 4.558703263683405726e-01
2.000000000000000000e+03 1.232215140766326766e-01 -1.062429632698345082e-02 5.905641020640781669e-01
3.000000000000000000e+03 8.234618346394707855e-02 -3.673583136987433780e-03 6.240098291158914234e-01
4.000000000000000000e+03 6.155222214383142265e-02 -5.757008174024107715e-03 4.424636513052653264e-01
6.000000000000000000e+03 3.360917238081220781e-02 -2.771387522873271746e-03 4.093172903415898123e-01
