# Filename	2016-10-01\16_delay.txt
# Date	2016-10-01
# Title	DL-Pro & DL-100 Locked delay scan.
# DL-Pro	36588.5 GHz
# DL-100	365872.6 GHz
# Static	300 mV Pulsed
# MWOn	On
# MWf	15932.0 MHz
# Attn	44 dB
# FixedAttn	6 dB
# B2	B2 = T2 + 2.050 us
# HP214B	HP 214B FIP at 5.5 on 100V setting ; Applied to Top ; Mesh & Vin of MCP @ +25V ; Vout of MCP @ +2025 V
# Oven	32 A
# Boxcar	Gate = 200 ns ; Amp = 25x ; Sensitivity = 5 mV
# Offset	+/- 30 mV IR/Oven offset.
# Bias	Top: 0 V ; Bot: -0.480 V ; IR: +0.065 V ; Oven: -0.065 V ; Vis: -0.015 V ; MW: +0.015 V
# Passes	4
i	step	norm	nbackground	signal	sbackground
0	0	0.244269	-0.0188414	-0.0251157	-0.0391308
1	744	0.254792	-0.0188414	-0.0257405	-0.0391308
2	1488	0.247393	-0.0188414	-0.0229782	-0.0391308
3	2232	0.255877	-0.0188414	-0.0276148	-0.0391308
4	2976	0.25351	-0.0188414	-0.022748	-0.0391308
5	3720	0.239238	-0.0188414	-0.0238332	-0.0391308
6	4464	0.205565	-0.0188414	-0.0238332	-0.0391308
7	5208	0.219475	-0.0188414	-0.0237017	-0.0391308
8	5952	0.232234	-0.0188414	-0.0287987	-0.0391308
9	6696	0.231149	-0.0188414	-0.025872	-0.0391308
10	7440	0.227367	-0.0188414	-0.0241949	-0.0391308
11	8184	0.251701	-0.0188414	-0.0254774	-0.0391308
12	8928	0.233845	-0.0188414	-0.0261679	-0.0391308
13	9672	0.210333	-0.0188414	-0.0315938	-0.0391308
14	10416	0.221514	-0.0188414	-0.0245566	-0.0391308
15	11160	0.215496	-0.0188414	-0.0276477	-0.0391308
16	11904	0.215496	-0.0188414	-0.02699	-0.0391308
17	12648	0.233812	-0.0188414	-0.0221561	-0.0391308
18	13392	0.225229	-0.0188414	-0.0265297	-0.0391308
19	14136	0.20984	-0.0188414	-0.0274833	-0.0391308
20	14880	0.229702	-0.0188414	-0.0262008	-0.0391308
21	15624	0.215759	-0.0188414	-0.0270558	-0.0391308
22	16368	0.213391	-0.0188414	-0.0275491	-0.0391308
23	17112	0.207538	-0.0188414	-0.025313	-0.0391308
24	17856	0.206551	-0.0188414	-0.0318897	-0.0391308
25	18600	0.223322	-0.0188414	-0.0262008	-0.0391308
26	19344	0.22546	-0.0188414	-0.0328763	-0.0391308
27	20088	0.230918	-0.0188414	-0.0276477	-0.0391308
28	20832	0.209412	-0.0188414	-0.0320542	-0.0391308
29	21576	0.189123	-0.0188414	-0.0307717	-0.0391308
30	22320	0.209149	-0.0188414	-0.0286014	-0.0391308
31	23064	0.225953	-0.0188414	-0.0284369	-0.0391308
32	23808	0.20642	-0.0188414	-0.0280094	-0.0391308
33	24552	0.195864	-0.0188414	-0.0315938	-0.0391308
34	25296	0.233122	-0.0188414	-0.0339614	-0.0391308
35	26040	0.200632	-0.0188414	-0.0297523	-0.0391308
36	26784	0.230491	-0.0188414	-0.0316596	-0.0391308
37	27528	0.215068	-0.0188414	-0.0291275	-0.0391308
38	28272	0.19103	-0.0188414	-0.0336326	-0.0391308
39	29016	0.218686	-0.0188414	-0.0333366	-0.0391308
40	29760	0.212734	-0.0188414	-0.0252143	-0.0391308
41	30504	0.231773	-0.0188414	-0.027582	-0.0391308
42	31248	0.226019	-0.0188414	-0.0313965	-0.0391308
43	31992	0.190175	-0.0188414	-0.0312649	-0.0391308
44	32736	0.221086	-0.0188414	-0.0287	-0.0391308
45	33480	0.225032	-0.0188414	-0.0258391	-0.0391308
46	34224	0.208393	-0.0188414	-0.0281081	-0.0391308
47	34968	0.219442	-0.0188414	-0.0325474	-0.0391308
48	35712	0.22638	-0.0188414	-0.0299825	-0.0391308
49	36456	0.212306	-0.0188414	-0.0309032	-0.0391308
50	37200	0.239994	-0.0188414	-0.0369539	-0.0391308
51	37944	0.236443	-0.0188414	-0.0329091	-0.0391308
52	38688	0.217666	-0.0188414	-0.0265954	-0.0391308
53	39432	0.225657	-0.0188414	-0.029555	-0.0391308
54	40176	0.230524	-0.0188414	-0.0349479	-0.0391308
55	40920	0.244565	-0.0188414	-0.0315938	-0.0391308
56	41664	0.236969	-0.0188414	-0.0255432	-0.0391308
57	42408	0.217633	-0.0188414	-0.0260035	-0.0391308
58	43152	0.227597	-0.0188414	-0.0308703	-0.0391308
59	43896	0.224407	-0.0188414	-0.0344547	-0.0391308
60	44640	0.218587	-0.0188414	-0.0325474	-0.0391308
61	45384	0.217403	-0.0188414	-0.0311334	-0.0391308
62	46128	0.230787	-0.0188414	-0.0227809	-0.0391308
63	46872	0.221645	-0.0188414	-0.0269572	-0.0391308
64	47616	0.214049	-0.0188414	-0.0236688	-0.0391308
65	48360	0.20836	-0.0188414	-0.0335011	-0.0391308
66	49104	0.239107	-0.0188414	-0.0259706	-0.0391308
67	49848	0.212964	-0.0188414	-0.0269243	-0.0391308
68	50592	0.232859	-0.0188414	-0.0267927	-0.0391308
69	51336	0.20859	-0.0188414	-0.032942	-0.0391308
70	52080	0.200106	-0.0188414	-0.0324159	-0.0391308
71	52824	0.218817	-0.0188414	-0.0288973	-0.0391308
72	53568	0.219113	-0.0188414	-0.0287	-0.0391308
73	54312	0.215594	-0.0188414	-0.0332051	-0.0391308
74	55056	0.209906	-0.0188414	-0.025872	-0.0391308
75	55800	0.224079	-0.0188414	-0.0317253	-0.0391308
76	56544	0.212438	-0.0188414	-0.027582	-0.0391308
77	57288	0.207801	-0.0188414	-0.0288973	-0.0391308
78	58032	0.214575	-0.0188414	-0.0274175	-0.0391308
79	58776	0.21349	-0.0188414	-0.0290617	-0.0391308
80	59520	0.233089	-0.0188414	-0.0288973	-0.0391308
81	60264	0.234305	-0.0188414	-0.0318569	-0.0391308
82	61008	0.20642	-0.0188414	-0.0261022	-0.0391308
83	61752	0.23082	-0.0188414	-0.0291933	-0.0391308
84	62496	0.216252	-0.0188414	-0.0261022	-0.0391308
85	63240	0.218127	-0.0188414	-0.0270887	-0.0391308
86	63984	0.20004	-0.0188414	-0.0328434	-0.0391308
87	64728	0.216351	-0.0188414	-0.0266283	-0.0391308
88	65472	0.209708	-0.0188414	-0.0270887	-0.0391308
89	66216	0.232102	-0.0188414	-0.0294892	-0.0391308
90	66960	0.225953	-0.0188414	-0.0291275	-0.0391308
91	67704	0.208886	-0.0188414	-0.0299167	-0.0391308
92	68448	0.240586	-0.0188414	-0.0325803	-0.0391308
93	69192	0.213325	-0.0188414	-0.0308046	-0.0391308
94	69936	0.223256	-0.0188414	-0.0263324	-0.0391308
95	70680	0.209774	-0.0188414	-0.0351781	-0.0391308
96	71424	0.219508	-0.0188414	-0.0274175	-0.0391308
97	72168	0.225558	-0.0188414	-0.0286014	-0.0391308
98	72912	0.227663	-0.0188414	-0.0330736	-0.0391308
99	73656	0.206683	-0.0188414	-0.0289302	-0.0391308
100	74400	0.191688	-0.0188414	-0.0273846	-0.0391308
101	75144	0.204874	-0.0188414	-0.0299167	-0.0391308
102	75888	0.197903	-0.0188414	-0.0297852	-0.0391308
103	76632	0.204184	-0.0188414	-0.0315609	-0.0391308
104	77376	0.201652	-0.0188414	-0.0292919	-0.0391308
105	78120	0.213062	-0.0188414	-0.0309361	-0.0391308
106	78864	0.220461	-0.0188414	-0.0280752	-0.0391308
107	79608	0.213523	-0.0188414	-0.0353097	-0.0391308
108	80352	0.213128	-0.0188414	-0.0288315	-0.0391308
109	81096	0.205795	-0.0188414	-0.0323501	-0.0391308
110	81840	0.225493	-0.0188414	-0.0324817	-0.0391308
111	82584	0.21224	-0.0188414	-0.0316596	-0.0391308
112	83328	0.225295	-0.0188414	-0.0349808	-0.0391308
113	84072	0.202704	-0.0188414	-0.0336984	-0.0391308
114	84816	0.218455	-0.0188414	-0.0372169	-0.0391308
115	85560	0.194647	-0.0188414	-0.0333695	-0.0391308
116	86304	0.197475	-0.0188414	-0.0295879	-0.0391308
117	87048	0.205795	-0.0188414	-0.0345862	-0.0391308
118	87792	0.18863	-0.0188414	-0.0335011	-0.0391308
119	88536	0.194154	-0.0188414	-0.035211	-0.0391308
120	89280	0.194615	-0.0188414	-0.0348822	-0.0391308
121	90024	0.190734	-0.0188414	-0.032087	-0.0391308
122	90768	0.217403	-0.0188414	-0.033238	-0.0391308
123	91512	0.191129	-0.0188414	-0.0294892	-0.0391308
124	92256	0.188104	-0.0188414	-0.0294892	-0.0391308
125	93000	0.20152	-0.0188414	-0.0330078	-0.0391308
126	93744	0.207735	-0.0188414	-0.0311005	-0.0391308
127	94488	0.202244	-0.0188414	-0.0283712	-0.0391308
128	95232	0.202375	-0.0188414	-0.0319555	-0.0391308
129	95976	0.208788	-0.0188414	-0.0312978	-0.0391308
130	96720	0.202507	-0.0188414	-0.0335668	-0.0391308
131	97464	0.203789	-0.0188414	-0.0322186	-0.0391308
132	98208	0.186492	-0.0188414	-0.0328434	-0.0391308
133	98952	0.210859	-0.0188414	-0.0290946	-0.0391308
134	99696	0.210399	-0.0188414	-0.0333366	-0.0391308
135	100440	0.208459	-0.0188414	-0.0326132	-0.0391308
136	101184	0.211583	-0.0188414	-0.0327447	-0.0391308
137	101928	0.225756	-0.0188414	-0.0379075	-0.0391308
138	102672	0.219902	-0.0188414	-0.0344876	-0.0391308
139	103416	0.203427	-0.0188414	-0.0328105	-0.0391308
140	104160	0.219409	-0.0188414	-0.029555	-0.0391308
141	104904	0.207998	-0.0188414	-0.0293248	-0.0391308
142	105648	0.227729	-0.0188414	-0.0321857	-0.0391308
143	106392	0.231247	-0.0188414	-0.0262337	-0.0391308
144	107136	0.220067	-0.0188414	-0.0297194	-0.0391308
145	107880	0.227794	-0.0188414	-0.0311663	-0.0391308
146	108624	0.234404	-0.0188414	-0.0271545	-0.0391308
147	109368	0.214411	-0.0188414	-0.0302784	-0.0391308
148	110112	0.231149	-0.0188414	-0.0327118	-0.0391308
149	110856	0.223487	-0.0188414	-0.0287	-0.0391308
150	111600	0.226216	-0.0188414	-0.0308703	-0.0391308
151	111042	0.212997	-0.0188414	-0.0371183	-0.0391308
152	110298	0.231346	-0.0188414	-0.0335997	-0.0391308
153	109554	0.236048	-0.0188414	-0.0336326	-0.0391308
154	108810	0.227433	-0.0188414	-0.0334024	-0.0391308
155	108066	0.238186	-0.0188414	-0.0314951	-0.0391308
156	107322	0.217962	-0.0188414	-0.0319555	-0.0391308
157	106578	0.233253	-0.0188414	-0.0293248	-0.0391308
158	105834	0.232661	-0.0188414	-0.0335339	-0.0391308
159	105090	0.23345	-0.0188414	-0.0327447	-0.0391308
160	104346	0.237725	-0.0188414	-0.0357043	-0.0391308
161	103602	0.21862	-0.0188414	-0.0344218	-0.0391308
162	102858	0.225525	-0.0188414	-0.0351124	-0.0391308
163	102114	0.22398	-0.0188414	-0.0309032	-0.0391308
164	101370	0.216121	-0.0188414	-0.0318569	-0.0391308
165	100626	0.249761	-0.0188414	-0.0316267	-0.0391308
166	99882	0.238843	-0.0188414	-0.0330078	-0.0391308
167	99138	0.243118	-0.0188414	-0.028141	-0.0391308
168	98394	0.219475	-0.0188414	-0.030114	-0.0391308
169	97650	0.23128	-0.0188414	-0.0286014	-0.0391308
170	96906	0.236311	-0.0188414	-0.0337312	-0.0391308
171	96162	0.225164	-0.0188414	-0.0271545	-0.0391308
172	95418	0.239205	-0.0188414	-0.0277135	-0.0391308
173	94674	0.226183	-0.0188414	-0.0298838	-0.0391308
174	93930	0.250123	-0.0188414	-0.030969	-0.0391308
175	93186	0.235128	-0.0188414	-0.0341258	-0.0391308
176	92442	0.244072	-0.0188414	-0.0264639	-0.0391308
177	91698	0.228222	-0.0188414	-0.0328105	-0.0391308
178	90954	0.241935	-0.0188414	-0.0328763	-0.0391308
179	90210	0.244499	-0.0188414	-0.0291604	-0.0391308
180	89466	0.256403	-0.0188414	-0.0301469	-0.0391308
181	88722	0.238876	-0.0188414	-0.0307717	-0.0391308
182	87978	0.248051	-0.0188414	-0.0348493	-0.0391308
183	87234	0.244204	-0.0188414	-0.0283383	-0.0391308
184	86490	0.246111	-0.0188414	-0.0274833	-0.0391308
185	85746	0.231083	-0.0188414	-0.0292261	-0.0391308
186	85002	0.245618	-0.0188414	-0.0283054	-0.0391308
187	84258	0.244861	-0.0188414	-0.030114	-0.0391308
188	83514	0.250254	-0.0188414	-0.0279108	-0.0391308
189	82770	0.255746	-0.0188414	-0.0333695	-0.0391308
190	82026	0.239435	-0.0188414	-0.0294892	-0.0391308
191	81282	0.241441	-0.0188414	-0.0288973	-0.0391308
192	80538	0.218159	-0.0188414	-0.0333037	-0.0391308
193	79794	0.252951	-0.0188414	-0.0321199	-0.0391308
194	79050	0.226413	-0.0188414	-0.0320213	-0.0391308
195	78306	0.244236	-0.0188414	-0.0310676	-0.0391308
196	77562	0.232135	-0.0188414	-0.0293906	-0.0391308
197	76818	0.239929	-0.0188414	-0.0239318	-0.0391308
198	76074	0.233779	-0.0188414	-0.0293248	-0.0391308
199	75330	0.210037	-0.0188414	-0.027286	-0.0391308
200	74586	0.210399	-0.0188414	-0.0331064	-0.0391308
201	73842	0.222369	-0.0188414	-0.0261351	-0.0391308
202	73098	0.237462	-0.0188414	-0.0293577	-0.0391308
203	72354	0.244697	-0.0188414	-0.0305744	-0.0391308
204	71610	0.225525	-0.0188414	-0.031528	-0.0391308
205	70866	0.220593	-0.0188414	-0.0296208	-0.0391308
206	70122	0.240093	-0.0188414	-0.0286342	-0.0391308
207	69378	0.222073	-0.0188414	-0.0326461	-0.0391308
208	68634	0.225394	-0.0188414	-0.0311334	-0.0391308
209	67890	0.226939	-0.0188414	-0.0365264	-0.0391308
210	67146	0.236377	-0.0188414	-0.0334682	-0.0391308
211	66402	0.235095	-0.0188414	-0.0277135	-0.0391308
212	65658	0.228353	-0.0188414	-0.0341916	-0.0391308
213	64914	0.219113	-0.0188414	-0.0308703	-0.0391308
214	64170	0.237725	-0.0188414	-0.0265954	-0.0391308
215	63426	0.211089	-0.0188414	-0.0359673	-0.0391308
216	62682	0.211648	-0.0188414	-0.0339614	-0.0391308
217	61938	0.219409	-0.0188414	-0.0281739	-0.0391308
218	61194	0.240849	-0.0188414	-0.0321857	-0.0391308
219	60450	0.231214	-0.0188414	-0.0323501	-0.0391308
220	59706	0.219014	-0.0188414	-0.0237345	-0.0391308
221	58962	0.221415	-0.0188414	-0.0275491	-0.0391308
222	58218	0.232595	-0.0188414	-0.0265297	-0.0391308
223	57474	0.238909	-0.0188414	-0.0312978	-0.0391308
224	56730	0.224144	-0.0188414	-0.0320542	-0.0391308
225	55986	0.224046	-0.0188414	-0.0289631	-0.0391308
226	55242	0.244499	-0.0188414	-0.0318569	-0.0391308
227	54498	0.256765	-0.0188414	-0.0235372	-0.0391308
228	53754	0.244631	-0.0188414	-0.0317582	-0.0391308
229	53010	0.247952	-0.0188414	-0.0321199	-0.0391308
230	52266	0.236311	-0.0188414	-0.0299496	-0.0391308
231	51522	0.245289	-0.0188414	-0.0284369	-0.0391308
232	50778	0.230787	-0.0188414	-0.0245566	-0.0391308
233	50034	0.249136	-0.0188414	-0.0303442	-0.0391308
234	49290	0.248314	-0.0188414	-0.0310019	-0.0391308
235	48546	0.259593	-0.0188414	-0.0314623	-0.0391308
236	47802	0.247755	-0.0188414	-0.0248526	-0.0391308
237	47058	0.247788	-0.0188414	-0.0254774	-0.0391308
238	46314	0.236706	-0.0188414	-0.0262995	-0.0391308
239	45570	0.250057	-0.0188414	-0.02699	-0.0391308
240	44826	0.245157	-0.0188414	-0.0280752	-0.0391308
241	44082	0.230951	-0.0188414	-0.0183087	-0.0391308
242	43338	0.265808	-0.0188414	-0.0324488	-0.0391308
243	42594	0.254792	-0.0188414	-0.0298181	-0.0391308
244	41850	0.255088	-0.0188414	-0.0237345	-0.0391308
245	41106	0.239666	-0.0188414	-0.0225178	-0.0391308
246	40362	0.24861	-0.0188414	-0.0319884	-0.0391308
247	39618	0.234371	-0.0188414	-0.0235372	-0.0391308
248	38874	0.24394	-0.0188414	-0.0266941	-0.0391308
249	38130	0.252753	-0.0188414	-0.0334024	-0.0391308
250	37386	0.251602	-0.0188414	-0.0327447	-0.0391308
251	36642	0.260974	-0.0188414	-0.032942	-0.0391308
252	35898	0.253477	-0.0188414	-0.0353754	-0.0391308
253	35154	0.254628	-0.0188414	-0.0306402	-0.0391308
254	34410	0.249662	-0.0188414	-0.0315609	-0.0391308
255	33666	0.245453	-0.0188414	-0.0327118	-0.0391308
256	32922	0.262388	-0.0188414	-0.0273189	-0.0391308
257	32178	0.240192	-0.0188414	-0.0332051	-0.0391308
258	31434	0.250616	-0.0188414	-0.0286014	-0.0391308
259	30690	0.243513	-0.0188414	-0.0293248	-0.0391308
260	29946	0.248939	-0.0188414	-0.0285356	-0.0391308
261	29202	0.255943	-0.0188414	-0.0294892	-0.0391308
262	28458	0.25009	-0.0188414	-0.0317582	-0.0391308
263	27714	0.226643	-0.0188414	-0.0310019	-0.0391308
264	26970	0.235358	-0.0188414	-0.0311663	-0.0391308
265	26226	0.241836	-0.0188414	-0.0262337	-0.0391308
266	25482	0.207045	-0.0188414	-0.0256089	-0.0391308
267	24738	0.231675	-0.0188414	-0.0297852	-0.0391308
268	23994	0.226742	-0.0188414	-0.030673	-0.0391308
269	23250	0.219179	-0.0188414	-0.0311334	-0.0391308
270	22506	0.219639	-0.0188414	-0.0298509	-0.0391308
271	21762	0.242	-0.0188414	-0.0280423	-0.0391308
272	21018	0.222763	-0.0188414	-0.0256747	-0.0391308
273	20274	0.245552	-0.0188414	-0.0322186	-0.0391308
274	19530	0.227498	-0.0188414	-0.0292919	-0.0391308
275	18786	0.250517	-0.0188414	-0.0291604	-0.0391308
276	18042	0.269985	-0.0188414	-0.029555	-0.0391308
277	17298	0.248117	-0.0188414	-0.0262995	-0.0391308
278	16554	0.255614	-0.0188414	-0.0204462	-0.0391308
279	15810	0.26788	-0.0188414	-0.026727	-0.0391308
280	15066	0.2835	-0.0188414	-0.0280752	-0.0391308
281	14322	0.280409	-0.0188414	-0.030969	-0.0391308
282	13578	0.272681	-0.0188414	-0.0273846	-0.0391308
283	12834	0.273569	-0.0188414	-0.0280094	-0.0391308
284	12090	0.279587	-0.0188414	-0.025017	-0.0391308
285	11346	0.24986	-0.0188414	-0.0241291	-0.0391308
286	10602	0.252852	-0.0188414	-0.0279766	-0.0391308
287	9858	0.278699	-0.0188414	-0.0256747	-0.0391308
288	9114	0.266367	-0.0188414	-0.0222548	-0.0391308
289	8370	0.263112	-0.0188414	-0.0242607	-0.0391308
290	7626	0.261172	-0.0188414	-0.0318897	-0.0391308
291	6882	0.263737	-0.0188414	-0.0221232	-0.0391308
292	6138	0.233944	-0.0188414	-0.0280752	-0.0391308
293	5394	0.222369	-0.0188414	-0.0331064	-0.0391308
294	4650	0.243447	-0.0188414	-0.0231755	-0.0391308
295	3906	0.230622	-0.0188414	-0.0320542	-0.0391308
296	3162	0.230228	-0.0188414	-0.0189006	-0.0391308
297	2418	0.244763	-0.0188414	-0.0298838	-0.0391308
298	1674	0.233549	-0.0188414	-0.035507	-0.0391308
299	930	0.228123	-0.0188414	-0.036066	-0.0391308
300	186	0.181329	-0.0188414	-0.0294235	-0.0391308
301	372	0.229735	-0.0188414	-0.0326132	-0.0391308
302	1116	0.244204	-0.0188414	-0.0293248	-0.0391308
303	1860	0.22204	-0.0188414	-0.0245895	-0.0391308
304	2604	0.225657	-0.0188414	-0.0253458	-0.0391308
305	3348	0.225493	-0.0188414	-0.0295879	-0.0391308
306	4092	0.231938	-0.0188414	-0.0303113	-0.0391308
307	4836	0.224506	-0.0188414	-0.0283383	-0.0391308
308	5580	0.222434	-0.0188414	-0.0238332	-0.0391308
309	6324	0.236542	-0.0188414	-0.0331393	-0.0391308
310	7068	0.23618	-0.0188414	-0.0284369	-0.0391308
311	7812	0.236048	-0.0188414	-0.0241291	-0.0391308
312	8556	0.250024	-0.0188414	-0.0264968	-0.0391308
313	9300	0.232563	-0.0188414	-0.0265954	-0.0391308
314	10044	0.247623	-0.0188414	-0.027845	-0.0391308
315	10788	0.231445	-0.0188414	-0.0243593	-0.0391308
316	11532	0.225789	-0.0188414	-0.033238	-0.0391308
317	12276	0.227137	-0.0188414	-0.0260035	-0.0391308
318	13020	0.233977	-0.0188414	-0.0286671	-0.0391308
319	13764	0.253312	-0.0188414	-0.0280423	-0.0391308
320	14508	0.239008	-0.0188414	-0.0315938	-0.0391308
321	15252	0.240422	-0.0188414	-0.0256418	-0.0391308
322	15996	0.230754	-0.0188414	-0.0271216	-0.0391308
323	16740	0.221744	-0.0188414	-0.0215642	-0.0391308
324	17484	0.240882	-0.0188414	-0.0313965	-0.0391308
325	18228	0.223454	-0.0188414	-0.0245895	-0.0391308
326	18972	0.211451	-0.0188414	-0.0288644	-0.0391308
327	19716	0.216449	-0.0188414	-0.0267927	-0.0391308
328	20460	0.235851	-0.0188414	-0.0348822	-0.0391308
329	21204	0.230228	-0.0188414	-0.0297194	-0.0391308
330	21948	0.211451	-0.0188414	-0.0293248	-0.0391308
331	22692	0.193529	-0.0188414	-0.0340601	-0.0391308
332	23436	0.205335	-0.0188414	-0.02699	-0.0391308
333	24180	0.216154	-0.0188414	-0.031824	-0.0391308
334	24924	0.221218	-0.0188414	-0.0297523	-0.0391308
335	25668	0.233155	-0.0188414	-0.0311334	-0.0391308
336	26412	0.22273	-0.0188414	-0.0283383	-0.0391308
337	27156	0.215858	-0.0188414	-0.0311005	-0.0391308
338	27900	0.211583	-0.0188414	-0.0322515	-0.0391308
339	28644	0.221744	-0.0188414	-0.0252801	-0.0391308
340	29388	0.190636	-0.0188414	-0.0298181	-0.0391308
341	30132	0.21201	-0.0188414	-0.0276148	-0.0391308
342	30876	0.226512	-0.0188414	-0.0237345	-0.0391308
343	31620	0.246538	-0.0188414	-0.0344876	-0.0391308
344	32364	0.236739	-0.0188414	-0.0262337	-0.0391308
345	33108	0.236673	-0.0188414	-0.0276477	-0.0391308
346	33852	0.238252	-0.0188414	-0.0293577	-0.0391308
347	34596	0.249629	-0.0188414	-0.0250499	-0.0391308
348	35340	0.235719	-0.0188414	-0.0296536	-0.0391308
349	36084	0.225131	-0.0188414	-0.0279108	-0.0391308
350	36828	0.244401	-0.0188414	-0.0317582	-0.0391308
351	37572	0.234897	-0.0188414	-0.0256418	-0.0391308
352	38316	0.247262	-0.0188414	-0.0276477	-0.0391308
353	39060	0.256601	-0.0188414	-0.0246882	-0.0391308
354	39804	0.231543	-0.0188414	-0.0244909	-0.0391308
355	40548	0.228321	-0.0188414	-0.0267599	-0.0391308
356	41292	0.23322	-0.0188414	-0.0227151	-0.0391308
357	42036	0.224769	-0.0188414	-0.0271216	-0.0391308
358	42780	0.218916	-0.0188414	-0.0295221	-0.0391308
359	43524	0.231247	-0.0188414	-0.023044	-0.0391308
360	44268	0.220363	-0.0188414	-0.0305744	-0.0391308
361	45012	0.231214	-0.0188414	-0.023899	-0.0391308
362	45756	0.191984	-0.0188414	-0.0319226	-0.0391308
363	46500	0.201915	-0.0188414	-0.0310676	-0.0391308
364	47244	0.202671	-0.0188414	-0.0333037	-0.0391308
365	47988	0.191063	-0.0188414	-0.0299496	-0.0391308
366	48732	0.202013	-0.0188414	-0.0262995	-0.0391308
367	49476	0.216022	-0.0188414	-0.0304429	-0.0391308
368	50220	0.214838	-0.0188414	-0.025576	-0.0391308
369	50964	0.206617	-0.0188414	-0.0336984	-0.0391308
370	51708	0.227235	-0.0188414	-0.0334024	-0.0391308
371	52452	0.207472	-0.0188414	-0.0287658	-0.0391308
372	53196	0.201717	-0.0188414	-0.0273189	-0.0391308
373	53940	0.235588	-0.0188414	-0.0260035	-0.0391308
374	54684	0.219212	-0.0188414	-0.0320542	-0.0391308
375	55428	0.234075	-0.0188414	-0.0333037	-0.0391308
376	56172	0.217041	-0.0188414	-0.0227809	-0.0391308
377	56916	0.211747	-0.0188414	-0.0304757	-0.0391308
378	57660	0.222204	-0.0188414	-0.0261022	-0.0391308
379	58404	0.229504	-0.0188414	-0.0278121	-0.0391308
380	59148	0.223552	-0.0188414	-0.0277464	-0.0391308
381	59892	0.237002	-0.0188414	-0.0294235	-0.0391308
382	60636	0.240619	-0.0188414	-0.0297523	-0.0391308
383	61380	0.245486	-0.0188414	-0.0284698	-0.0391308
384	62124	0.23835	-0.0188414	-0.0272531	-0.0391308
385	62868	0.21543	-0.0188414	-0.0316924	-0.0391308
386	63612	0.24279	-0.0188414	-0.0281739	-0.0391308
387	64356	0.238449	-0.0188414	-0.0313307	-0.0391308
388	65100	0.249366	-0.0188414	-0.0346849	-0.0391308
389	65844	0.240225	-0.0188414	-0.022189	-0.0391308
390	66588	0.237265	-0.0188414	-0.0311663	-0.0391308
391	67332	0.236607	-0.0188414	-0.0292919	-0.0391308
392	68076	0.225229	-0.0188414	-0.0322515	-0.0391308
393	68820	0.227926	-0.0188414	-0.0239647	-0.0391308
394	69564	0.224703	-0.0188414	-0.0258062	-0.0391308
395	70308	0.237594	-0.0188414	-0.0347506	-0.0391308
396	71052	0.237265	-0.0188414	-0.0335339	-0.0391308
397	71796	0.223191	-0.0188414	-0.0245238	-0.0391308
398	72540	0.234503	-0.0188414	-0.0315609	-0.0391308
399	73284	0.242395	-0.0188414	-0.0256747	-0.0391308
400	74028	0.23618	-0.0188414	-0.0294235	-0.0391308
401	74772	0.227959	-0.0188414	-0.0254445	-0.0391308
402	75516	0.215003	-0.0188414	-0.0290617	-0.0391308
403	76260	0.225953	-0.0188414	-0.0292919	-0.0391308
404	77004	0.234503	-0.0188414	-0.026727	-0.0391308
405	77748	0.240816	-0.0188414	-0.0302784	-0.0391308
406	78492	0.223487	-0.0188414	-0.0292919	-0.0391308
407	79236	0.209248	-0.0188414	-0.0250828	-0.0391308
408	79980	0.216318	-0.0188414	-0.0293248	-0.0391308
409	80724	0.213786	-0.0188414	-0.024458	-0.0391308
410	81468	0.205696	-0.0188414	-0.0250828	-0.0391308
411	82212	0.211024	-0.0188414	-0.0192294	-0.0391308
412	82956	0.222599	-0.0188414	-0.0254116	-0.0391308
413	83700	0.222007	-0.0188414	-0.0283383	-0.0391308
414	84444	0.232497	-0.0188414	-0.0249841	-0.0391308
415	85188	0.220757	-0.0188414	-0.0314623	-0.0391308
416	85932	0.198199	-0.0188414	-0.0335668	-0.0391308
417	86676	0.217436	-0.0188414	-0.0293577	-0.0391308
418	87420	0.222007	-0.0188414	-0.0299167	-0.0391308
419	88164	0.233549	-0.0188414	-0.0223534	-0.0391308
420	88908	0.224901	-0.0188414	-0.0256418	-0.0391308
421	89652	0.209248	-0.0188414	-0.0252801	-0.0391308
422	90396	0.23835	-0.0188414	-0.0288973	-0.0391308
423	91140	0.237923	-0.0188414	-0.0287329	-0.0391308
424	91884	0.244499	-0.0188414	-0.0314951	-0.0391308
425	92628	0.242559	-0.0188414	-0.0248197	-0.0391308
426	93372	0.219113	-0.0188414	-0.028141	-0.0391308
427	94116	0.233582	-0.0188414	-0.0308046	-0.0391308
428	94860	0.239468	-0.0188414	-0.0274833	-0.0391308
429	95604	0.234503	-0.0188414	-0.0291933	-0.0391308
430	96348	0.236739	-0.0188414	-0.0301469	-0.0391308
431	97092	0.224638	-0.0188414	-0.0245238	-0.0391308
432	97836	0.238745	-0.0188414	-0.0301469	-0.0391308
433	98580	0.206683	-0.0188414	-0.0328434	-0.0391308
434	99324	0.225624	-0.0188414	-0.0359345	-0.0391308
435	100068	0.235851	-0.0188414	-0.0344218	-0.0391308
436	100812	0.219113	-0.0188414	-0.0274175	-0.0391308
437	101556	0.237331	-0.0188414	-0.0346849	-0.0391308
438	102300	0.22181	-0.0188414	-0.0272531	-0.0391308
439	103044	0.228814	-0.0188414	-0.0296536	-0.0391308
440	103788	0.215726	-0.0188414	-0.034356	-0.0391308
441	104532	0.210596	-0.0188414	-0.0330407	-0.0391308
442	105276	0.208327	-0.0188414	-0.0312321	-0.0391308
443	106020	0.231609	-0.0188414	-0.0280752	-0.0391308
444	106764	0.220396	-0.0188414	-0.0276806	-0.0391308
445	107508	0.210037	-0.0188414	-0.0286671	-0.0391308
446	108252	0.210826	-0.0188414	-0.0289302	-0.0391308
447	108996	0.216088	-0.0188414	-0.0257405	-0.0391308
448	109740	0.201553	-0.0188414	-0.0335997	-0.0391308
449	110484	0.208722	-0.0188414	-0.0331722	-0.0391308
450	111228	0.193069	-0.0188414	-0.0369867	-0.0391308
451	111414	0.202408	-0.0188414	-0.0323172	-0.0391308
452	110670	0.187709	-0.0188414	-0.0360331	-0.0391308
453	109926	0.18498	-0.0188414	-0.0299825	-0.0391308
454	109182	0.185275	-0.0188414	-0.0290946	-0.0391308
455	108438	0.190438	-0.0188414	-0.0314623	-0.0391308
456	107694	0.198626	-0.0188414	-0.0325145	-0.0391308
457	106950	0.170543	-0.0188414	-0.0296208	-0.0391308
458	106206	0.212503	-0.0188414	-0.0308046	-0.0391308
459	105462	0.188432	-0.0188414	-0.0332051	-0.0391308
460	104718	0.189287	-0.0188414	-0.0336984	-0.0391308
461	103974	0.193266	-0.0188414	-0.0314294	-0.0391308
462	103230	0.191162	-0.0188414	-0.0287329	-0.0391308
463	102486	0.159988	-0.0188414	-0.0335997	-0.0391308
464	101742	0.179619	-0.0188414	-0.0338628	-0.0391308
465	100998	0.182152	-0.0188414	-0.0321857	-0.0391308
466	100254	0.191096	-0.0188414	-0.0341916	-0.0391308
467	99510	0.212964	-0.0188414	-0.0287	-0.0391308
468	98766	0.179948	-0.0188414	-0.0295221	-0.0391308
469	98022	0.202046	-0.0188414	-0.0330078	-0.0391308
470	97278	0.193924	-0.0188414	-0.0305744	-0.0391308
471	96534	0.193168	-0.0188414	-0.0287329	-0.0391308
472	95790	0.194384	-0.0188414	-0.028996	-0.0391308
473	95046	0.18225	-0.0188414	-0.0322186	-0.0391308
474	94302	0.18692	-0.0188414	-0.0314623	-0.0391308
475	93558	0.22352	-0.0188414	-0.028996	-0.0391308
476	92814	0.204282	-0.0188414	-0.0271216	-0.0391308
477	92070	0.194088	-0.0188414	-0.0290288	-0.0391308
478	91326	0.199613	-0.0188414	-0.0281081	-0.0391308
479	90582	0.190274	-0.0188414	-0.029259	-0.0391308
480	89838	0.196982	-0.0188414	-0.0296865	-0.0391308
481	89094	0.199712	-0.0188414	-0.0324159	-0.0391308
482	88350	0.207439	-0.0188414	-0.0325474	-0.0391308
483	87606	0.200468	-0.0188414	-0.032383	-0.0391308
484	86862	0.215989	-0.0188414	-0.0333366	-0.0391308
485	86118	0.188958	-0.0188414	-0.0317582	-0.0391308
486	85374	0.205433	-0.0188414	-0.0372169	-0.0391308
487	84630	0.171234	-0.0188414	-0.0327118	-0.0391308
488	83886	0.192609	-0.0188414	-0.0339285	-0.0391308
489	83142	0.205302	-0.0188414	-0.0364277	-0.0391308
490	82398	0.201849	-0.0188414	-0.0310019	-0.0391308
491	81654	0.188432	-0.0188414	-0.032383	-0.0391308
492	80910	0.199218	-0.0188414	-0.0277793	-0.0391308
493	80166	0.192576	-0.0188414	-0.0287329	-0.0391308
494	79422	0.196555	-0.0188414	-0.0296208	-0.0391308
495	78678	0.208952	-0.0188414	-0.0279108	-0.0391308
496	77934	0.197936	-0.0188414	-0.0364606	-0.0391308
497	77190	0.183697	-0.0188414	-0.0336984	-0.0391308
498	76446	0.196292	-0.0188414	-0.0363619	-0.0391308
499	75702	0.198199	-0.0188414	-0.0307717	-0.0391308
500	74958	0.217765	-0.0188414	-0.0327447	-0.0391308
501	74214	0.191589	-0.0188414	-0.0321528	-0.0391308
502	73470	0.211418	-0.0188414	-0.0305744	-0.0391308
503	72726	0.180474	-0.0188414	-0.0284698	-0.0391308
504	71982	0.179587	-0.0188414	-0.0270558	-0.0391308
505	71238	0.1835	-0.0188414	-0.0309361	-0.0391308
506	70494	0.194615	-0.0188414	-0.0291275	-0.0391308
507	69750	0.200402	-0.0188414	-0.0350795	-0.0391308
508	69006	0.20688	-0.0188414	-0.0326132	-0.0391308
509	68262	0.216219	-0.0188414	-0.0302127	-0.0391308
510	67518	0.21372	-0.0188414	-0.0326132	-0.0391308
511	66774	0.208722	-0.0188414	-0.0259706	-0.0391308
512	66030	0.223322	-0.0188414	-0.0263652	-0.0391308
513	65286	0.21224	-0.0188414	-0.0292261	-0.0391308
514	64542	0.212832	-0.0188414	-0.0280094	-0.0391308
515	63798	0.21885	-0.0188414	-0.0296865	-0.0391308
516	63054	0.187018	-0.0188414	-0.0282725	-0.0391308
517	62310	0.206749	-0.0188414	-0.0282067	-0.0391308
518	61566	0.221053	-0.0188414	-0.0245566	-0.0391308
519	60822	0.201356	-0.0188414	-0.0293906	-0.0391308
520	60078	0.22375	-0.0188414	-0.0319555	-0.0391308
521	59334	0.21589	-0.0188414	-0.0216957	-0.0391308
522	58590	0.224901	-0.0188414	-0.027845	-0.0391308
523	57846	0.210793	-0.0188414	-0.025872	-0.0391308
524	57102	0.210991	-0.0188414	-0.0264968	-0.0391308
525	56358	0.201553	-0.0188414	-0.0306402	-0.0391308
526	55614	0.194483	-0.0188414	-0.0301469	-0.0391308
527	54870	0.212766	-0.0188414	-0.025576	-0.0391308
528	54126	0.207439	-0.0188414	-0.0323172	-0.0391308
529	53382	0.215167	-0.0188414	-0.0275162	-0.0391308
530	52638	0.209412	-0.0188414	-0.0290288	-0.0391308
531	51894	0.201717	-0.0188414	-0.0294892	-0.0391308
532	51150	0.222467	-0.0188414	-0.0203475	-0.0391308
533	50406	0.222928	-0.0188414	-0.0307717	-0.0391308
534	49662	0.19662	-0.0188414	-0.0267599	-0.0391308
535	48918	0.208985	-0.0188414	-0.0319884	-0.0391308
536	48174	0.224835	-0.0188414	-0.0217286	-0.0391308
537	47430	0.241277	-0.0188414	-0.0283054	-0.0391308
538	46686	0.241869	-0.0188414	-0.0262666	-0.0391308
539	45942	0.210169	-0.0188414	-0.0272531	-0.0391308
540	45198	0.230294	-0.0188414	-0.0295879	-0.0391308
541	44454	0.234996	-0.0188414	-0.0243922	-0.0391308
542	43710	0.233483	-0.0188414	-0.0279108	-0.0391308
543	42966	0.217995	-0.0188414	-0.032942	-0.0391308
544	42222	0.235029	-0.0188414	-0.0324817	-0.0391308
545	41478	0.236772	-0.0188414	-0.0315609	-0.0391308
546	40734	0.21668	-0.0188414	-0.0299167	-0.0391308
547	39990	0.234799	-0.0188414	-0.0260693	-0.0391308
548	39246	0.221744	-0.0188414	-0.0265626	-0.0391308
549	38502	0.235391	-0.0188414	-0.0248526	-0.0391308
550	37758	0.205664	-0.0188414	-0.0283054	-0.0391308
551	37014	0.252129	-0.0188414	-0.0271216	-0.0391308
552	36270	0.215759	-0.0188414	-0.0309361	-0.0391308
553	35526	0.223651	-0.0188414	-0.0292919	-0.0391308
554	34782	0.222138	-0.0188414	-0.0273518	-0.0391308
555	34038	0.210826	-0.0188414	-0.0296865	-0.0391308
556	33294	0.230754	-0.0188414	-0.0290617	-0.0391308
557	32550	0.22911	-0.0188414	-0.0297523	-0.0391308
558	31806	0.1908	-0.0188414	-0.0294235	-0.0391308
559	31062	0.223421	-0.0188414	-0.0291275	-0.0391308
560	30318	0.224539	-0.0188414	-0.0311992	-0.0391308
561	29574	0.215956	-0.0188414	-0.0285356	-0.0391308
562	28830	0.201126	-0.0188414	-0.0308375	-0.0391308
563	28086	0.199843	-0.0188414	-0.0322186	-0.0391308
564	27342	0.191523	-0.0188414	-0.0290288	-0.0391308
565	26598	0.204414	-0.0188414	-0.0331393	-0.0391308
566	25854	0.203395	-0.0188414	-0.0342574	-0.0391308
567	25110	0.218423	-0.0188414	-0.0280094	-0.0391308
568	24366	0.21497	-0.0188414	-0.0287329	-0.0391308
569	23622	0.21395	-0.0188414	-0.0309361	-0.0391308
570	22878	0.205203	-0.0188414	-0.0361318	-0.0391308
571	22134	0.210366	-0.0188414	-0.0273846	-0.0391308
572	21390	0.177482	-0.0188414	-0.0278121	-0.0391308
573	20646	0.216384	-0.0188414	-0.0271216	-0.0391308
574	19902	0.208459	-0.0188414	-0.0268256	-0.0391308
575	19158	0.21691	-0.0188414	-0.0287	-0.0391308
576	18414	0.203329	-0.0188414	-0.0300154	-0.0391308
577	17670	0.198988	-0.0188414	-0.0270558	-0.0391308
578	16926	0.185045	-0.0188414	-0.0294563	-0.0391308
579	16182	0.195831	-0.0188414	-0.0280752	-0.0391308
580	15438	0.187347	-0.0188414	-0.0300154	-0.0391308
581	14694	0.223914	-0.0188414	-0.0270229	-0.0391308
582	13950	0.201948	-0.0188414	-0.0250499	-0.0391308
583	13206	0.2323	-0.0188414	-0.0299825	-0.0391308
584	12462	0.210596	-0.0188414	-0.0300482	-0.0391308
585	11718	0.199087	-0.0188414	-0.0288315	-0.0391308
586	10974	0.201981	-0.0188414	-0.0269572	-0.0391308
587	10230	0.218521	-0.0188414	-0.0240963	-0.0391308
588	9486	0.238317	-0.0188414	-0.027286	-0.0391308
589	8742	0.244236	-0.0188414	-0.0348164	-0.0391308
590	7998	0.236739	-0.0188414	-0.0299167	-0.0391308
591	7254	0.247558	-0.0188414	-0.0333695	-0.0391308
592	6510	0.249103	-0.0188414	-0.027582	-0.0391308
593	5766	0.252622	-0.0188414	-0.0241949	-0.0391308
594	5022	0.248051	-0.0188414	-0.0298509	-0.0391308
595	4278	0.221842	-0.0188414	-0.0285356	-0.0391308
596	3534	0.2542	-0.0188414	-0.0282067	-0.0391308
597	2790	0.237397	-0.0188414	-0.0277135	-0.0391308
598	2046	0.253575	-0.0188414	-0.0239318	-0.0391308
599	1302	0.248577	-0.0188414	-0.0274504	-0.0391308
600	558	0.245453	-0.0207125	-0.0248197	-0.0382824
