# Filename	2016-10-01\20_delay.txt
# Date	2016-10-01
# Title	DL-Pro & DL-100 Locked delay scan.
# DL-Pro	36588.5 GHz
# DL-100	365872.6 GHz
# Static	600 mV Pulsed
# MWOn	On
# MWf	15932.0 MHz
# Attn	44 dB
# FixedAttn	6 dB
# B2	B2 = T2 + 2.050 us
# HP214B	HP 214B FIP at 5.5 on 100V setting ; Applied to Top ; Mesh & Vin of MCP @ +25V ; Vout of MCP @ +2025 V
# Oven	32 A
# Boxcar	Gate = 200 ns ; Amp = 25x ; Sensitivity = 5 mV
# Offset	+/- 30 mV IR/Oven offset.
# Bias	Top: 0 V ; Bot: -0.480 V ; IR: +0.065 V ; Oven: -0.065 V ; Vis: -0.015 V ; MW: +0.015 V
# Passes	4
i	step	norm	nbackground	signal	sbackground
0	0	0.244467	-0.0193149	-0.022485	-0.0389499
1	744	0.252523	-0.0193149	-0.0237674	-0.0389499
2	1488	0.251635	-0.0193149	-0.0226165	-0.0389499
3	2232	0.255713	-0.0193149	-0.0196569	-0.0389499
4	2976	0.242559	-0.0193149	-0.0287658	-0.0389499
5	3720	0.220231	-0.0193149	-0.0237017	-0.0389499
6	4464	0.22467	-0.0193149	-0.0239976	-0.0389499
7	5208	0.230886	-0.0193149	-0.0269572	-0.0389499
8	5952	0.244993	-0.0193149	-0.0269572	-0.0389499
9	6696	0.254496	-0.0193149	-0.0171906	-0.0389499
10	7440	0.264394	-0.0193149	-0.0213011	-0.0389499
11	8184	0.247722	-0.0193149	-0.0290288	-0.0389499
12	8928	0.263506	-0.0193149	-0.0174866	-0.0389499
13	9672	0.252589	-0.0193149	-0.0268585	-0.0389499
14	10416	0.267288	-0.0193149	-0.0192952	-0.0389499
15	11160	0.264592	-0.0193149	-0.0234057	-0.0389499
16	11904	0.273635	-0.0193149	-0.0235044	-0.0389499
17	12648	0.287841	-0.0193149	-0.0206106	-0.0389499
18	13392	0.278271	-0.0193149	-0.0245238	-0.0389499
19	14136	0.291458	-0.0193149	-0.0192294	-0.0389499
20	14880	0.265019	-0.0193149	-0.0268585	-0.0389499
21	15624	0.271267	-0.0193149	-0.0255103	-0.0389499
22	16368	0.261994	-0.0193149	-0.0299825	-0.0389499
23	17112	0.256436	-0.0193149	-0.023603	-0.0389499
24	17856	0.255187	-0.0193149	-0.0307717	-0.0389499
25	18600	0.266104	-0.0193149	-0.0259706	-0.0389499
26	19344	0.284486	-0.0193149	-0.0230111	-0.0389499
27	20088	0.256206	-0.0193149	-0.0231755	-0.0389499
28	20832	0.252984	-0.0193149	-0.0235701	-0.0389499
29	21576	0.260284	-0.0193149	-0.0191966	-0.0389499
30	22320	0.25009	-0.0193149	-0.0287	-0.0389499
31	23064	0.25397	-0.0193149	-0.0241949	-0.0389499
32	23808	0.265512	-0.0193149	-0.0277793	-0.0389499
33	24552	0.262388	-0.0193149	-0.0244909	-0.0389499
34	25296	0.253115	-0.0193149	-0.0260364	-0.0389499
35	26040	0.260481	-0.0193149	-0.0240634	-0.0389499
36	26784	0.252425	-0.0193149	-0.0275491	-0.0389499
37	27528	0.228781	-0.0193149	-0.0231097	-0.0389499
38	28272	0.244368	-0.0193149	-0.0194925	-0.0389499
39	29016	0.240849	-0.0193149	-0.0236688	-0.0389499
40	29760	0.254891	-0.0193149	-0.0279108	-0.0389499
41	30504	0.272286	-0.0193149	-0.0283712	-0.0389499
42	31248	0.263276	-0.0193149	-0.0285027	-0.0389499
43	31992	0.243085	-0.0193149	-0.0294235	-0.0389499
44	32736	0.246111	-0.0193149	-0.0266941	-0.0389499
45	33480	0.264296	-0.0193149	-0.0286671	-0.0389499
46	34224	0.2542	-0.0193149	-0.0228467	-0.0389499
47	34968	0.257324	-0.0193149	-0.0206763	-0.0389499
48	35712	0.274259	-0.0193149	-0.025313	-0.0389499
49	36456	0.266598	-0.0193149	-0.0310676	-0.0389499
50	37200	0.242822	-0.0193149	-0.020479	-0.0389499
51	37944	0.240356	-0.0193149	-0.0242607	-0.0389499
52	38688	0.249169	-0.0193149	-0.0274833	-0.0389499
53	39432	0.261205	-0.0193149	-0.0290288	-0.0389499
54	40176	0.270379	-0.0193149	-0.027286	-0.0389499
55	40920	0.265512	-0.0193149	-0.0262995	-0.0389499
56	41664	0.264953	-0.0193149	-0.0227151	-0.0389499
57	42408	0.259429	-0.0193149	-0.0258062	-0.0389499
58	43152	0.264493	-0.0193149	-0.0267927	-0.0389499
59	43896	0.273799	-0.0193149	-0.0220903	-0.0389499
60	44640	0.275443	-0.0193149	-0.022189	-0.0389499
61	45384	0.282382	-0.0193149	-0.0231755	-0.0389499
62	46128	0.287117	-0.0193149	-0.0260693	-0.0389499
63	46872	0.266992	-0.0193149	-0.0233399	-0.0389499
64	47616	0.282612	-0.0193149	-0.0255103	-0.0389499
65	48360	0.29981	-0.0193149	-0.0280752	-0.0389499
66	49104	0.264657	-0.0193149	-0.024162	-0.0389499
67	49848	0.264723	-0.0193149	-0.0237674	-0.0389499
68	50592	0.27084	-0.0193149	-0.0338957	-0.0389499
69	51336	0.263802	-0.0193149	-0.0294235	-0.0389499
70	52080	0.280179	-0.0193149	-0.0257733	-0.0389499
71	52824	0.268439	-0.0193149	-0.0303771	-0.0389499
72	53568	0.2518	-0.0193149	-0.0294892	-0.0389499
73	54312	0.257094	-0.0193149	-0.0314623	-0.0389499
74	55056	0.255647	-0.0193149	-0.0239976	-0.0389499
75	55800	0.258409	-0.0193149	-0.0243593	-0.0389499
76	56544	0.241211	-0.0193149	-0.0266283	-0.0389499
77	57288	0.255943	-0.0193149	-0.0273189	-0.0389499
78	58032	0.245026	-0.0193149	-0.0293906	-0.0389499
79	58776	0.251504	-0.0193149	-0.0275491	-0.0389499
80	59520	0.255384	-0.0193149	-0.0303113	-0.0389499
81	60264	0.268406	-0.0193149	-0.0285027	-0.0389499
82	61008	0.272023	-0.0193149	-0.0278121	-0.0389499
83	61752	0.282316	-0.0193149	-0.0202488	-0.0389499
84	62496	0.279916	-0.0193149	-0.0245895	-0.0389499
85	63240	0.279192	-0.0193149	-0.0299496	-0.0389499
86	63984	0.268702	-0.0193149	-0.024458	-0.0389499
87	64728	0.275114	-0.0193149	-0.0258062	-0.0389499
88	65472	0.27301	-0.0193149	-0.0272531	-0.0389499
89	66216	0.254069	-0.0193149	-0.0287987	-0.0389499
90	66960	0.273898	-0.0193149	-0.0231426	-0.0389499
91	67704	0.295371	-0.0193149	-0.0237674	-0.0389499
92	68448	0.26834	-0.0193149	-0.0319884	-0.0389499
93	69192	0.26058	-0.0193149	-0.0229453	-0.0389499
94	69936	0.274325	-0.0193149	-0.0258391	-0.0389499
95	70680	0.270313	-0.0193149	-0.0293577	-0.0389499
96	71424	0.279981	-0.0193149	-0.027582	-0.0389499
97	72168	0.259199	-0.0193149	-0.0210052	-0.0389499
98	72912	0.25374	-0.0193149	-0.0271873	-0.0389499
99	73656	0.27883	-0.0193149	-0.0284041	-0.0389499
100	74400	0.269524	-0.0193149	-0.0213011	-0.0389499
101	75144	0.286032	-0.0193149	-0.0189664	-0.0389499
102	75888	0.296982	-0.0193149	-0.025872	-0.0389499
103	76632	0.263901	-0.0193149	-0.0215642	-0.0389499
104	77376	0.255581	-0.0193149	-0.0201502	-0.0389499
105	78120	0.240422	-0.0193149	-0.0249184	-0.0389499
106	78864	0.278238	-0.0193149	-0.0283054	-0.0389499
107	79608	0.264033	-0.0193149	-0.0259378	-0.0389499
108	80352	0.252622	-0.0193149	-0.0230769	-0.0389499
109	81096	0.275082	-0.0193149	-0.020775	-0.0389499
110	81840	0.250484	-0.0193149	-0.0282067	-0.0389499
111	82584	0.263605	-0.0193149	-0.0312321	-0.0389499
112	83328	0.253049	-0.0193149	-0.0259378	-0.0389499
113	84072	0.250451	-0.0193149	-0.027845	-0.0389499
114	84816	0.242494	-0.0193149	-0.0242278	-0.0389499
115	85560	0.250484	-0.0193149	-0.0282396	-0.0389499
116	86304	0.264033	-0.0193149	-0.0294235	-0.0389499
117	87048	0.258672	-0.0193149	-0.0333366	-0.0389499
118	87792	0.258409	-0.0193149	-0.0299167	-0.0389499
119	88536	0.243776	-0.0193149	-0.0269243	-0.0389499
120	89280	0.24838	-0.0193149	-0.0244909	-0.0389499
121	90024	0.262783	-0.0193149	-0.0269243	-0.0389499
122	90768	0.229077	-0.0193149	-0.0267599	-0.0389499
123	91512	0.242559	-0.0193149	-0.0284369	-0.0389499
124	92256	0.24907	-0.0193149	-0.0291604	-0.0389499
125	93000	0.25249	-0.0193149	-0.0270558	-0.0389499
126	93744	0.268044	-0.0193149	-0.0254774	-0.0389499
127	94488	0.249136	-0.0193149	-0.032942	-0.0389499
128	95232	0.246999	-0.0193149	-0.0263652	-0.0389499
129	95976	0.256667	-0.0193149	-0.0313965	-0.0389499
130	96720	0.253904	-0.0193149	-0.0313636	-0.0389499
131	97464	0.274786	-0.0193149	-0.0266283	-0.0389499
132	98208	0.264197	-0.0193149	-0.0277793	-0.0389499
133	98952	0.260382	-0.0193149	-0.0322515	-0.0389499
134	99696	0.275082	-0.0193149	-0.0229453	-0.0389499
135	100440	0.260941	-0.0193149	-0.0271545	-0.0389499
136	101184	0.241112	-0.0193149	-0.0245238	-0.0389499
137	101928	0.257916	-0.0193149	-0.0282725	-0.0389499
138	102672	0.251602	-0.0193149	-0.0283712	-0.0389499
139	103416	0.247295	-0.0193149	-0.0237674	-0.0389499
140	104160	0.261468	-0.0193149	-0.032383	-0.0389499
141	104904	0.254924	-0.0193149	-0.0300154	-0.0389499
142	105648	0.260086	-0.0193149	-0.0252801	-0.0389499
143	106392	0.254694	-0.0193149	-0.029555	-0.0389499
144	107136	0.224966	-0.0193149	-0.030969	-0.0389499
145	107880	0.24394	-0.0193149	-0.026431	-0.0389499
146	108624	0.248774	-0.0193149	-0.0252801	-0.0389499
147	109368	0.244236	-0.0193149	-0.0270558	-0.0389499
148	110112	0.249103	-0.0193149	-0.0264639	-0.0389499
149	110856	0.228321	-0.0193149	-0.0334682	-0.0389499
150	111600	0.221316	-0.0193149	-0.0285356	-0.0389499
151	111042	0.241441	-0.0193149	-0.0270558	-0.0389499
152	110298	0.207867	-0.0193149	-0.0302784	-0.0389499
153	109554	0.222697	-0.0193149	-0.0281081	-0.0389499
154	108810	0.21737	-0.0193149	-0.0305086	-0.0389499
155	108066	0.23937	-0.0193149	-0.026431	-0.0389499
156	107322	0.240553	-0.0193149	-0.0295879	-0.0389499
157	106578	0.220955	-0.0193149	-0.0224521	-0.0389499
158	105834	0.194582	-0.0193149	-0.0321857	-0.0389499
159	105090	0.198232	-0.0193149	-0.0304429	-0.0389499
160	104346	0.213819	-0.0193149	-0.0299167	-0.0389499
161	103602	0.201093	-0.0193149	-0.029555	-0.0389499
162	102858	0.214444	-0.0193149	-0.0341916	-0.0389499
163	102114	0.203822	-0.0193149	-0.0274504	-0.0389499
164	101370	0.207965	-0.0193149	-0.0323501	-0.0389499
165	100626	0.221415	-0.0193149	-0.0261679	-0.0389499
166	99882	0.1908	-0.0193149	-0.0285356	-0.0389499
167	99138	0.220067	-0.0193149	-0.0264968	-0.0389499
168	98394	0.213424	-0.0193149	-0.0269572	-0.0389499
169	97650	0.195141	-0.0193149	-0.0265954	-0.0389499
170	96906	0.223881	-0.0193149	-0.0307388	-0.0389499
171	96162	0.214871	-0.0193149	-0.023603	-0.0389499
172	95418	0.213194	-0.0193149	-0.0271873	-0.0389499
173	94674	0.220527	-0.0193149	-0.0307717	-0.0389499
174	93930	0.231609	-0.0193149	-0.0272202	-0.0389499
175	93186	0.232234	-0.0193149	-0.0273518	-0.0389499
176	92442	0.215989	-0.0193149	-0.0297852	-0.0389499
177	91698	0.221579	-0.0193149	-0.0266283	-0.0389499
178	90954	0.240257	-0.0193149	-0.0312978	-0.0389499
179	90210	0.226348	-0.0193149	-0.0270887	-0.0389499
180	89466	0.224013	-0.0193149	-0.0287329	-0.0389499
181	88722	0.239337	-0.0193149	-0.0249841	-0.0389499
182	87978	0.224638	-0.0193149	-0.0275491	-0.0389499
183	87234	0.250715	-0.0193149	-0.0259706	-0.0389499
184	86490	0.220889	-0.0193149	-0.0294235	-0.0389499
185	85746	0.249531	-0.0193149	-0.0299496	-0.0389499
186	85002	0.218225	-0.0193149	-0.0308375	-0.0389499
187	84258	0.24177	-0.0193149	-0.0286014	-0.0389499
188	83514	0.218159	-0.0193149	-0.0236359	-0.0389499
189	82770	0.210925	-0.0193149	-0.0267599	-0.0389499
190	82026	0.222303	-0.0193149	-0.0257405	-0.0389499
191	81282	0.217995	-0.0193149	-0.0303771	-0.0389499
192	80538	0.238547	-0.0193149	-0.0309361	-0.0389499
193	79794	0.225328	-0.0193149	-0.0314951	-0.0389499
194	79050	0.211057	-0.0193149	-0.0269572	-0.0389499
195	78306	0.235851	-0.0193149	-0.0300482	-0.0389499
196	77562	0.245091	-0.0193149	-0.0246224	-0.0389499
197	76818	0.227038	-0.0193149	-0.0309361	-0.0389499
198	76074	0.21566	-0.0193149	-0.0259378	-0.0389499
199	75330	0.237364	-0.0193149	-0.0297523	-0.0389499
200	74586	0.219606	-0.0193149	-0.0301469	-0.0389499
201	73842	0.224999	-0.0193149	-0.0263652	-0.0389499
202	73098	0.200534	-0.0193149	-0.0262337	-0.0389499
203	72354	0.225789	-0.0193149	-0.030969	-0.0389499
204	71610	0.208853	-0.0193149	-0.0288315	-0.0389499
205	70866	0.215331	-0.0193149	-0.0286342	-0.0389499
206	70122	0.187808	-0.0193149	-0.0366908	-0.0389499
207	69378	0.192641	-0.0193149	-0.0382363	-0.0389499
208	68634	0.205729	-0.0193149	-0.0341258	-0.0389499
209	67890	0.227038	-0.0193149	-0.0253787	-0.0389499
210	67146	0.224276	-0.0193149	-0.0310676	-0.0389499
211	66402	0.215233	-0.0193149	-0.0285356	-0.0389499
212	65658	0.220198	-0.0193149	-0.0245238	-0.0389499
213	64914	0.211418	-0.0193149	-0.0324817	-0.0389499
214	64170	0.221053	-0.0193149	-0.0295221	-0.0389499
215	63426	0.217995	-0.0193149	-0.0311663	-0.0389499
216	62682	0.245124	-0.0193149	-0.030969	-0.0389499
217	61938	0.242526	-0.0193149	-0.0259049	-0.0389499
218	61194	0.235983	-0.0193149	-0.0305415	-0.0389499
219	60450	0.233582	-0.0193149	-0.025313	-0.0389499
220	59706	0.233089	-0.0193149	-0.0255103	-0.0389499
221	58962	0.220659	-0.0193149	-0.035211	-0.0389499
222	58218	0.241178	-0.0193149	-0.0290617	-0.0389499
223	57474	0.243776	-0.0193149	-0.0320542	-0.0389499
224	56730	0.240488	-0.0193149	-0.0259378	-0.0389499
225	55986	0.25864	-0.0193149	-0.0311005	-0.0389499
226	55242	0.229241	-0.0193149	-0.0297852	-0.0389499
227	54498	0.23105	-0.0193149	-0.0303771	-0.0389499
228	53754	0.231675	-0.0193149	-0.0300811	-0.0389499
229	53010	0.209347	-0.0193149	-0.0306073	-0.0389499
230	52266	0.213391	-0.0193149	-0.0277793	-0.0389499
231	51522	0.228912	-0.0193149	-0.0259049	-0.0389499
232	50778	0.249103	-0.0193149	-0.0294563	-0.0389499
233	50034	0.225887	-0.0193149	-0.0240634	-0.0389499
234	49290	0.221546	-0.0193149	-0.0238003	-0.0389499
235	48546	0.233648	-0.0193149	-0.0271873	-0.0389499
236	47802	0.21201	-0.0193149	-0.0230111	-0.0389499
237	47058	0.227564	-0.0193149	-0.0293577	-0.0389499
238	46314	0.208689	-0.0193149	-0.0296865	-0.0389499
239	45570	0.245552	-0.0193149	-0.0272531	-0.0389499
240	44826	0.251142	-0.0193149	-0.0228796	-0.0389499
241	44082	0.258541	-0.0193149	-0.0258062	-0.0389499
242	43338	0.262355	-0.0193149	-0.0253458	-0.0389499
243	42594	0.247525	-0.0193149	-0.0239647	-0.0389499
244	41850	0.242691	-0.0193149	-0.0247539	-0.0389499
245	41106	0.258377	-0.0193149	-0.0247539	-0.0389499
246	40362	0.254036	-0.0193149	-0.0260364	-0.0389499
247	39618	0.273207	-0.0193149	-0.0244909	-0.0389499
248	38874	0.268932	-0.0193149	-0.0277464	-0.0389499
249	38130	0.283105	-0.0193149	-0.0290288	-0.0389499
250	37386	0.276035	-0.0193149	-0.0314951	-0.0389499
251	36642	0.286591	-0.0193149	-0.0284369	-0.0389499
252	35898	0.259034	-0.0193149	-0.0292261	-0.0389499
253	35154	0.27883	-0.0193149	-0.0232413	-0.0389499
254	34410	0.248906	-0.0193149	-0.0232742	-0.0389499
255	33666	0.270478	-0.0193149	-0.0309032	-0.0389499
256	32922	0.27084	-0.0193149	-0.0275491	-0.0389499
257	32178	0.279652	-0.0193149	-0.0245238	-0.0389499
258	31434	0.26742	-0.0193149	-0.0256418	-0.0389499
259	30690	0.268176	-0.0193149	-0.0276148	-0.0389499
260	29946	0.275772	-0.0193149	-0.0327447	-0.0389499
261	29202	0.266236	-0.0193149	-0.0271873	-0.0389499
262	28458	0.267485	-0.0193149	-0.0282396	-0.0389499
263	27714	0.254562	-0.0193149	-0.0321857	-0.0389499
264	26970	0.259791	-0.0193149	-0.0286014	-0.0389499
265	26226	0.27301	-0.0193149	-0.0307717	-0.0389499
266	25482	0.25351	-0.0193149	-0.0260364	-0.0389499
267	24738	0.258377	-0.0193149	-0.0335668	-0.0389499
268	23994	0.255779	-0.0193149	-0.0283383	-0.0389499
269	23250	0.267748	-0.0193149	-0.0274833	-0.0389499
270	22506	0.254924	-0.0193149	-0.0296536	-0.0389499
271	21762	0.273339	-0.0193149	-0.0294563	-0.0389499
272	21018	0.28156	-0.0193149	-0.0296865	-0.0389499
273	20274	0.246473	-0.0193149	-0.0242278	-0.0389499
274	19530	0.241145	-0.0193149	-0.0301798	-0.0389499
275	18786	0.233746	-0.0193149	-0.0297852	-0.0389499
276	18042	0.223059	-0.0193149	-0.0312321	-0.0389499
277	17298	0.233746	-0.0193149	-0.0297852	-0.0389499
278	16554	0.23664	-0.0193149	-0.0319555	-0.0389499
279	15810	0.235193	-0.0193149	-0.0295221	-0.0389499
280	15066	0.244039	-0.0193149	-0.0305744	-0.0389499
281	14322	0.234437	-0.0193149	-0.03041	-0.0389499
282	13578	0.227696	-0.0193149	-0.0299496	-0.0389499
283	12834	0.227498	-0.0193149	-0.0309361	-0.0389499
284	12090	0.23493	-0.0193149	-0.0188348	-0.0389499
285	11346	0.247525	-0.0193149	-0.0228467	-0.0389499
286	10602	0.265841	-0.0193149	-0.0279437	-0.0389499
287	9858	0.247393	-0.0193149	-0.0268914	-0.0389499
288	9114	0.25157	-0.0193149	-0.0245895	-0.0389499
289	8370	0.245091	-0.0193149	-0.0266941	-0.0389499
290	7626	0.227137	-0.0193149	-0.0290946	-0.0389499
291	6882	0.197179	-0.0193149	-0.0305744	-0.0389499
292	6138	0.214772	-0.0193149	-0.0303113	-0.0389499
293	5394	0.216943	-0.0193149	-0.0321528	-0.0389499
294	4650	0.220363	-0.0193149	-0.0274504	-0.0389499
295	3906	0.242822	-0.0193149	-0.0340601	-0.0389499
296	3162	0.2347	-0.0193149	-0.0335011	-0.0389499
297	2418	0.235128	-0.0193149	-0.0310348	-0.0389499
298	1674	0.216154	-0.0193149	-0.0277135	-0.0389499
299	930	0.237068	-0.0193149	-0.0263324	-0.0389499
300	186	0.218357	-0.0193149	-0.025872	-0.0389499
301	372	0.244499	-0.0193149	-0.0252801	-0.0389499
302	1116	0.235292	-0.0193149	-0.0243922	-0.0389499
303	1860	0.236574	-0.0193149	-0.0287	-0.0389499
304	2604	0.251898	-0.0193149	-0.0259049	-0.0389499
305	3348	0.25785	-0.0193149	-0.0206763	-0.0389499
306	4092	0.244763	-0.0193149	-0.0305415	-0.0389499
307	4836	0.268143	-0.0193149	-0.0266283	-0.0389499
308	5580	0.248051	-0.0193149	-0.0286671	-0.0389499
309	6324	0.250386	-0.0193149	-0.0263324	-0.0389499
310	7068	0.268867	-0.0193149	-0.0240305	-0.0389499
311	7812	0.25226	-0.0193149	-0.0256089	-0.0389499
312	8556	0.240751	-0.0193149	-0.0259706	-0.0389499
313	9300	0.252359	-0.0193149	-0.0208408	-0.0389499
314	10044	0.254891	-0.0193149	-0.0229782	-0.0389499
315	10788	0.246966	-0.0193149	-0.0289631	-0.0389499
316	11532	0.276989	-0.0193149	-0.0280094	-0.0389499
317	12276	0.271826	-0.0193149	-0.0288315	-0.0389499
318	13020	0.276364	-0.0193149	-0.0222548	-0.0389499
319	13764	0.264526	-0.0193149	-0.0262666	-0.0389499
320	14508	0.308163	-0.0193149	-0.0229782	-0.0389499
321	15252	0.26035	-0.0193149	-0.0335339	-0.0389499
322	15996	0.259527	-0.0193149	-0.0287658	-0.0389499
323	16740	0.242033	-0.0193149	-0.0236359	-0.0389499
324	17484	0.261303	-0.0193149	-0.0257076	-0.0389499
325	18228	0.259626	-0.0193149	-0.0302455	-0.0389499
326	18972	0.245913	-0.0193149	-0.0210381	-0.0389499
327	19716	0.272056	-0.0193149	-0.0229453	-0.0389499
328	20460	0.258738	-0.0193149	-0.027845	-0.0389499
329	21204	0.227466	-0.0193149	-0.0252472	-0.0389499
330	21948	0.265743	-0.0193149	-0.0296536	-0.0389499
331	22692	0.256667	-0.0193149	-0.0228467	-0.0389499
332	23436	0.238416	-0.0193149	-0.0262008	-0.0389499
333	24180	0.258442	-0.0193149	-0.0241291	-0.0389499
334	24924	0.264033	-0.0193149	-0.0295879	-0.0389499
335	25668	0.24815	-0.0193149	-0.0262666	-0.0389499
336	26412	0.229044	-0.0193149	-0.0267927	-0.0389499
337	27156	0.226775	-0.0193149	-0.0322843	-0.0389499
338	27900	0.22957	-0.0193149	-0.0284041	-0.0389499
339	28644	0.237331	-0.0193149	-0.0261022	-0.0389499
340	29388	0.236903	-0.0193149	-0.032087	-0.0389499
341	30132	0.25522	-0.0193149	-0.0234057	-0.0389499
342	30876	0.229866	-0.0193149	-0.0320213	-0.0389499
343	31620	0.243612	-0.0193149	-0.0252801	-0.0389499
344	32364	0.247689	-0.0193149	-0.0266283	-0.0389499
345	33108	0.217666	-0.0193149	-0.025313	-0.0389499
346	33852	0.229011	-0.0193149	-0.0209065	-0.0389499
347	34596	0.233648	-0.0193149	-0.0325145	-0.0389499
348	35340	0.234963	-0.0193149	-0.0330078	-0.0389499
349	36084	0.237988	-0.0193149	-0.0256747	-0.0389499
350	36828	0.246341	-0.0193149	-0.0257405	-0.0389499
351	37572	0.215594	-0.0193149	-0.0284698	-0.0389499
352	38316	0.221218	-0.0193149	-0.0286342	-0.0389499
353	39060	0.22204	-0.0193149	-0.0263324	-0.0389499
354	39804	0.216614	-0.0193149	-0.0221561	-0.0389499
355	40548	0.235555	-0.0193149	-0.0271873	-0.0389499
356	41292	0.205499	-0.0193149	-0.0297523	-0.0389499
357	42036	0.243973	-0.0193149	-0.0323172	-0.0389499
358	42780	0.256403	-0.0193149	-0.0297194	-0.0389499
359	43524	0.232267	-0.0193149	-0.0240305	-0.0389499
360	44268	0.24177	-0.0193149	-0.0300811	-0.0389499
361	45012	0.230688	-0.0193149	-0.028141	-0.0389499
362	45756	0.254167	-0.0193149	-0.0277464	-0.0389499
363	46500	0.23812	-0.0193149	-0.0210052	-0.0389499
364	47244	0.230491	-0.0193149	-0.0261022	-0.0389499
365	47988	0.229472	-0.0193149	-0.0193939	-0.0389499
366	48732	0.229669	-0.0193149	-0.0294235	-0.0389499
367	49476	0.219277	-0.0193149	-0.0284041	-0.0389499
368	50220	0.224407	-0.0193149	-0.0305415	-0.0389499
369	50964	0.243743	-0.0193149	-0.0206106	-0.0389499
370	51708	0.237956	-0.0193149	-0.0347835	-0.0389499
371	52452	0.22398	-0.0193149	-0.0308703	-0.0389499
372	53196	0.246505	-0.0193149	-0.0295221	-0.0389499
373	53940	0.239863	-0.0193149	-0.0313636	-0.0389499
374	54684	0.219968	-0.0193149	-0.0313965	-0.0389499
375	55428	0.215989	-0.0193149	-0.0289302	-0.0389499
376	56172	0.218094	-0.0193149	-0.0296208	-0.0389499
377	56916	0.213457	-0.0193149	-0.0310348	-0.0389499
378	57660	0.238679	-0.0193149	-0.0287329	-0.0389499
379	58404	0.220297	-0.0193149	-0.0264639	-0.0389499
380	59148	0.239304	-0.0193149	-0.0240963	-0.0389499
381	59892	0.232332	-0.0193149	-0.0322515	-0.0389499
382	60636	0.242395	-0.0193149	-0.0350466	-0.0389499
383	61380	0.219113	-0.0193149	-0.0311005	-0.0389499
384	62124	0.236344	-0.0193149	-0.0326461	-0.0389499
385	62868	0.202013	-0.0193149	-0.0345533	-0.0389499
386	63612	0.213523	-0.0193149	-0.0367566	-0.0389499
387	64356	0.245354	-0.0193149	-0.027286	-0.0389499
388	65100	0.233023	-0.0193149	-0.0305086	-0.0389499
389	65844	0.207045	-0.0193149	-0.0304429	-0.0389499
390	66588	0.245157	-0.0193149	-0.033797	-0.0389499
391	67332	0.238252	-0.0193149	-0.0334353	-0.0389499
392	68076	0.258344	-0.0193149	-0.0292261	-0.0389499
393	68820	0.247426	-0.0193149	-0.0277793	-0.0389499
394	69564	0.254003	-0.0193149	-0.0242607	-0.0389499
395	70308	0.250057	-0.0193149	-0.0315938	-0.0389499
396	71052	0.244993	-0.0193149	-0.0261679	-0.0389499
397	71796	0.237364	-0.0193149	-0.0246224	-0.0389499
398	72540	0.252852	-0.0193149	-0.0281081	-0.0389499
399	73284	0.248643	-0.0193149	-0.0268585	-0.0389499
400	74028	0.23493	-0.0193149	-0.0273189	-0.0389499
401	74772	0.25272	-0.0193149	-0.0312978	-0.0389499
402	75516	0.236903	-0.0193149	-0.0297523	-0.0389499
403	76260	0.253674	-0.0193149	-0.027286	-0.0389499
404	77004	0.267058	-0.0193149	-0.0312649	-0.0389499
405	77748	0.249366	-0.0193149	-0.027286	-0.0389499
406	78492	0.243513	-0.0193149	-0.027845	-0.0389499
407	79236	0.246473	-0.0193149	-0.0297523	-0.0389499
408	79980	0.241639	-0.0193149	-0.0299825	-0.0389499
409	80724	0.240981	-0.0193149	-0.0220246	-0.0389499
410	81468	0.250254	-0.0193149	-0.0314294	-0.0389499
411	82212	0.241277	-0.0193149	-0.0282725	-0.0389499
412	82956	0.241112	-0.0193149	-0.0271216	-0.0389499
413	83700	0.242559	-0.0193149	-0.0321857	-0.0389499
414	84444	0.256338	-0.0193149	-0.0284369	-0.0389499
415	85188	0.230392	-0.0193149	-0.0313965	-0.0389499
416	85932	0.237561	-0.0193149	-0.0273846	-0.0389499
417	86676	0.256305	-0.0193149	-0.0271545	-0.0389499
418	87420	0.257554	-0.0193149	-0.0290946	-0.0389499
419	88164	0.271727	-0.0193149	-0.0272531	-0.0389499
420	88908	0.264559	-0.0193149	-0.0198214	-0.0389499
421	89652	0.233746	-0.0193149	-0.0285685	-0.0389499
422	90396	0.250484	-0.0193149	-0.0213011	-0.0389499
423	91140	0.253082	-0.0193149	-0.0319555	-0.0389499
424	91884	0.216186	-0.0193149	-0.030969	-0.0389499
425	92628	0.245749	-0.0193149	-0.0335339	-0.0389499
426	93372	0.257817	-0.0193149	-0.0262666	-0.0389499
427	94116	0.240981	-0.0193149	-0.0267927	-0.0389499
428	94860	0.228058	-0.0193149	-0.0292261	-0.0389499
429	95604	0.214279	-0.0193149	-0.0260035	-0.0389499
430	96348	0.241803	-0.0193149	-0.0292919	-0.0389499
431	97092	0.225789	-0.0193149	-0.0351452	-0.0389499
432	97836	0.225624	-0.0193149	-0.0293577	-0.0389499
433	98580	0.244467	-0.0193149	-0.0226165	-0.0389499
434	99324	0.246374	-0.0193149	-0.032942	-0.0389499
435	100068	0.249399	-0.0193149	-0.0337312	-0.0389499
436	100812	0.247426	-0.0193149	-0.0298509	-0.0389499
437	101556	0.233056	-0.0193149	-0.0347506	-0.0389499
438	102300	0.222566	-0.0193149	-0.0334024	-0.0389499
439	103044	0.239271	-0.0193149	-0.0280423	-0.0389499
440	103788	0.222533	-0.0193149	-0.030114	-0.0389499
441	104532	0.213358	-0.0193149	-0.0288973	-0.0389499
442	105276	0.224111	-0.0193149	-0.0317911	-0.0389499
443	106020	0.228978	-0.0193149	-0.029259	-0.0389499
444	106764	0.213095	-0.0193149	-0.0335997	-0.0389499
445	107508	0.221908	-0.0193149	-0.0271216	-0.0389499
446	108252	0.220165	-0.0193149	-0.031824	-0.0389499
447	108996	0.240389	-0.0193149	-0.0314951	-0.0389499
448	109740	0.226315	-0.0193149	-0.0289302	-0.0389499
449	110484	0.237693	-0.0193149	-0.0273189	-0.0389499
450	111228	0.224736	-0.0193149	-0.0252143	-0.0389499
451	111414	0.215496	-0.0193149	-0.0289631	-0.0389499
452	110670	0.225164	-0.0193149	-0.0258062	-0.0389499
453	109926	0.219146	-0.0193149	-0.0299167	-0.0389499
454	109182	0.231181	-0.0193149	-0.0307059	-0.0389499
455	108438	0.228419	-0.0193149	-0.0288644	-0.0389499
456	107694	0.227498	-0.0193149	-0.0284698	-0.0389499
457	106950	0.244006	-0.0193149	-0.0288644	-0.0389499
458	106206	0.234799	-0.0193149	-0.0333366	-0.0389499
459	105462	0.244368	-0.0193149	-0.0356714	-0.0389499
460	104718	0.245618	-0.0193149	-0.0244909	-0.0389499
461	103974	0.223322	-0.0193149	-0.033797	-0.0389499
462	103230	0.222171	-0.0193149	-0.0314623	-0.0389499
463	102486	0.251997	-0.0193149	-0.0292261	-0.0389499
464	101742	0.230392	-0.0193149	-0.0224521	-0.0389499
465	100998	0.24565	-0.0193149	-0.0323501	-0.0389499
466	100254	0.242461	-0.0193149	-0.0344876	-0.0389499
467	99510	0.220264	-0.0193149	-0.0311334	-0.0389499
468	98766	0.204118	-0.0193149	-0.0240305	-0.0389499
469	98022	0.228452	-0.0193149	-0.0279766	-0.0389499
470	97278	0.224901	-0.0193149	-0.0326461	-0.0389499
471	96534	0.236772	-0.0193149	-0.0256418	-0.0389499
472	95790	0.244467	-0.0193149	-0.0299496	-0.0389499
473	95046	0.237035	-0.0193149	-0.0296536	-0.0389499
474	94302	0.258607	-0.0193149	-0.030673	-0.0389499
475	93558	0.24348	-0.0193149	-0.0299167	-0.0389499
476	92814	0.232661	-0.0193149	-0.0307388	-0.0389499
477	92070	0.244171	-0.0193149	-0.0271216	-0.0389499
478	91326	0.216614	-0.0193149	-0.025313	-0.0389499
479	90582	0.229669	-0.0193149	-0.0347835	-0.0389499
480	89838	0.240751	-0.0193149	-0.0276806	-0.0389499
481	89094	0.248051	-0.0193149	-0.0269243	-0.0389499
482	88350	0.238942	-0.0193149	-0.0256089	-0.0389499
483	87606	0.228649	-0.0193149	-0.0287329	-0.0389499
484	86862	0.244335	-0.0193149	-0.0330736	-0.0389499
485	86118	0.230853	-0.0193149	-0.0257076	-0.0389499
486	85374	0.234174	-0.0193149	-0.0347835	-0.0389499
487	84630	0.211089	-0.0193149	-0.0254116	-0.0389499
488	83886	0.246867	-0.0193149	-0.0267927	-0.0389499
489	83142	0.22181	-0.0193149	-0.0304429	-0.0389499
490	82398	0.221546	-0.0193149	-0.0312978	-0.0389499
491	81654	0.213424	-0.0193149	-0.0295221	-0.0389499
492	80910	0.215529	-0.0193149	-0.0367566	-0.0389499
493	80166	0.213819	-0.0193149	-0.025872	-0.0389499
494	79422	0.22786	-0.0193149	-0.0288644	-0.0389499
495	78678	0.224079	-0.0193149	-0.0302784	-0.0389499
496	77934	0.225328	-0.0193149	-0.0294892	-0.0389499
497	77190	0.208064	-0.0193149	-0.0265626	-0.0389499
498	76446	0.213293	-0.0193149	-0.0264639	-0.0389499
499	75702	0.231971	-0.0193149	-0.028996	-0.0389499
500	74958	0.237758	-0.0193149	-0.0254445	-0.0389499
501	74214	0.217074	-0.0193149	-0.0227809	-0.0389499
502	73470	0.226348	-0.0193149	-0.0263981	-0.0389499
503	72726	0.222237	-0.0193149	-0.0269572	-0.0389499
504	71982	0.24029	-0.0193149	-0.0262666	-0.0389499
505	71238	0.240488	-0.0193149	-0.0305744	-0.0389499
506	70494	0.241211	-0.0193149	-0.0318897	-0.0389499
507	69750	0.244006	-0.0193149	-0.0343231	-0.0389499
508	69006	0.234108	-0.0193149	-0.0284041	-0.0389499
509	68262	0.24884	-0.0193149	-0.0321857	-0.0389499
510	67518	0.238745	-0.0193149	-0.0284041	-0.0389499
511	66774	0.241211	-0.0193149	-0.0273846	-0.0389499
512	66030	0.241671	-0.0193149	-0.0314623	-0.0389499
513	65286	0.250879	-0.0193149	-0.0283054	-0.0389499
514	64542	0.2201	-0.0193149	-0.036921	-0.0389499
515	63798	0.23766	-0.0193149	-0.0255432	-0.0389499
516	63054	0.224177	-0.0193149	-0.0317911	-0.0389499
517	62310	0.205532	-0.0193149	-0.0308703	-0.0389499
518	61566	0.237791	-0.0193149	-0.03919	-0.0389499
519	60822	0.250912	-0.0193149	-0.0297852	-0.0389499
520	60078	0.233253	-0.0193149	-0.0313307	-0.0389499
521	59334	0.211451	-0.0193149	-0.0313965	-0.0389499
522	58590	0.240849	-0.0193149	-0.0317911	-0.0389499
523	57846	0.225098	-0.0193149	-0.0285356	-0.0389499
524	57102	0.22467	-0.0193149	-0.0309361	-0.0389499
525	56358	0.209906	-0.0193149	-0.0300482	-0.0389499
526	55614	0.230853	-0.0193149	-0.0311334	-0.0389499
527	54870	0.247656	-0.0193149	-0.0290288	-0.0389499
528	54126	0.22569	-0.0193149	-0.028996	-0.0389499
529	53382	0.226216	-0.0193149	-0.0299496	-0.0389499
530	52638	0.225558	-0.0193149	-0.0309032	-0.0389499
531	51894	0.210958	-0.0193149	-0.0334353	-0.0389499
532	51150	0.217633	-0.0193149	-0.0281081	-0.0389499
533	50406	0.224835	-0.0193149	-0.0310348	-0.0389499
534	49662	0.221218	-0.0193149	-0.0288973	-0.0389499
535	48918	0.230721	-0.0193149	-0.0284369	-0.0389499
536	48174	0.228715	-0.0193149	-0.0320213	-0.0389499
537	47430	0.215233	-0.0193149	-0.0310019	-0.0389499
538	46686	0.220428	-0.0193149	-0.0293577	-0.0389499
539	45942	0.23447	-0.0193149	-0.0259049	-0.0389499
540	45198	0.230063	-0.0193149	-0.0255432	-0.0389499
541	44454	0.231576	-0.0193149	-0.0300811	-0.0389499
542	43710	0.22763	-0.0193149	-0.0279766	-0.0389499
543	42966	0.213227	-0.0193149	-0.0262666	-0.0389499
544	42222	0.206486	-0.0193149	-0.0319226	-0.0389499
545	41478	0.213983	-0.0193149	-0.0346849	-0.0389499
546	40734	0.217831	-0.0193149	-0.0308046	-0.0389499
547	39990	0.213128	-0.0193149	-0.0317253	-0.0389499
548	39246	0.215035	-0.0193149	-0.0321199	-0.0389499
549	38502	0.222204	-0.0193149	-0.0293248	-0.0389499
550	37758	0.221974	-0.0193149	-0.0206435	-0.0389499
551	37014	0.241935	-0.0193149	-0.0311663	-0.0389499
552	36270	0.236015	-0.0193149	-0.0270887	-0.0389499
553	35526	0.244565	-0.0193149	-0.0248526	-0.0389499
554	34782	0.219771	-0.0193149	-0.0231755	-0.0389499
555	34038	0.24713	-0.0193149	-0.0271216	-0.0389499
556	33294	0.253773	-0.0193149	-0.0325474	-0.0389499
557	32550	0.244434	-0.0193149	-0.0294235	-0.0389499
558	31806	0.24371	-0.0193149	-0.0311005	-0.0389499
559	31062	0.245782	-0.0193149	-0.0316924	-0.0389499
560	30318	0.240553	-0.0193149	-0.0277793	-0.0389499
561	29574	0.228551	-0.0193149	-0.0282725	-0.0389499
562	28830	0.243349	-0.0193149	-0.0301469	-0.0389499
563	28086	0.242987	-0.0193149	-0.0311005	-0.0389499
564	27342	0.246045	-0.0193149	-0.0287329	-0.0389499
565	26598	0.233615	-0.0193149	-0.0295221	-0.0389499
566	25854	0.217074	-0.0193149	-0.0280423	-0.0389499
567	25110	0.222106	-0.0193149	-0.0273518	-0.0389499
568	24366	0.211648	-0.0193149	-0.0273189	-0.0389499
569	23622	0.210497	-0.0193149	-0.0321199	-0.0389499
570	22878	0.231938	-0.0193149	-0.0280752	-0.0389499
571	22134	0.181297	-0.0193149	-0.0265297	-0.0389499
572	21390	0.214016	-0.0193149	-0.0279437	-0.0389499
573	20646	0.188761	-0.0193149	-0.0313307	-0.0389499
574	19902	0.214509	-0.0193149	-0.0273846	-0.0389499
575	19158	0.208722	-0.0193149	-0.0297523	-0.0389499
576	18414	0.214509	-0.0193149	-0.0328763	-0.0389499
577	17670	0.216022	-0.0193149	-0.0284369	-0.0389499
578	16926	0.200698	-0.0193149	-0.0270887	-0.0389499
579	16182	0.209906	-0.0193149	-0.031528	-0.0389499
580	15438	0.210662	-0.0193149	-0.0303113	-0.0389499
581	14694	0.212372	-0.0193149	-0.0237017	-0.0389499
582	13950	0.205828	-0.0193149	-0.029259	-0.0389499
583	13206	0.237923	-0.0193149	-0.0317582	-0.0389499
584	12462	0.210267	-0.0193149	-0.029555	-0.0389499
585	11718	0.193102	-0.0193149	-0.0276477	-0.0389499
586	10974	0.230853	-0.0193149	-0.0300811	-0.0389499
587	10230	0.220461	-0.0193149	-0.032679	-0.0389499
588	9486	0.220297	-0.0193149	-0.0287987	-0.0389499
589	8742	0.234569	-0.0193149	-0.0258062	-0.0389499
590	7998	0.227926	-0.0193149	-0.0226823	-0.0389499
591	7254	0.220165	-0.0193149	-0.0194596	-0.0389499
592	6510	0.227071	-0.0193149	-0.0264639	-0.0389499
593	5766	0.238482	-0.0193149	-0.0293248	-0.0389499
594	5022	0.236805	-0.0193149	-0.0334024	-0.0389499
595	4278	0.260711	-0.0193149	-0.0270229	-0.0389499
596	3534	0.232661	-0.0193149	-0.0285685	-0.0389499
597	2790	0.226084	-0.0193149	-0.0227809	-0.0389499
598	2046	0.219014	-0.0193149	-0.0267599	-0.0389499
599	1302	0.211648	-0.0193149	-0.0245238	-0.0389499
600	558	0.262323	-0.0235208	-0.0226165	-0.0444974
