# Filename	2016-10-01\27_delay.txt
# Date	2016-10-01
# Title	DL-Pro & DL-100 Locked delay scan.
# DL-Pro	36588.5 GHz
# DL-100	365872.6 GHz
# Static	-1500 mV Pulsed
# MWOn	On
# MWf	15932.0 MHz
# Attn	44 dB
# FixedAttn	6 dB
# B2	B2 = T2 + 2.050 us
# HP214B	HP 214B FIP at 5.5 on 100V setting ; Applied to Top ; Mesh & Vin of MCP @ +25V ; Vout of MCP @ +2025 V
# Oven	32 A
# Boxcar	Gate = 200 ns ; Amp = 25x ; Sensitivity = 5 mV
# Offset	+/- 30 mV IR/Oven offset.
# Bias	Top: 0 V ; Bot: -0.480 V ; IR: +0.065 V ; Oven: -0.065 V ; Vis: -0.015 V ; MW: +0.015 V
# Passes	4
i	step	norm	nbackground	signal	sbackground
0	0	0.229998	-0.0184468	-0.0335997	-0.0384435
1	744	0.215792	-0.0184468	-0.0363948	-0.0384435
2	1488	0.243447	-0.0184468	-0.0324817	-0.0384435
3	2232	0.208459	-0.0184468	-0.0357043	-0.0384435
4	2976	0.209018	-0.0184468	-0.0363948	-0.0384435
5	3720	0.187775	-0.0184468	-0.0324159	-0.0384435
6	4464	0.222599	-0.0184468	-0.0322515	-0.0384435
7	5208	0.214838	-0.0184468	-0.0313636	-0.0384435
8	5952	0.218718	-0.0184468	-0.0330736	-0.0384435
9	6696	0.206058	-0.0184468	-0.0306402	-0.0384435
10	7440	0.212536	-0.0184468	-0.025872	-0.0384435
11	8184	0.222204	-0.0184468	-0.0337641	-0.0384435
12	8928	0.201257	-0.0184468	-0.0361646	-0.0384435
13	9672	0.220264	-0.0184468	-0.0298509	-0.0384435
14	10416	0.188663	-0.0184468	-0.0318569	-0.0384435
15	11160	0.210234	-0.0184468	-0.0316924	-0.0384435
16	11904	0.203592	-0.0184468	-0.0333037	-0.0384435
17	12648	0.215101	-0.0184468	-0.0327447	-0.0384435
18	13392	0.199153	-0.0184468	-0.0333366	-0.0384435
19	14136	0.203033	-0.0184468	-0.0283054	-0.0384435
20	14880	0.201257	-0.0184468	-0.030673	-0.0384435
21	15624	0.180113	-0.0184468	-0.0319226	-0.0384435
22	16368	0.206091	-0.0184468	-0.03919	-0.0384435
23	17112	0.21474	-0.0184468	-0.028141	-0.0384435
24	17856	0.199547	-0.0184468	-0.0319884	-0.0384435
25	18600	0.210399	-0.0184468	-0.0279108	-0.0384435
26	19344	0.210563	-0.0184468	-0.0339614	-0.0384435
27	20088	0.21908	-0.0184468	-0.0379733	-0.0384435
28	20832	0.227137	-0.0184468	-0.0282067	-0.0384435
29	21576	0.210629	-0.0184468	-0.0324159	-0.0384435
30	22320	0.216088	-0.0184468	-0.0347178	-0.0384435
31	23064	0.203395	-0.0184468	-0.0325474	-0.0384435
32	23808	0.221218	-0.0184468	-0.0340601	-0.0384435
33	24552	0.216219	-0.0184468	-0.0243593	-0.0384435
34	25296	0.217041	-0.0184468	-0.0282396	-0.0384435
35	26040	0.206847	-0.0184468	-0.0340272	-0.0384435
36	26784	0.194582	-0.0184468	-0.0307059	-0.0384435
37	27528	0.22444	-0.0184468	-0.0264639	-0.0384435
38	28272	0.203691	-0.0184468	-0.0268914	-0.0384435
39	29016	0.204348	-0.0184468	-0.0313307	-0.0384435
40	29760	0.212043	-0.0184468	-0.0344218	-0.0384435
41	30504	0.211583	-0.0184468	-0.0344218	-0.0384435
42	31248	0.191885	-0.0184468	-0.0275491	-0.0384435
43	31992	0.140586	-0.0184468	-0.0328105	-0.0384435
44	32736	0.175147	-0.0184468	-0.0330736	-0.0384435
45	33480	0.172812	-0.0184468	-0.0298509	-0.0384435
46	34224	0.18179	-0.0184468	-0.0327447	-0.0384435
47	34968	0.204907	-0.0184468	-0.0341258	-0.0384435
48	35712	0.188991	-0.0184468	-0.0281739	-0.0384435
49	36456	0.16298	-0.0184468	-0.0362304	-0.0384435
50	37200	0.197508	-0.0184468	-0.0321528	-0.0384435
51	37944	0.13983	-0.0184468	-0.0324817	-0.0384435
52	38688	0.179389	-0.0184468	-0.038039	-0.0384435
53	39432	0.210136	-0.0184468	-0.0334024	-0.0384435
54	40176	0.223454	-0.0184468	-0.0316924	-0.0384435
55	40920	0.21349	-0.0184468	-0.0347835	-0.0384435
56	41664	0.167222	-0.0184468	-0.0328763	-0.0384435
57	42408	0.161237	-0.0184468	-0.0345205	-0.0384435
58	43152	0.183894	-0.0184468	-0.0377431	-0.0384435
59	43896	0.154858	-0.0184468	-0.0302784	-0.0384435
60	44640	0.172747	-0.0184468	-0.0300482	-0.0384435
61	45384	0.205696	-0.0184468	-0.0301469	-0.0384435
62	46128	0.177055	-0.0184468	-0.0339614	-0.0384435
63	46872	0.179093	-0.0184468	-0.0297852	-0.0384435
64	47616	0.189485	-0.0184468	-0.031528	-0.0384435
65	48360	0.167091	-0.0184468	-0.0339614	-0.0384435
66	49104	0.165118	-0.0184468	-0.0357043	-0.0384435
67	49848	0.181395	-0.0184468	-0.0282067	-0.0384435
68	50592	0.195568	-0.0184468	-0.0319226	-0.0384435
69	51336	0.212734	-0.0184468	-0.0295879	-0.0384435
70	52080	0.218587	-0.0184468	-0.0346849	-0.0384435
71	52824	0.202178	-0.0184468	-0.0291275	-0.0384435
72	53568	0.213983	-0.0184468	-0.0327776	-0.0384435
73	54312	0.194187	-0.0184468	-0.034356	-0.0384435
74	55056	0.197147	-0.0184468	-0.0365264	-0.0384435
75	55800	0.175114	-0.0184468	-0.0354412	-0.0384435
76	56544	0.206551	-0.0184468	-0.0337641	-0.0384435
77	57288	0.200928	-0.0184468	-0.0290288	-0.0384435
78	58032	0.179258	-0.0184468	-0.0326461	-0.0384435
79	58776	0.209182	-0.0184468	-0.0335011	-0.0384435
80	59520	0.187873	-0.0184468	-0.0304429	-0.0384435
81	60264	0.199218	-0.0184468	-0.0344876	-0.0384435
82	61008	0.18863	-0.0184468	-0.0298509	-0.0384435
83	61752	0.184322	-0.0184468	-0.032383	-0.0384435
84	62496	0.183302	-0.0184468	-0.038039	-0.0384435
85	63240	0.169261	-0.0184468	-0.0325803	-0.0384435
86	63984	0.183434	-0.0184468	-0.0360002	-0.0384435
87	64728	0.161994	-0.0184468	-0.0340272	-0.0384435
88	65472	0.173503	-0.0184468	-0.0376444	-0.0384435
89	66216	0.157521	-0.0184468	-0.039453	-0.0384435
90	66960	0.134042	-0.0184468	-0.0335011	-0.0384435
91	67704	0.151734	-0.0184468	-0.0348493	-0.0384435
92	68448	0.188136	-0.0184468	-0.0327776	-0.0384435
93	69192	0.154628	-0.0184468	-0.0370196	-0.0384435
94	69936	0.139271	-0.0184468	-0.032383	-0.0384435
95	70680	0.155187	-0.0184468	-0.0335997	-0.0384435
96	71424	0.177745	-0.0184468	-0.0390913	-0.0384435
97	72168	0.178008	-0.0184468	-0.0403409	-0.0384435
98	72912	0.168011	-0.0184468	-0.0327118	-0.0384435
99	73656	0.171037	-0.0184468	-0.0385652	-0.0384435
100	74400	0.169919	-0.0184468	-0.0293248	-0.0384435
101	75144	0.190932	-0.0184468	-0.0330736	-0.0384435
102	75888	0.190701	-0.0184468	-0.0366579	-0.0384435
103	76632	0.161632	-0.0184468	-0.0283712	-0.0384435
104	77376	0.182645	-0.0184468	-0.0284369	-0.0384435
105	78120	0.146703	-0.0184468	-0.0334682	-0.0384435
106	78864	0.182415	-0.0184468	-0.0333695	-0.0384435
107	79608	0.203526	-0.0184468	-0.031824	-0.0384435
108	80352	0.169031	-0.0184468	-0.0312978	-0.0384435
109	81096	0.19422	-0.0184468	-0.0313965	-0.0384435
110	81840	0.207374	-0.0184468	-0.0318569	-0.0384435
111	82584	0.200599	-0.0184468	-0.0338957	-0.0384435
112	83328	0.168702	-0.0184468	-0.0353425	-0.0384435
113	84072	0.20711	-0.0184468	-0.0333366	-0.0384435
114	84816	0.227531	-0.0184468	-0.0344876	-0.0384435
115	85560	0.222763	-0.0184468	-0.0345205	-0.0384435
116	86304	0.232135	-0.0184468	-0.0334682	-0.0384435
117	87048	0.218883	-0.0184468	-0.0327776	-0.0384435
118	87792	0.228551	-0.0184468	-0.0335997	-0.0384435
119	88536	0.218291	-0.0184468	-0.0305086	-0.0384435
120	89280	0.206288	-0.0184468	-0.0279437	-0.0384435
121	90024	0.215233	-0.0184468	-0.0317253	-0.0384435
122	90768	0.237035	-0.0184468	-0.0328105	-0.0384435
123	91512	0.202671	-0.0184468	-0.0295221	-0.0384435
124	92256	0.20859	-0.0184468	-0.0312649	-0.0384435
125	93000	0.205368	-0.0184468	-0.034356	-0.0384435
126	93744	0.212865	-0.0184468	-0.0303442	-0.0384435
127	94488	0.192017	-0.0184468	-0.0266283	-0.0384435
128	95232	0.204545	-0.0184468	-0.0321528	-0.0384435
129	95976	0.214476	-0.0184468	-0.0350137	-0.0384435
130	96720	0.228386	-0.0184468	-0.0331722	-0.0384435
131	97464	0.188991	-0.0184468	-0.0339943	-0.0384435
132	98208	0.222467	-0.0184468	-0.0330407	-0.0384435
133	98952	0.205894	-0.0184468	-0.0315609	-0.0384435
134	99696	0.191918	-0.0184468	-0.0326132	-0.0384435
135	100440	0.177055	-0.0184468	-0.0338299	-0.0384435
136	101184	0.203888	-0.0184468	-0.0280423	-0.0384435
137	101928	0.228058	-0.0184468	-0.0341258	-0.0384435
138	102672	0.18738	-0.0184468	-0.0326461	-0.0384435
139	103416	0.215397	-0.0184468	-0.0284369	-0.0384435
140	104160	0.200205	-0.0184468	-0.0350795	-0.0384435
141	104904	0.20836	-0.0184468	-0.0277793	-0.0384435
142	105648	0.219113	-0.0184468	-0.0248197	-0.0384435
143	106392	0.201652	-0.0184468	-0.0320542	-0.0384435
144	107136	0.207604	-0.0184468	-0.0263324	-0.0384435
145	107880	0.219606	-0.0184468	-0.0334353	-0.0384435
146	108624	0.215463	-0.0184468	-0.0275162	-0.0384435
147	109368	0.220692	-0.0184468	-0.0286342	-0.0384435
148	110112	0.225591	-0.0184468	-0.0356056	-0.0384435
149	110856	0.201356	-0.0184468	-0.0360331	-0.0384435
150	111600	0.213293	-0.0184468	-0.0316596	-0.0384435
151	111042	0.192082	-0.0184468	-0.0354083	-0.0384435
152	110298	0.187413	-0.0184468	-0.032383	-0.0384435
153	109554	0.154924	-0.0184468	-0.0328105	-0.0384435
154	108810	0.175772	-0.0184468	-0.0305086	-0.0384435
155	108066	0.175377	-0.0184468	-0.0289631	-0.0384435
156	107322	0.201027	-0.0184468	-0.0302455	-0.0384435
157	106578	0.164065	-0.0184468	-0.0326461	-0.0384435
158	105834	0.187544	-0.0184468	-0.0367894	-0.0384435
159	105090	0.19491	-0.0184468	-0.0351124	-0.0384435
160	104346	0.166071	-0.0184468	-0.0361975	-0.0384435
161	103602	0.170445	-0.0184468	-0.0354083	-0.0384435
162	102858	0.177515	-0.0184468	-0.0260693	-0.0384435
163	102114	0.202046	-0.0184468	-0.0307717	-0.0384435
164	101370	0.211089	-0.0184468	-0.0323501	-0.0384435
165	100626	0.19764	-0.0184468	-0.0324488	-0.0384435
166	99882	0.18156	-0.0184468	-0.0361975	-0.0384435
167	99138	0.182053	-0.0184468	-0.036066	-0.0384435
168	98394	0.180738	-0.0184468	-0.0279766	-0.0384435
169	97650	0.187183	-0.0184468	-0.0347178	-0.0384435
170	96906	0.168768	-0.0184468	-0.0370196	-0.0384435
171	96162	0.207637	-0.0184468	-0.0365264	-0.0384435
172	95418	0.213819	-0.0184468	-0.0376773	-0.0384435
173	94674	0.194121	-0.0184468	-0.0340272	-0.0384435
174	93930	0.188432	-0.0184468	-0.0389598	-0.0384435
175	93186	0.157554	-0.0184468	-0.0372827	-0.0384435
176	92442	0.17449	-0.0184468	-0.0311334	-0.0384435
177	91698	0.199547	-0.0184468	-0.0346191	-0.0384435
178	90954	0.200172	-0.0184468	-0.0282396	-0.0384435
179	90210	0.201191	-0.0184468	-0.0319884	-0.0384435
180	89466	0.219771	-0.0184468	-0.0345533	-0.0384435
181	88722	0.231313	-0.0184468	-0.0376115	-0.0384435
182	87978	0.222566	-0.0184468	-0.027286	-0.0384435
183	87234	0.218653	-0.0184468	-0.0341258	-0.0384435
184	86490	0.21862	-0.0184468	-0.0379075	-0.0384435
185	85746	0.219508	-0.0184468	-0.0321857	-0.0384435
186	85002	0.226479	-0.0184468	-0.0317911	-0.0384435
187	84258	0.241967	-0.0184468	-0.0344218	-0.0384435
188	83514	0.216976	-0.0184468	-0.0334682	-0.0384435
189	82770	0.215923	-0.0184468	-0.0316924	-0.0384435
190	82026	0.225098	-0.0184468	-0.0336655	-0.0384435
191	81282	0.214608	-0.0184468	-0.0316596	-0.0384435
192	80538	0.226052	-0.0184468	-0.0332051	-0.0384435
193	79794	0.230195	-0.0184468	-0.0293906	-0.0384435
194	79050	0.221875	-0.0184468	-0.0340272	-0.0384435
195	78306	0.216449	-0.0184468	-0.0298838	-0.0384435
196	77562	0.216844	-0.0184468	-0.0344218	-0.0384435
197	76818	0.2298	-0.0184468	-0.0310019	-0.0384435
198	76074	0.22079	-0.0184468	-0.0300154	-0.0384435
199	75330	0.20642	-0.0184468	-0.0306402	-0.0384435
200	74586	0.223454	-0.0184468	-0.0287329	-0.0384435
201	73842	0.219902	-0.0184468	-0.0313965	-0.0384435
202	73098	0.220363	-0.0184468	-0.0280752	-0.0384435
203	72354	0.209741	-0.0184468	-0.0291604	-0.0384435
204	71610	0.222138	-0.0184468	-0.0286342	-0.0384435
205	70866	0.207012	-0.0184468	-0.0345862	-0.0384435
206	70122	0.19833	-0.0184468	-0.0341916	-0.0384435
207	69378	0.221777	-0.0184468	-0.0293248	-0.0384435
208	68634	0.20129	-0.0184468	-0.0356056	-0.0384435
209	67890	0.203921	-0.0184468	-0.030673	-0.0384435
210	67146	0.21931	-0.0184468	-0.0307388	-0.0384435
211	66402	0.197739	-0.0184468	-0.0323501	-0.0384435
212	65658	0.198002	-0.0184468	-0.0347506	-0.0384435
213	64914	0.210004	-0.0184468	-0.0344876	-0.0384435
214	64170	0.222599	-0.0184468	-0.0307059	-0.0384435
215	63426	0.200369	-0.0184468	-0.0327776	-0.0384435
216	62682	0.221316	-0.0184468	-0.0348164	-0.0384435
217	61938	0.208557	-0.0184468	-0.0353097	-0.0384435
218	61194	0.223815	-0.0184468	-0.0317582	-0.0384435
219	60450	0.223026	-0.0184468	-0.0363948	-0.0384435
220	59706	0.217831	-0.0184468	-0.031824	-0.0384435
221	58962	0.196916	-0.0184468	-0.0308703	-0.0384435
222	58218	0.203986	-0.0184468	-0.0342574	-0.0384435
223	57474	0.228452	-0.0184468	-0.0340272	-0.0384435
224	56730	0.217995	-0.0184468	-0.0369539	-0.0384435
225	55986	0.222106	-0.0184468	-0.031824	-0.0384435
226	55242	0.237429	-0.0184468	-0.0362633	-0.0384435
227	54498	0.221481	-0.0184468	-0.0387296	-0.0384435
228	53754	0.224605	-0.0184468	-0.0384007	-0.0384435
229	53010	0.218521	-0.0184468	-0.0375458	-0.0384435
230	52266	0.208985	-0.0184468	-0.0312321	-0.0384435
231	51522	0.207143	-0.0184468	-0.0313307	-0.0384435
232	50778	0.222303	-0.0184468	-0.0332709	-0.0384435
233	50034	0.207637	-0.0184468	-0.0335339	-0.0384435
234	49290	0.228452	-0.0184468	-0.0361646	-0.0384435
235	48546	0.229998	-0.0184468	-0.0341916	-0.0384435
236	47802	0.212372	-0.0184468	-0.0395517	-0.0384435
237	47058	0.215397	-0.0184468	-0.0363948	-0.0384435
238	46314	0.212602	-0.0184468	-0.0381377	-0.0384435
239	45570	0.229143	-0.0184468	-0.0310019	-0.0384435
240	44826	0.21201	-0.0184468	-0.0354412	-0.0384435
241	44082	0.227268	-0.0184468	-0.0326132	-0.0384435
242	43338	0.229077	-0.0184468	-0.0378088	-0.0384435
243	42594	0.214904	-0.0184468	-0.0335011	-0.0384435
244	41850	0.233812	-0.0184468	-0.0397819	-0.0384435
245	41106	0.228485	-0.0184468	-0.0308703	-0.0384435
246	40362	0.235522	-0.0184468	-0.0315609	-0.0384435
247	39618	0.227433	-0.0184468	-0.0314294	-0.0384435
248	38874	0.234141	-0.0184468	-0.0328105	-0.0384435
249	38130	0.223224	-0.0184468	-0.0293248	-0.0384435
250	37386	0.221546	-0.0184468	-0.0384336	-0.0384435
251	36642	0.215134	-0.0184468	-0.0285685	-0.0384435
252	35898	0.222007	-0.0184468	-0.0352439	-0.0384435
253	35154	0.218718	-0.0184468	-0.0356056	-0.0384435
254	34410	0.220198	-0.0184468	-0.0378088	-0.0384435
255	33666	0.235621	-0.0184468	-0.0334353	-0.0384435
256	32922	0.225262	-0.0184468	-0.0345533	-0.0384435
257	32178	0.231642	-0.0184468	-0.0373813	-0.0384435
258	31434	0.228518	-0.0184468	-0.0364606	-0.0384435
259	30690	0.224539	-0.0184468	-0.0345862	-0.0384435
260	29946	0.221711	-0.0184468	-0.0400778	-0.0384435
261	29202	0.217272	-0.0184468	-0.0365921	-0.0384435
262	28458	0.215759	-0.0184468	-0.0290288	-0.0384435
263	27714	0.217436	-0.0184468	-0.0346191	-0.0384435
264	26970	0.22809	-0.0184468	-0.0301798	-0.0384435
265	26226	0.217304	-0.0184468	-0.0356714	-0.0384435
266	25482	0.203986	-0.0184468	-0.0314294	-0.0384435
267	24738	0.208294	-0.0184468	-0.0311005	-0.0384435
268	23994	0.234864	-0.0184468	-0.0294563	-0.0384435
269	23250	0.23105	-0.0184468	-0.0338628	-0.0384435
270	22506	0.236147	-0.0184468	-0.0303771	-0.0384435
271	21762	0.226348	-0.0184468	-0.0336326	-0.0384435
272	21018	0.232891	-0.0184468	-0.0348164	-0.0384435
273	20274	0.225525	-0.0184468	-0.0294892	-0.0384435
274	19530	0.216351	-0.0184468	-0.0292919	-0.0384435
275	18786	0.227235	-0.0184468	-0.0336984	-0.0384435
276	18042	0.224473	-0.0184468	-0.0297194	-0.0384435
277	17298	0.227334	-0.0184468	-0.0338628	-0.0384435
278	16554	0.228847	-0.0184468	-0.0287658	-0.0384435
279	15810	0.214871	-0.0184468	-0.036921	-0.0384435
280	15066	0.237331	-0.0184468	-0.0311992	-0.0384435
281	14322	0.225821	-0.0184468	-0.0346849	-0.0384435
282	13578	0.202309	-0.0184468	-0.0350795	-0.0384435
283	12834	0.204381	-0.0184468	-0.0330736	-0.0384435
284	12090	0.219738	-0.0184468	-0.03041	-0.0384435
285	11346	0.202671	-0.0184468	-0.0307059	-0.0384435
286	10602	0.210432	-0.0184468	-0.0330407	-0.0384435
287	9858	0.227466	-0.0184468	-0.0301798	-0.0384435
288	9114	0.230392	-0.0184468	-0.0363619	-0.0384435
289	8370	0.205992	-0.0184468	-0.0366579	-0.0384435
290	7626	0.201586	-0.0184468	-0.0277135	-0.0384435
291	6882	0.220297	-0.0184468	-0.0332709	-0.0384435
292	6138	0.215693	-0.0184468	-0.0341916	-0.0384435
293	5394	0.207571	-0.0184468	-0.0259378	-0.0384435
294	4650	0.208919	-0.0184468	-0.0366579	-0.0384435
295	3906	0.209741	-0.0184468	-0.0303771	-0.0384435
296	3162	0.206979	-0.0184468	-0.0322515	-0.0384435
297	2418	0.208261	-0.0184468	-0.035507	-0.0384435
298	1674	0.198561	-0.0184468	-0.0344547	-0.0384435
299	930	0.18761	-0.0184468	-0.0336655	-0.0384435
300	186	0.212372	-0.0184468	-0.0367894	-0.0384435
301	372	0.239567	-0.0184468	-0.029555	-0.0384435
302	1116	0.221711	-0.0184468	-0.0350795	-0.0384435
303	1860	0.207505	-0.0184468	-0.0365921	-0.0384435
304	2604	0.212536	-0.0184468	-0.034356	-0.0384435
305	3348	0.195404	-0.0184468	-0.0308703	-0.0384435
306	4092	0.196357	-0.0184468	-0.0391242	-0.0384435
307	4836	0.174259	-0.0184468	-0.0316267	-0.0384435
308	5580	0.197114	-0.0184468	-0.0349808	-0.0384435
309	6324	0.22079	-0.0184468	-0.0287987	-0.0384435
310	7068	0.211484	-0.0184468	-0.0379404	-0.0384435
311	7812	0.199679	-0.0184468	-0.0266941	-0.0384435
312	8556	0.192674	-0.0184468	-0.0361975	-0.0384435
313	9300	0.194582	-0.0184468	-0.0312978	-0.0384435
314	10044	0.193891	-0.0184468	-0.0353097	-0.0384435
315	10788	0.191425	-0.0184468	-0.0296865	-0.0384435
316	11532	0.198166	-0.0184468	-0.0296208	-0.0384435
317	12276	0.205664	-0.0184468	-0.0333695	-0.0384435
318	13020	0.21862	-0.0184468	-0.0352768	-0.0384435
319	13764	0.207374	-0.0184468	-0.0353425	-0.0384435
320	14508	0.206979	-0.0184468	-0.0402422	-0.0384435
321	15252	0.202211	-0.0184468	-0.036625	-0.0384435
322	15996	0.194384	-0.0184468	-0.0361975	-0.0384435
323	16740	0.206255	-0.0184468	-0.0360331	-0.0384435
324	17484	0.222138	-0.0184468	-0.0361318	-0.0384435
325	18228	0.237133	-0.0184468	-0.0321528	-0.0384435
326	18972	0.227992	-0.0184468	-0.0347506	-0.0384435
327	19716	0.186558	-0.0184468	-0.0327118	-0.0384435
328	20460	0.215496	-0.0184468	-0.0343889	-0.0384435
329	21204	0.217535	-0.0184468	-0.0337312	-0.0384435
330	21948	0.222106	-0.0184468	-0.0353425	-0.0384435
331	22692	0.218061	-0.0184468	-0.0318569	-0.0384435
332	23436	0.205795	-0.0184468	-0.033797	-0.0384435
333	24180	0.22615	-0.0184468	-0.0345205	-0.0384435
334	24924	0.228189	-0.0184468	-0.0291275	-0.0384435
335	25668	0.194976	-0.0184468	-0.0299825	-0.0384435
336	26412	0.190537	-0.0184468	-0.0325145	-0.0384435
337	27156	0.211122	-0.0184468	-0.0347506	-0.0384435
338	27900	0.204151	-0.0184468	-0.0330736	-0.0384435
339	28644	0.224144	-0.0184468	-0.0359016	-0.0384435
340	29388	0.217469	-0.0184468	-0.0257405	-0.0384435
341	30132	0.195009	-0.0184468	-0.0287658	-0.0384435
342	30876	0.222171	-0.0184468	-0.0320542	-0.0384435
343	31620	0.210991	-0.0184468	-0.0357372	-0.0384435
344	32364	0.213852	-0.0184468	-0.0283383	-0.0384435
345	33108	0.191688	-0.0184468	-0.0362962	-0.0384435
346	33852	0.220593	-0.0184468	-0.0367566	-0.0384435
347	34596	0.189156	-0.0184468	-0.0355399	-0.0384435
348	35340	0.198922	-0.0184468	-0.0311005	-0.0384435
349	36084	0.206025	-0.0184468	-0.0338628	-0.0384435
350	36828	0.195009	-0.0184468	-0.0344547	-0.0384435
351	37572	0.192905	-0.0184468	-0.0330407	-0.0384435
352	38316	0.19274	-0.0184468	-0.0305744	-0.0384435
353	39060	0.195305	-0.0184468	-0.0337641	-0.0384435
354	39804	0.184059	-0.0184468	-0.0324159	-0.0384435
355	40548	0.191326	-0.0184468	-0.0326461	-0.0384435
356	41292	0.181231	-0.0184468	-0.0341916	-0.0384435
357	42036	0.206453	-0.0184468	-0.0335997	-0.0384435
358	42780	0.215792	-0.0184468	-0.0371183	-0.0384435
359	43524	0.174884	-0.0184468	-0.0374142	-0.0384435
360	44268	0.187742	-0.0184468	-0.0362633	-0.0384435
361	45012	0.205466	-0.0184468	-0.0361975	-0.0384435
362	45756	0.211879	-0.0184468	-0.0382363	-0.0384435
363	46500	0.198232	-0.0184468	-0.0423797	-0.0384435
364	47244	0.222829	-0.0184468	-0.0329091	-0.0384435
365	47988	0.21178	-0.0184468	-0.0387296	-0.0384435
366	48732	0.182086	-0.0184468	-0.0379733	-0.0384435
367	49476	0.205631	-0.0184468	-0.0335668	-0.0384435
368	50220	0.204874	-0.0184468	-0.0356056	-0.0384435
369	50964	0.205335	-0.0184468	-0.0320542	-0.0384435
370	51708	0.200731	-0.0184468	-0.0385323	-0.0384435
371	52452	0.191787	-0.0184468	-0.0381048	-0.0384435
372	53196	0.198626	-0.0184468	-0.0332709	-0.0384435
373	53940	0.217535	-0.0184468	-0.0364935	-0.0384435
374	54684	0.194779	-0.0184468	-0.030114	-0.0384435
375	55428	0.191688	-0.0184468	-0.029555	-0.0384435
376	56172	0.204973	-0.0184468	-0.0371512	-0.0384435
377	56916	0.189123	-0.0184468	-0.0358687	-0.0384435
378	57660	0.182349	-0.0184468	-0.0333366	-0.0384435
379	58404	0.146703	-0.0184468	-0.0397819	-0.0384435
380	59148	0.180474	-0.0184468	-0.0331393	-0.0384435
381	59892	0.200797	-0.0184468	-0.0361646	-0.0384435
382	60636	0.211583	-0.0184468	-0.0316596	-0.0384435
383	61380	0.174325	-0.0184468	-0.0362304	-0.0384435
384	62124	0.228255	-0.0184468	-0.0300811	-0.0384435
385	62868	0.219277	-0.0184468	-0.0299825	-0.0384435
386	63612	0.22273	-0.0184468	-0.0353754	-0.0384435
387	64356	0.206584	-0.0184468	-0.0364606	-0.0384435
388	65100	0.236344	-0.0184468	-0.0389927	-0.0384435
389	65844	0.245585	-0.0184468	-0.0379733	-0.0384435
390	66588	0.215233	-0.0184468	-0.0415247	-0.0384435
391	67332	0.219475	-0.0184468	-0.0342245	-0.0384435
392	68076	0.205499	-0.0184468	-0.0334682	-0.0384435
393	68820	0.228222	-0.0184468	-0.0317582	-0.0384435
394	69564	0.22763	-0.0184468	-0.038039	-0.0384435
395	70308	0.226348	-0.0184468	-0.0269243	-0.0384435
396	71052	0.225887	-0.0184468	-0.0358358	-0.0384435
397	71796	0.237429	-0.0184468	-0.0285027	-0.0384435
398	72540	0.231905	-0.0184468	-0.0328105	-0.0384435
399	73284	0.225789	-0.0184468	-0.0421166	-0.0384435
400	74028	0.240126	-0.0184468	-0.0334024	-0.0384435
401	74772	0.234667	-0.0184468	-0.0395188	-0.0384435
402	75516	0.228682	-0.0184468	-0.0266612	-0.0384435
403	76260	0.244795	-0.0184468	-0.0317582	-0.0384435
404	77004	0.221448	-0.0184468	-0.0335668	-0.0384435
405	77748	0.238087	-0.0184468	-0.0335668	-0.0384435
406	78492	0.215562	-0.0184468	-0.030114	-0.0384435
407	79236	0.235193	-0.0184468	-0.0326132	-0.0384435
408	79980	0.232201	-0.0184468	-0.0282396	-0.0384435
409	80724	0.245124	-0.0184468	-0.0345533	-0.0384435
410	81468	0.256568	-0.0184468	-0.0330078	-0.0384435
411	82212	0.225657	-0.0184468	-0.0291604	-0.0384435
412	82956	0.242296	-0.0184468	-0.03577	-0.0384435
413	83700	0.213983	-0.0184468	-0.0315609	-0.0384435
414	84444	0.242263	-0.0184468	-0.0317253	-0.0384435
415	85188	0.235424	-0.0184468	-0.030969	-0.0384435
416	85932	0.237331	-0.0184468	-0.0319226	-0.0384435
417	86676	0.220165	-0.0184468	-0.0362633	-0.0384435
418	87420	0.229833	-0.0184468	-0.0327447	-0.0384435
419	88164	0.238186	-0.0184468	-0.0333037	-0.0384435
420	88908	0.238416	-0.0184468	-0.0372498	-0.0384435
421	89652	0.224473	-0.0184468	-0.0330736	-0.0384435
422	90396	0.219541	-0.0184468	-0.0372498	-0.0384435
423	91140	0.236509	-0.0184468	-0.0344876	-0.0384435
424	91884	0.250747	-0.0184468	-0.0285356	-0.0384435
425	92628	0.231445	-0.0184468	-0.0327447	-0.0384435
426	93372	0.236443	-0.0184468	-0.0350466	-0.0384435
427	94116	0.232793	-0.0184468	-0.0343889	-0.0384435
428	94860	0.239962	-0.0184468	-0.0400449	-0.0384435
429	95604	0.243743	-0.0184468	-0.0292919	-0.0384435
430	96348	0.240882	-0.0184468	-0.0358358	-0.0384435
431	97092	0.234305	-0.0184468	-0.0308046	-0.0384435
432	97836	0.246768	-0.0184468	-0.0345205	-0.0384435
433	98580	0.236607	-0.0184468	-0.0348493	-0.0384435
434	99324	0.243973	-0.0184468	-0.0349151	-0.0384435
435	100068	0.224309	-0.0184468	-0.0303771	-0.0384435
436	100812	0.250386	-0.0184468	-0.0283054	-0.0384435
437	101556	0.21908	-0.0184468	-0.0337641	-0.0384435
438	102300	0.235884	-0.0184468	-0.0341916	-0.0384435
439	103044	0.234108	-0.0184468	-0.0366579	-0.0384435
440	103788	0.225953	-0.0184468	-0.0353425	-0.0384435
441	104532	0.234273	-0.0184468	-0.0328105	-0.0384435
442	105276	0.250353	-0.0184468	-0.0330078	-0.0384435
443	106020	0.221579	-0.0184468	-0.032383	-0.0384435
444	106764	0.223191	-0.0184468	-0.0339285	-0.0384435
445	107508	0.224177	-0.0184468	-0.0319555	-0.0384435
446	108252	0.217929	-0.0184468	-0.0363948	-0.0384435
447	108996	0.236147	-0.0184468	-0.035211	-0.0384435
448	109740	0.226183	-0.0184468	-0.0351124	-0.0384435
449	110484	0.236048	-0.0184468	-0.0367237	-0.0384435
450	111228	0.23766	-0.0184468	-0.030969	-0.0384435
451	111414	0.224407	-0.0184468	-0.0316924	-0.0384435
452	110670	0.235588	-0.0184468	-0.0324159	-0.0384435
453	109926	0.222599	-0.0184468	-0.0300811	-0.0384435
454	109182	0.233516	-0.0184468	-0.0321857	-0.0384435
455	108438	0.239304	-0.0184468	-0.0340601	-0.0384435
456	107694	0.225098	-0.0184468	-0.0325474	-0.0384435
457	106950	0.222467	-0.0184468	-0.0355727	-0.0384435
458	106206	0.23059	-0.0184468	-0.0306073	-0.0384435
459	105462	0.227301	-0.0184468	-0.0313307	-0.0384435
460	104718	0.22296	-0.0184468	-0.0346191	-0.0384435
461	103974	0.238054	-0.0184468	-0.0339614	-0.0384435
462	103230	0.222073	-0.0184468	-0.032383	-0.0384435
463	102486	0.219935	-0.0184468	-0.0310348	-0.0384435
464	101742	0.239304	-0.0184468	-0.0270887	-0.0384435
465	100998	0.234141	-0.0184468	-0.0333695	-0.0384435
466	100254	0.230886	-0.0184468	-0.0355727	-0.0384435
467	99510	0.226841	-0.0184468	-0.0328763	-0.0384435
468	98766	0.214312	-0.0184468	-0.0361646	-0.0384435
469	98022	0.232036	-0.0184468	-0.0369867	-0.0384435
470	97278	0.223256	-0.0184468	-0.0305744	-0.0384435
471	96534	0.235522	-0.0184468	-0.0341258	-0.0384435
472	95790	0.233286	-0.0184468	-0.0339943	-0.0384435
473	95046	0.213194	-0.0184468	-0.0312321	-0.0384435
474	94302	0.218324	-0.0184468	-0.036625	-0.0384435
475	93558	0.200501	-0.0184468	-0.037184	-0.0384435
476	92814	0.227926	-0.0184468	-0.0358687	-0.0384435
477	92070	0.207834	-0.0184468	-0.0329091	-0.0384435
478	91326	0.212997	-0.0184468	-0.0345533	-0.0384435
479	90582	0.214608	-0.0184468	-0.0311005	-0.0384435
480	89838	0.226874	-0.0184468	-0.0379733	-0.0384435
481	89094	0.209741	-0.0184468	-0.0313636	-0.0384435
482	88350	0.209708	-0.0184468	-0.0400449	-0.0384435
483	87606	0.20813	-0.0184468	-0.0362304	-0.0384435
484	86862	0.207472	-0.0184468	-0.035507	-0.0384435
485	86118	0.202704	-0.0184468	-0.0337641	-0.0384435
486	85374	0.198593	-0.0184468	-0.0345862	-0.0384435
487	84630	0.197179	-0.0184468	-0.0337641	-0.0384435
488	83886	0.220955	-0.0184468	-0.0331393	-0.0384435
489	83142	0.208459	-0.0184468	-0.0322186	-0.0384435
490	82398	0.17735	-0.0184468	-0.0348822	-0.0384435
491	81654	0.184947	-0.0184468	-0.0349151	-0.0384435
492	80910	0.201257	-0.0184468	-0.029555	-0.0384435
493	80166	0.151997	-0.0184468	-0.0362633	-0.0384435
494	79422	0.179225	-0.0184468	-0.0397161	-0.0384435
495	78678	0.200994	-0.0184468	-0.0379075	-0.0384435
496	77934	0.211287	-0.0184468	-0.028141	-0.0384435
497	77190	0.200862	-0.0184468	-0.035507	-0.0384435
498	76446	0.204381	-0.0184468	-0.0330736	-0.0384435
499	75702	0.207538	-0.0184468	-0.0305086	-0.0384435
500	74958	0.170774	-0.0184468	-0.03577	-0.0384435
501	74214	0.1859	-0.0184468	-0.0340601	-0.0384435
502	73470	0.206223	-0.0184468	-0.0359673	-0.0384435
503	72726	0.197706	-0.0184468	-0.0323172	-0.0384435
504	71982	0.209511	-0.0184468	-0.0334682	-0.0384435
505	71238	0.210925	-0.0184468	-0.0327447	-0.0384435
506	70494	0.197706	-0.0184468	-0.0330736	-0.0384435
507	69750	0.224966	-0.0184468	-0.0362304	-0.0384435
508	69006	0.197443	-0.0184468	-0.0341587	-0.0384435
509	68262	0.191227	-0.0184468	-0.0325474	-0.0384435
510	67518	0.188334	-0.0184468	-0.0350795	-0.0384435
511	66774	0.198232	-0.0184468	-0.0305086	-0.0384435
512	66030	0.218653	-0.0184468	-0.0313636	-0.0384435
513	65286	0.215266	-0.0184468	-0.0315609	-0.0384435
514	64542	0.197048	-0.0184468	-0.0371512	-0.0384435
515	63798	0.183598	-0.0184468	-0.0363948	-0.0384435
516	63054	0.198988	-0.0184468	-0.0348822	-0.0384435
517	62310	0.209807	-0.0184468	-0.0296208	-0.0384435
518	61566	0.202803	-0.0184468	-0.0347835	-0.0384435
519	60822	0.212865	-0.0184468	-0.0361646	-0.0384435
520	60078	0.237101	-0.0184468	-0.032679	-0.0384435
521	59334	0.210826	-0.0184468	-0.0354083	-0.0384435
522	58590	0.201816	-0.0184468	-0.0296208	-0.0384435
523	57846	0.188794	-0.0184468	-0.0353425	-0.0384435
524	57102	0.22569	-0.0184468	-0.0379404	-0.0384435
525	56358	0.223026	-0.0184468	-0.0354412	-0.0384435
526	55614	0.217041	-0.0184468	-0.0353425	-0.0384435
527	54870	0.205795	-0.0184468	-0.0369867	-0.0384435
528	54126	0.237791	-0.0184468	-0.0307717	-0.0384435
529	53382	0.222204	-0.0184468	-0.032383	-0.0384435
530	52638	0.196094	-0.0184468	-0.031824	-0.0384435
531	51894	0.212799	-0.0184468	-0.0343231	-0.0384435
532	51150	0.216219	-0.0184468	-0.0330078	-0.0384435
533	50406	0.235884	-0.0184468	-0.0320213	-0.0384435
534	49662	0.225986	-0.0184468	-0.0339614	-0.0384435
535	48918	0.214378	-0.0184468	-0.0375787	-0.0384435
536	48174	0.211681	-0.0184468	-0.035507	-0.0384435
537	47430	0.21474	-0.0184468	-0.0331722	-0.0384435
538	46686	0.202474	-0.0184468	-0.0388611	-0.0384435
539	45942	0.198429	-0.0184468	-0.0349151	-0.0384435
540	45198	0.189057	-0.0184468	-0.0378746	-0.0384435
541	44454	0.224375	-0.0184468	-0.0355399	-0.0384435
542	43710	0.211287	-0.0184468	-0.036921	-0.0384435
543	42966	0.200797	-0.0184468	-0.0399792	-0.0384435
544	42222	0.219343	-0.0184468	-0.0352439	-0.0384435
545	41478	0.182645	-0.0184468	-0.036066	-0.0384435
546	40734	0.199679	-0.0184468	-0.0338957	-0.0384435
547	39990	0.197081	-0.0184468	-0.0312321	-0.0384435
548	39246	0.204315	-0.0184468	-0.0329091	-0.0384435
549	38502	0.215233	-0.0184468	-0.0353425	-0.0384435
550	37758	0.216976	-0.0184468	-0.034652	-0.0384435
551	37014	0.201224	-0.0184468	-0.0378417	-0.0384435
552	36270	0.194351	-0.0184468	-0.0374142	-0.0384435
553	35526	0.200172	-0.0184468	-0.0386967	-0.0384435
554	34782	0.208853	-0.0184468	-0.0296536	-0.0384435
555	34038	0.215759	-0.0184468	-0.0342903	-0.0384435
556	33294	0.216351	-0.0184468	-0.0339285	-0.0384435
557	32550	0.215825	-0.0184468	-0.0299167	-0.0384435
558	31806	0.195009	-0.0184468	-0.0331722	-0.0384435
559	31062	0.207998	-0.0184468	-0.0346849	-0.0384435
560	30318	0.212207	-0.0184468	-0.0349808	-0.0384435
561	29574	0.198067	-0.0184468	-0.0332709	-0.0384435
562	28830	0.215825	-0.0184468	-0.0347506	-0.0384435
563	28086	0.203954	-0.0184468	-0.0345205	-0.0384435
564	27342	0.205203	-0.0184468	-0.0313636	-0.0384435
565	26598	0.20836	-0.0184468	-0.0350795	-0.0384435
566	25854	0.215956	-0.0184468	-0.032087	-0.0384435
567	25110	0.204019	-0.0184468	-0.0353097	-0.0384435
568	24366	0.207965	-0.0184468	-0.0382034	-0.0384435
569	23622	0.200008	-0.0184468	-0.0327447	-0.0384435
570	22878	0.216811	-0.0184468	-0.033797	-0.0384435
571	22134	0.195963	-0.0184468	-0.0337641	-0.0384435
572	21390	0.195568	-0.0184468	-0.0343231	-0.0384435
573	20646	0.207505	-0.0184468	-0.0354083	-0.0384435
574	19902	0.191951	-0.0184468	-0.0372498	-0.0384435
575	19158	0.211024	-0.0184468	-0.0368552	-0.0384435
576	18414	0.194976	-0.0184468	-0.0325803	-0.0384435
577	17670	0.204907	-0.0184468	-0.0327776	-0.0384435
578	16926	0.200271	-0.0184468	-0.0356056	-0.0384435
579	16182	0.199153	-0.0184468	-0.0318569	-0.0384435
580	15438	0.210465	-0.0184468	-0.0314623	-0.0384435
581	14694	0.22569	-0.0184468	-0.0347178	-0.0384435
582	13950	0.232365	-0.0184468	-0.0311663	-0.0384435
583	13206	0.216417	-0.0184468	-0.0369539	-0.0384435
584	12462	0.190636	-0.0184468	-0.0273518	-0.0384435
585	11718	0.190537	-0.0184468	-0.0343231	-0.0384435
586	10974	0.191096	-0.0184468	-0.0348164	-0.0384435
587	10230	0.226315	-0.0184468	-0.0345533	-0.0384435
588	9486	0.206551	-0.0184468	-0.0322186	-0.0384435
589	8742	0.208064	-0.0184468	-0.0342574	-0.0384435
590	7998	0.197179	-0.0184468	-0.0304429	-0.0384435
591	7254	0.166466	-0.0184468	-0.0344876	-0.0384435
592	6510	0.205433	-0.0184468	-0.0310019	-0.0384435
593	5766	0.192181	-0.0184468	-0.0323501	-0.0384435
594	5022	0.195404	-0.0184468	-0.0285685	-0.0384435
595	4278	0.213621	-0.0184468	-0.0315609	-0.0384435
596	3534	0.207538	-0.0184468	-0.0340601	-0.0384435
597	2790	0.208689	-0.0184468	-0.0331722	-0.0384435
598	2046	0.201948	-0.0184468	-0.0354083	-0.0384435
599	1302	0.1981	-0.0184468	-0.0343889	-0.0384435
600	558	0.158179	-0.0182791	-0.0327447	-0.0364277
