# Filename	2016-10-01\31_delay.txt
# Date	2016-10-01
# Title	DL-Pro & DL-100 Locked delay scan.
# DL-Pro	36588.5 GHz
# DL-100	365872.6 GHz
# Static	-4000 mV Pulsed
# MWOn	On
# MWf	15932.0 MHz
# Attn	44 dB
# FixedAttn	6 dB
# B2	B2 = T2 + 2.050 us
# HP214B	HP 214B FIP at 5.5 on 100V setting ; Applied to Top ; Mesh & Vin of MCP @ +25V ; Vout of MCP @ +2025 V
# Oven	32 A
# Boxcar	Gate = 200 ns ; Amp = 25x ; Sensitivity = 5 mV
# Offset	+/- 30 mV IR/Oven offset.
# Bias	Top: 0 V ; Bot: -0.480 V ; IR: +0.065 V ; Oven: -0.065 V ; Vis: -0.015 V ; MW: +0.015 V
# Passes	4
i	step	norm	nbackground	signal	sbackground
0	0	0.244072	-0.0137378	-0.0312649	-0.0360791
1	744	0.245716	-0.0137378	-0.0307717	-0.0360791
2	1488	0.256338	-0.0137378	-0.0306402	-0.0360791
3	2232	0.252688	-0.0137378	-0.0316596	-0.0360791
4	2976	0.238054	-0.0137378	-0.0347506	-0.0360791
5	3720	0.243053	-0.0137378	-0.0300811	-0.0360791
6	4464	0.24667	-0.0137378	-0.0298509	-0.0360791
7	5208	0.229044	-0.0137378	-0.0348822	-0.0360791
8	5952	0.237956	-0.0137378	-0.0282725	-0.0360791
9	6696	0.219738	-0.0137378	-0.0337312	-0.0360791
10	7440	0.235391	-0.0137378	-0.0287	-0.0360791
11	8184	0.249235	-0.0137378	-0.032087	-0.0360791
12	8928	0.241014	-0.0137378	-0.0346191	-0.0360791
13	9672	0.237331	-0.0137378	-0.0325145	-0.0360791
14	10416	0.230951	-0.0137378	-0.0327447	-0.0360791
15	11160	0.248939	-0.0137378	-0.0344876	-0.0360791
16	11904	0.24394	-0.0137378	-0.0285027	-0.0360791
17	12648	0.240553	-0.0137378	-0.0330407	-0.0360791
18	13392	0.23595	-0.0137378	-0.0379404	-0.0360791
19	14136	0.259067	-0.0137378	-0.0342903	-0.0360791
20	14880	0.247558	-0.0137378	-0.0288644	-0.0360791
21	15624	0.25157	-0.0137378	-0.0333695	-0.0360791
22	16368	0.24986	-0.0137378	-0.0339614	-0.0360791
23	17112	0.249991	-0.0137378	-0.032087	-0.0360791
24	17856	0.258146	-0.0137378	-0.0349808	-0.0360791
25	18600	0.263934	-0.0137378	-0.0343231	-0.0360791
26	19344	0.258771	-0.0137378	-0.0336655	-0.0360791
27	20088	0.249498	-0.0137378	-0.0303442	-0.0360791
28	20832	0.254496	-0.0137378	-0.0339943	-0.0360791
29	21576	0.266893	-0.0137378	-0.033797	-0.0360791
30	22320	0.263506	-0.0137378	-0.0372169	-0.0360791
31	23064	0.260974	-0.0137378	-0.0307717	-0.0360791
32	23808	0.259297	-0.0137378	-0.0367894	-0.0360791
33	24552	0.262553	-0.0137378	-0.0335997	-0.0360791
34	25296	0.254858	-0.0137378	-0.0366908	-0.0360791
35	26040	0.259363	-0.0137378	-0.0330407	-0.0360791
36	26784	0.2542	-0.0137378	-0.027845	-0.0360791
37	27528	0.268899	-0.0137378	-0.0322186	-0.0360791
38	28272	0.249597	-0.0137378	-0.0370854	-0.0360791
39	29016	0.247722	-0.0137378	-0.0333366	-0.0360791
40	29760	0.252227	-0.0137378	-0.0363291	-0.0360791
41	30504	0.239402	-0.0137378	-0.0308375	-0.0360791
42	31248	0.258278	-0.0137378	-0.0329091	-0.0360791
43	31992	0.256798	-0.0137378	-0.0348822	-0.0360791
44	32736	0.260777	-0.0137378	-0.0323501	-0.0360791
45	33480	0.228485	-0.0137378	-0.0345205	-0.0360791
46	34224	0.244631	-0.0137378	-0.0267927	-0.0360791
47	34968	0.250978	-0.0137378	-0.0343889	-0.0360791
48	35712	0.263276	-0.0137378	-0.0305086	-0.0360791
49	36456	0.247097	-0.0137378	-0.0313636	-0.0360791
50	37200	0.270083	-0.0137378	-0.0337641	-0.0360791
51	37944	0.261402	-0.0137378	-0.026727	-0.0360791
52	38688	0.261862	-0.0137378	-0.0312978	-0.0360791
53	39432	0.268275	-0.0137378	-0.0307717	-0.0360791
54	40176	0.256634	-0.0137378	-0.030673	-0.0360791
55	40920	0.277153	-0.0137378	-0.0289631	-0.0360791
56	41664	0.266302	-0.0137378	-0.0303442	-0.0360791
57	42408	0.274851	-0.0137378	-0.0297523	-0.0360791
58	43152	0.267354	-0.0137378	-0.0319555	-0.0360791
59	43896	0.264526	-0.0137378	-0.0364935	-0.0360791
60	44640	0.262388	-0.0137378	-0.034356	-0.0360791
61	45384	0.26321	-0.0137378	-0.0324159	-0.0360791
62	46128	0.272352	-0.0137378	-0.0296865	-0.0360791
63	46872	0.269721	-0.0137378	-0.0290946	-0.0360791
64	47616	0.277975	-0.0137378	-0.0295879	-0.0360791
65	48360	0.272451	-0.0137378	-0.0310348	-0.0360791
66	49104	0.266302	-0.0137378	-0.0303442	-0.0360791
67	49848	0.269689	-0.0137378	-0.0305086	-0.0360791
68	50592	0.280409	-0.0137378	-0.0312321	-0.0360791
69	51336	0.266203	-0.0137378	-0.0338299	-0.0360791
70	52080	0.265381	-0.0137378	-0.0310348	-0.0360791
71	52824	0.2762	-0.0137378	-0.0331393	-0.0360791
72	53568	0.254989	-0.0137378	-0.0294235	-0.0360791
73	54312	0.254661	-0.0137378	-0.0279108	-0.0360791
74	55056	0.266696	-0.0137378	-0.0321199	-0.0360791
75	55800	0.256206	-0.0137378	-0.037184	-0.0360791
76	56544	0.246275	-0.0137378	-0.0314623	-0.0360791
77	57288	0.265907	-0.0137378	-0.0325803	-0.0360791
78	58032	0.265019	-0.0137378	-0.0345862	-0.0360791
79	58776	0.268636	-0.0137378	-0.0341916	-0.0360791
80	59520	0.270116	-0.0137378	-0.0353097	-0.0360791
81	60264	0.268044	-0.0137378	-0.0360331	-0.0360791
82	61008	0.281362	-0.0137378	-0.0289302	-0.0360791
83	61752	0.265315	-0.0137378	-0.0342245	-0.0360791
84	62496	0.245124	-0.0137378	-0.0322843	-0.0360791
85	63240	0.255055	-0.0137378	-0.033797	-0.0360791
86	63984	0.255844	-0.0137378	-0.0265626	-0.0360791
87	64728	0.270609	-0.0137378	-0.0296536	-0.0360791
88	65472	0.255285	-0.0137378	-0.0337312	-0.0360791
89	66216	0.263243	-0.0137378	-0.0357043	-0.0360791
90	66960	0.27176	-0.0137378	-0.0331064	-0.0360791
91	67704	0.26913	-0.0137378	-0.0282396	-0.0360791
92	68448	0.24907	-0.0137378	-0.0321857	-0.0360791
93	69192	0.259363	-0.0137378	-0.0310348	-0.0360791
94	69936	0.255483	-0.0137378	-0.0325145	-0.0360791
95	70680	0.279126	-0.0137378	-0.033238	-0.0360791
96	71424	0.264394	-0.0137378	-0.0371183	-0.0360791
97	72168	0.266696	-0.0137378	-0.0268585	-0.0360791
98	72912	0.271333	-0.0137378	-0.0364606	-0.0360791
99	73656	0.273668	-0.0137378	-0.0310348	-0.0360791
100	74400	0.273733	-0.0137378	-0.032679	-0.0360791
101	75144	0.265414	-0.0137378	-0.0287	-0.0360791
102	75888	0.25272	-0.0137378	-0.031824	-0.0360791
103	76632	0.279587	-0.0137378	-0.0311663	-0.0360791
104	77376	0.271037	-0.0137378	-0.0305415	-0.0360791
105	78120	0.279587	-0.0137378	-0.0328763	-0.0360791
106	78864	0.271037	-0.0137378	-0.0254116	-0.0360791
107	79608	0.258837	-0.0137378	-0.0305086	-0.0360791
108	80352	0.248873	-0.0137378	-0.0313636	-0.0360791
109	81096	0.252161	-0.0137378	-0.0273846	-0.0360791
110	81840	0.261632	-0.0137378	-0.0283054	-0.0360791
111	82584	0.264657	-0.0137378	-0.0389927	-0.0360791
112	83328	0.258607	-0.0137378	-0.0313307	-0.0360791
113	84072	0.283335	-0.0137378	-0.0297852	-0.0360791
114	84816	0.256732	-0.0137378	-0.0329091	-0.0360791
115	85560	0.255285	-0.0137378	-0.0362304	-0.0360791
116	86304	0.260251	-0.0137378	-0.0337641	-0.0360791
117	87048	0.268505	-0.0137378	-0.0385652	-0.0360791
118	87792	0.272845	-0.0137378	-0.0308375	-0.0360791
119	88536	0.275476	-0.0137378	-0.0370525	-0.0360791
120	89280	0.286328	-0.0137378	-0.0321857	-0.0360791
121	90024	0.275871	-0.0137378	-0.0320542	-0.0360791
122	90768	0.264756	-0.0137378	-0.029555	-0.0360791
123	91512	0.279291	-0.0137378	-0.0344547	-0.0360791
124	92256	0.263605	-0.0137378	-0.0348164	-0.0360791
125	93000	0.254957	-0.0137378	-0.0369867	-0.0360791
126	93744	0.265808	-0.0137378	-0.0342245	-0.0360791
127	94488	0.263342	-0.0137378	-0.0317253	-0.0360791
128	95232	0.259889	-0.0137378	-0.0341587	-0.0360791
129	95976	0.271892	-0.0137378	-0.0331393	-0.0360791
130	96720	0.280705	-0.0137378	-0.0270558	-0.0360791
131	97464	0.26446	-0.0137378	-0.031528	-0.0360791
132	98208	0.260711	-0.0137378	-0.0311992	-0.0360791
133	98952	0.258113	-0.0137378	-0.0353425	-0.0360791
134	99696	0.270741	-0.0137378	-0.0316924	-0.0360791
135	100440	0.258377	-0.0137378	-0.0328763	-0.0360791
136	101184	0.271826	-0.0137378	-0.036921	-0.0360791
137	101928	0.268406	-0.0137378	-0.0354412	-0.0360791
138	102672	0.249399	-0.0137378	-0.0309032	-0.0360791
139	103416	0.276463	-0.0137378	-0.0299496	-0.0360791
140	104160	0.276496	-0.0137378	-0.0314623	-0.0360791
141	104904	0.268669	-0.0137378	-0.029555	-0.0360791
142	105648	0.266795	-0.0137378	-0.0311992	-0.0360791
143	106392	0.290175	-0.0137378	-0.0295879	-0.0360791
144	107136	0.25739	-0.0137378	-0.0302784	-0.0360791
145	107880	0.274687	-0.0137378	-0.0309361	-0.0360791
146	108624	0.275706	-0.0137378	-0.0330736	-0.0360791
147	109368	0.285243	-0.0137378	-0.0314623	-0.0360791
148	110112	0.273635	-0.0137378	-0.0296536	-0.0360791
149	110856	0.280935	-0.0137378	-0.0323172	-0.0360791
150	111600	0.287314	-0.0137378	-0.0283054	-0.0360791
151	111042	0.300435	-0.0137378	-0.0289631	-0.0360791
152	110298	0.3006	-0.0137378	-0.0321199	-0.0360791
153	109554	0.294976	-0.0137378	-0.0312321	-0.0360791
154	108810	0.291984	-0.0137378	-0.0329749	-0.0360791
155	108066	0.288893	-0.0137378	-0.0381048	-0.0360791
156	107322	0.296193	-0.0137378	-0.035211	-0.0360791
157	106578	0.303395	-0.0137378	-0.036066	-0.0360791
158	105834	0.302342	-0.0137378	-0.0296536	-0.0360791
159	105090	0.29468	-0.0137378	-0.030673	-0.0360791
160	104346	0.295042	-0.0137378	-0.0229782	-0.0360791
161	103602	0.289024	-0.0137378	-0.0284041	-0.0360791
162	102858	0.293694	-0.0137378	-0.0332051	-0.0360791
163	102114	0.292839	-0.0137378	-0.0338299	-0.0360791
164	101370	0.285539	-0.0137378	-0.0311663	-0.0360791
165	100626	0.292576	-0.0137378	-0.0280423	-0.0360791
166	99882	0.280738	-0.0137378	-0.0324159	-0.0360791
167	99138	0.26959	-0.0137378	-0.0286014	-0.0360791
168	98394	0.271497	-0.0137378	-0.0322186	-0.0360791
169	97650	0.263441	-0.0137378	-0.030969	-0.0360791
170	96906	0.270708	-0.0137378	-0.0353754	-0.0360791
171	96162	0.262027	-0.0137378	-0.0317911	-0.0360791
172	95418	0.276463	-0.0137378	-0.0294892	-0.0360791
173	94674	0.286986	-0.0137378	-0.0341587	-0.0360791
174	93930	0.268242	-0.0137378	-0.0308046	-0.0360791
175	93186	0.289452	-0.0137378	-0.0354083	-0.0360791
176	92442	0.276134	-0.0137378	-0.0356056	-0.0360791
177	91698	0.280705	-0.0137378	-0.0340601	-0.0360791
178	90954	0.265414	-0.0137378	-0.0309361	-0.0360791
179	90210	0.280771	-0.0137378	-0.0327776	-0.0360791
180	89466	0.274687	-0.0137378	-0.0316924	-0.0360791
181	88722	0.282415	-0.0137378	-0.0387296	-0.0360791
182	87978	0.267979	-0.0137378	-0.0358029	-0.0360791
183	87234	0.268899	-0.0137378	-0.0325474	-0.0360791
184	86490	0.265973	-0.0137378	-0.0338628	-0.0360791
185	85746	0.274786	-0.0137378	-0.0322843	-0.0360791
186	85002	0.258837	-0.0137378	-0.0327447	-0.0360791
187	84258	0.298429	-0.0137378	-0.0305415	-0.0360791
188	83514	0.262388	-0.0137378	-0.030673	-0.0360791
189	82770	0.273832	-0.0137378	-0.0356056	-0.0360791
190	82026	0.281954	-0.0137378	-0.0334682	-0.0360791
191	81282	0.273832	-0.0137378	-0.030969	-0.0360791
192	80538	0.272615	-0.0137378	-0.0313965	-0.0360791
193	79794	0.266334	-0.0137378	-0.0305086	-0.0360791
194	79050	0.272122	-0.0137378	-0.0318897	-0.0360791
195	78306	0.267354	-0.0137378	-0.0357372	-0.0360791
196	77562	0.272911	-0.0137378	-0.0307717	-0.0360791
197	76818	0.27712	-0.0137378	-0.0325803	-0.0360791
198	76074	0.269524	-0.0137378	-0.0315938	-0.0360791
199	75330	0.271958	-0.0137378	-0.0261351	-0.0360791
200	74586	0.269426	-0.0137378	-0.0280752	-0.0360791
201	73842	0.269097	-0.0137378	-0.0304429	-0.0360791
202	73098	0.280277	-0.0137378	-0.0293577	-0.0360791
203	72354	0.283894	-0.0137378	-0.0310676	-0.0360791
204	71610	0.270905	-0.0137378	-0.0359345	-0.0360791
205	70866	0.28863	-0.0137378	-0.0296208	-0.0360791
206	70122	0.285144	-0.0137378	-0.0372169	-0.0360791
207	69378	0.268275	-0.0137378	-0.0335997	-0.0360791
208	68634	0.260613	-0.0137378	-0.0299825	-0.0360791
209	67890	0.273503	-0.0137378	-0.0327118	-0.0360791
210	67146	0.274128	-0.0137378	-0.0354083	-0.0360791
211	66402	0.260415	-0.0137378	-0.0339614	-0.0360791
212	65658	0.289912	-0.0137378	-0.0299825	-0.0360791
213	64914	0.279455	-0.0137378	-0.0317253	-0.0360791
214	64170	0.271793	-0.0137378	-0.0313965	-0.0360791
215	63426	0.271267	-0.0137378	-0.0319884	-0.0360791
216	62682	0.274753	-0.0137378	-0.0382692	-0.0360791
217	61938	0.26959	-0.0137378	-0.0290617	-0.0360791
218	61194	0.268801	-0.0137378	-0.030114	-0.0360791
219	60450	0.277679	-0.0137378	-0.0299825	-0.0360791
220	59706	0.276561	-0.0137378	-0.0321857	-0.0360791
221	58962	0.287347	-0.0137378	-0.0286342	-0.0360791
222	58218	0.280343	-0.0137378	-0.032087	-0.0360791
223	57474	0.266334	-0.0137378	-0.0331722	-0.0360791
224	56730	0.273964	-0.0137378	-0.0322515	-0.0360791
225	55986	0.276101	-0.0137378	-0.0316267	-0.0360791
226	55242	0.267255	-0.0137378	-0.0284041	-0.0360791
227	54498	0.287775	-0.0137378	-0.0319884	-0.0360791
228	53754	0.274227	-0.0137378	-0.0305415	-0.0360791
229	53010	0.276857	-0.0137378	-0.0308375	-0.0360791
230	52266	0.276496	-0.0137378	-0.0330736	-0.0360791
231	51522	0.27541	-0.0137378	-0.0310019	-0.0360791
232	50778	0.273832	-0.0137378	-0.0316596	-0.0360791
233	50034	0.260481	-0.0137378	-0.0285027	-0.0360791
234	49290	0.277975	-0.0137378	-0.033238	-0.0360791
235	48546	0.264361	-0.0137378	-0.031528	-0.0360791
236	47802	0.258015	-0.0137378	-0.0304757	-0.0360791
237	47058	0.269524	-0.0137378	-0.0305415	-0.0360791
238	46314	0.254792	-0.0137378	-0.0332709	-0.0360791
239	45570	0.260646	-0.0137378	-0.0312321	-0.0360791
240	44826	0.251635	-0.0137378	-0.0339943	-0.0360791
241	44082	0.259264	-0.0137378	-0.0376115	-0.0360791
242	43338	0.281297	-0.0137378	-0.0347506	-0.0360791
243	42594	0.27153	-0.0137378	-0.0342903	-0.0360791
244	41850	0.272319	-0.0137378	-0.0390584	-0.0360791
245	41106	0.259988	-0.0137378	-0.0347835	-0.0360791
246	40362	0.251339	-0.0137378	-0.0339943	-0.0360791
247	39618	0.269393	-0.0137378	-0.0333695	-0.0360791
248	38874	0.251865	-0.0137378	-0.0338299	-0.0360791
249	38130	0.265644	-0.0137378	-0.0368881	-0.0360791
250	37386	0.265874	-0.0137378	-0.03748	-0.0360791
251	36642	0.2542	-0.0137378	-0.0302127	-0.0360791
252	35898	0.271925	-0.0137378	-0.032087	-0.0360791
253	35154	0.266696	-0.0137378	-0.0277135	-0.0360791
254	34410	0.263737	-0.0137378	-0.0286342	-0.0360791
255	33666	0.26058	-0.0137378	-0.0305744	-0.0360791
256	32922	0.260382	-0.0137378	-0.0344218	-0.0360791
257	32178	0.258837	-0.0137378	-0.0368223	-0.0360791
258	31434	0.247492	-0.0137378	-0.0309361	-0.0360791
259	30690	0.262915	-0.0137378	-0.0313636	-0.0360791
260	29946	0.260054	-0.0137378	-0.0313965	-0.0360791
261	29202	0.261928	-0.0137378	-0.0265626	-0.0360791
262	28458	0.240159	-0.0137378	-0.0298838	-0.0360791
263	27714	0.243908	-0.0137378	-0.0339943	-0.0360791
264	26970	0.239534	-0.0137378	-0.0311334	-0.0360791
265	26226	0.253477	-0.0137378	-0.0287329	-0.0360791
266	25482	0.256436	-0.0137378	-0.0331393	-0.0360791
267	24738	0.248084	-0.0137378	-0.0369867	-0.0360791
268	23994	0.255417	-0.0137378	-0.0306402	-0.0360791
269	23250	0.237923	-0.0137378	-0.0310348	-0.0360791
270	22506	0.24177	-0.0137378	-0.0328105	-0.0360791
271	21762	0.243875	-0.0137378	-0.032679	-0.0360791
272	21018	0.242099	-0.0137378	-0.0273189	-0.0360791
273	20274	0.233319	-0.0137378	-0.0305086	-0.0360791
274	19530	0.22592	-0.0137378	-0.036921	-0.0360791
275	18786	0.246045	-0.0137378	-0.034356	-0.0360791
276	18042	0.239205	-0.0137378	-0.0330736	-0.0360791
277	17298	0.243053	-0.0137378	-0.0331064	-0.0360791
278	16554	0.244302	-0.0137378	-0.0327118	-0.0360791
279	15810	0.226446	-0.0137378	-0.0301798	-0.0360791
280	15066	0.231379	-0.0137378	-0.0364935	-0.0360791
281	14322	0.24542	-0.0137378	-0.0296208	-0.0360791
282	13578	0.247032	-0.0137378	-0.036921	-0.0360791
283	12834	0.230129	-0.0137378	-0.0276806	-0.0360791
284	12090	0.232102	-0.0137378	-0.0347178	-0.0360791
285	11346	0.216943	-0.0137378	-0.0310676	-0.0360791
286	10602	0.226742	-0.0137378	-0.0290946	-0.0360791
287	9858	0.229439	-0.0137378	-0.0307717	-0.0360791
288	9114	0.218982	-0.0137378	-0.0298838	-0.0360791
289	8370	0.247788	-0.0137378	-0.0254774	-0.0360791
290	7626	0.233516	-0.0137378	-0.028141	-0.0360791
291	6882	0.22615	-0.0137378	-0.0332051	-0.0360791
292	6138	0.213621	-0.0137378	-0.0322515	-0.0360791
293	5394	0.233483	-0.0137378	-0.0339614	-0.0360791
294	4650	0.218423	-0.0137378	-0.0326461	-0.0360791
295	3906	0.232004	-0.0137378	-0.0380061	-0.0360791
296	3162	0.235489	-0.0137378	-0.028141	-0.0360791
297	2418	0.229866	-0.0137378	-0.0343231	-0.0360791
298	1674	0.232069	-0.0137378	-0.0328434	-0.0360791
299	930	0.236081	-0.0137378	-0.0334024	-0.0360791
300	186	0.242198	-0.0137378	-0.0362633	-0.0360791
301	372	0.231313	-0.0137378	-0.0308375	-0.0360791
302	1116	0.250616	-0.0137378	-0.0286671	-0.0360791
303	1860	0.246275	-0.0137378	-0.0326132	-0.0360791
304	2604	0.261336	-0.0137378	-0.0333037	-0.0360791
305	3348	0.266302	-0.0137378	-0.033238	-0.0360791
306	4092	0.257554	-0.0137378	-0.0299167	-0.0360791
307	4836	0.25887	-0.0137378	-0.0268256	-0.0360791
308	5580	0.262454	-0.0137378	-0.02699	-0.0360791
309	6324	0.257423	-0.0137378	-0.032087	-0.0360791
310	7068	0.263769	-0.0137378	-0.0288973	-0.0360791
311	7812	0.243612	-0.0137378	-0.0250828	-0.0360791
312	8556	0.274424	-0.0137378	-0.0325474	-0.0360791
313	9300	0.259166	-0.0137378	-0.0324817	-0.0360791
314	10044	0.264986	-0.0137378	-0.0303442	-0.0360791
315	10788	0.25933	-0.0137378	-0.0313307	-0.0360791
316	11532	0.253378	-0.0137378	-0.0280752	-0.0360791
317	12276	0.254332	-0.0137378	-0.0271873	-0.0360791
318	13020	0.255549	-0.0137378	-0.032087	-0.0360791
319	13764	0.256042	-0.0137378	-0.0335339	-0.0360791
320	14508	0.254332	-0.0137378	-0.029555	-0.0360791
321	15252	0.250715	-0.0137378	-0.0361318	-0.0360791
322	15996	0.256963	-0.0137378	-0.0319555	-0.0360791
323	16740	0.261007	-0.0137378	-0.0368552	-0.0360791
324	17484	0.252293	-0.0137378	-0.0334353	-0.0360791
325	18228	0.250747	-0.0137378	-0.0299825	-0.0360791
326	18972	0.257522	-0.0137378	-0.033238	-0.0360791
327	19716	0.244631	-0.0137378	-0.0312321	-0.0360791
328	20460	0.24907	-0.0137378	-0.0300154	-0.0360791
329	21204	0.256502	-0.0137378	-0.032679	-0.0360791
330	21948	0.273207	-0.0137378	-0.0282725	-0.0360791
331	22692	0.244499	-0.0137378	-0.0303442	-0.0360791
332	23436	0.244664	-0.0137378	-0.0320213	-0.0360791
333	24180	0.261599	-0.0137378	-0.0282067	-0.0360791
334	24924	0.252655	-0.0137378	-0.0298838	-0.0360791
335	25668	0.258508	-0.0137378	-0.0331393	-0.0360791
336	26412	0.235522	-0.0137378	-0.0282067	-0.0360791
337	27156	0.243677	-0.0137378	-0.0298181	-0.0360791
338	27900	0.254595	-0.0137378	-0.0296865	-0.0360791
339	28644	0.246012	-0.0137378	-0.0294892	-0.0360791
340	29388	0.244499	-0.0137378	-0.0342245	-0.0360791
341	30132	0.226643	-0.0137378	-0.0334024	-0.0360791
342	30876	0.234404	-0.0137378	-0.0287	-0.0360791
343	31620	0.241902	-0.0137378	-0.0304757	-0.0360791
344	32364	0.229669	-0.0137378	-0.0296865	-0.0360791
345	33108	0.233483	-0.0137378	-0.0340601	-0.0360791
346	33852	0.242198	-0.0137378	-0.0352439	-0.0360791
347	34596	0.212865	-0.0137378	-0.0298181	-0.0360791
348	35340	0.239074	-0.0137378	-0.0289631	-0.0360791
349	36084	0.239107	-0.0137378	-0.0307388	-0.0360791
350	36828	0.222928	-0.0137378	-0.0310676	-0.0360791
351	37572	0.24006	-0.0137378	-0.0317253	-0.0360791
352	38316	0.233056	-0.0137378	-0.0299167	-0.0360791
353	39060	0.2396	-0.0137378	-0.0245566	-0.0360791
354	39804	0.213325	-0.0137378	-0.0280423	-0.0360791
355	40548	0.224539	-0.0137378	-0.0302455	-0.0360791
356	41292	0.239501	-0.0137378	-0.0305086	-0.0360791
357	42036	0.236673	-0.0137378	-0.0256747	-0.0360791
358	42780	0.227564	-0.0137378	-0.0330736	-0.0360791
359	43524	0.234503	-0.0137378	-0.0285685	-0.0360791
360	44268	0.227926	-0.0137378	-0.0278121	-0.0360791
361	45012	0.224342	-0.0137378	-0.0272531	-0.0360791
362	45756	0.219409	-0.0137378	-0.0334353	-0.0360791
363	46500	0.225821	-0.0137378	-0.0284698	-0.0360791
364	47244	0.216844	-0.0137378	-0.0336326	-0.0360791
365	47988	0.224638	-0.0137378	-0.029259	-0.0360791
366	48732	0.21372	-0.0137378	-0.0284041	-0.0360791
367	49476	0.231806	-0.0137378	-0.0268914	-0.0360791
368	50220	0.224309	-0.0137378	-0.0303113	-0.0360791
369	50964	0.240356	-0.0137378	-0.0301798	-0.0360791
370	51708	0.221744	-0.0137378	-0.0366579	-0.0360791
371	52452	0.211287	-0.0137378	-0.0308375	-0.0360791
372	53196	0.223815	-0.0137378	-0.0287329	-0.0360791
373	53940	0.231017	-0.0137378	-0.030114	-0.0360791
374	54684	0.239567	-0.0137378	-0.0315938	-0.0360791
375	55428	0.228912	-0.0137378	-0.0351124	-0.0360791
376	56172	0.230622	-0.0137378	-0.0297852	-0.0360791
377	56916	0.224309	-0.0137378	-0.0290617	-0.0360791
378	57660	0.21885	-0.0137378	-0.0309032	-0.0360791
379	58404	0.228781	-0.0137378	-0.0274504	-0.0360791
380	59148	0.223388	-0.0137378	-0.0303442	-0.0360791
381	59892	0.22352	-0.0137378	-0.0276806	-0.0360791
382	60636	0.236377	-0.0137378	-0.0322843	-0.0360791
383	61380	0.23401	-0.0137378	-0.0303771	-0.0360791
384	62124	0.228945	-0.0137378	-0.032087	-0.0360791
385	62868	0.195239	-0.0137378	-0.0282067	-0.0360791
386	63612	0.202276	-0.0137378	-0.0332051	-0.0360791
387	64356	0.20471	-0.0137378	-0.0321857	-0.0360791
388	65100	0.210136	-0.0137378	-0.0311005	-0.0360791
389	65844	0.216482	-0.0137378	-0.0306402	-0.0360791
390	66588	0.219343	-0.0137378	-0.025017	-0.0360791
391	67332	0.20859	-0.0137378	-0.0277464	-0.0360791
392	68076	0.205828	-0.0137378	-0.0311005	-0.0360791
393	68820	0.216121	-0.0137378	-0.0339943	-0.0360791
394	69564	0.22273	-0.0137378	-0.0378417	-0.0360791
395	70308	0.21668	-0.0137378	-0.0291933	-0.0360791
396	71052	0.240685	-0.0137378	-0.0286342	-0.0360791
397	71796	0.237429	-0.0137378	-0.0280423	-0.0360791
398	72540	0.237166	-0.0137378	-0.0314294	-0.0360791
399	73284	0.239567	-0.0137378	-0.0345862	-0.0360791
400	74028	0.252951	-0.0137378	-0.0339614	-0.0360791
401	74772	0.253707	-0.0137378	-0.0291275	-0.0360791
402	75516	0.255516	-0.0137378	-0.0282725	-0.0360791
403	76260	0.252852	-0.0137378	-0.0285356	-0.0360791
404	77004	0.264427	-0.0137378	-0.0263652	-0.0360791
405	77748	0.255779	-0.0137378	-0.0297852	-0.0360791
406	78492	0.269623	-0.0137378	-0.0296208	-0.0360791
407	79236	0.254694	-0.0137378	-0.0279108	-0.0360791
408	79980	0.256634	-0.0137378	-0.0270887	-0.0360791
409	80724	0.270116	-0.0137378	-0.0297852	-0.0360791
410	81468	0.256963	-0.0137378	-0.028996	-0.0360791
411	82212	0.268603	-0.0137378	-0.0298181	-0.0360791
412	82956	0.257324	-0.0137378	-0.0356714	-0.0360791
413	83700	0.255121	-0.0137378	-0.0334024	-0.0360791
414	84444	0.26469	-0.0137378	-0.0312978	-0.0360791
415	85188	0.255779	-0.0137378	-0.0294235	-0.0360791
416	85932	0.262421	-0.0137378	-0.030114	-0.0360791
417	86676	0.256634	-0.0137378	-0.0311992	-0.0360791
418	87420	0.253575	-0.0137378	-0.0346191	-0.0360791
419	88164	0.261172	-0.0137378	-0.0309032	-0.0360791
420	88908	0.268932	-0.0137378	-0.0293577	-0.0360791
421	89652	0.259297	-0.0137378	-0.0240634	-0.0360791
422	90396	0.256371	-0.0137378	-0.0273189	-0.0360791
423	91140	0.272023	-0.0137378	-0.0348822	-0.0360791
424	91884	0.255088	-0.0137378	-0.0312978	-0.0360791
425	92628	0.249662	-0.0137378	-0.0310348	-0.0360791
426	93372	0.260152	-0.0137378	-0.030114	-0.0360791
427	94116	0.256075	-0.0137378	-0.0293248	-0.0360791
428	94860	0.266959	-0.0137378	-0.0250499	-0.0360791
429	95604	0.257456	-0.0137378	-0.0368881	-0.0360791
430	96348	0.260843	-0.0137378	-0.0335668	-0.0360791
431	97092	0.25864	-0.0137378	-0.0324817	-0.0360791
432	97836	0.240225	-0.0137378	-0.0277793	-0.0360791
433	98580	0.249794	-0.0137378	-0.0316596	-0.0360791
434	99324	0.260678	-0.0137378	-0.0259378	-0.0360791
435	100068	0.258015	-0.0137378	-0.0253458	-0.0360791
436	100812	0.261501	-0.0137378	-0.0260035	-0.0360791
437	101556	0.266828	-0.0137378	-0.0276477	-0.0360791
438	102300	0.264131	-0.0137378	-0.0346849	-0.0360791
439	103044	0.268932	-0.0137378	-0.0235044	-0.0360791
440	103788	0.242329	-0.0137378	-0.0268914	-0.0360791
441	104532	0.248577	-0.0137378	-0.0330407	-0.0360791
442	105276	0.263572	-0.0137378	-0.0298838	-0.0360791
443	106020	0.270248	-0.0137378	-0.0291604	-0.0360791
444	106764	0.251898	-0.0137378	-0.0296865	-0.0360791
445	107508	0.258574	-0.0137378	-0.0312321	-0.0360791
446	108252	0.251668	-0.0137378	-0.025313	-0.0360791
447	108996	0.229241	-0.0137378	-0.0304429	-0.0360791
448	109740	0.229011	-0.0137378	-0.0277135	-0.0360791
449	110484	0.217929	-0.0137378	-0.034356	-0.0360791
450	111228	0.235588	-0.0137378	-0.0334024	-0.0360791
451	111414	0.215167	-0.0137378	-0.0359673	-0.0360791
452	110670	0.237166	-0.0137378	-0.0338299	-0.0360791
453	109926	0.248215	-0.0137378	-0.0356714	-0.0360791
454	109182	0.234667	-0.0137378	-0.0289631	-0.0360791
455	108438	0.225723	-0.0137378	-0.0309361	-0.0360791
456	107694	0.233056	-0.0137378	-0.0359016	-0.0360791
457	106950	0.23493	-0.0137378	-0.035211	-0.0360791
458	106206	0.219409	-0.0137378	-0.0312978	-0.0360791
459	105462	0.238942	-0.0137378	-0.0325145	-0.0360791
460	104718	0.245618	-0.0137378	-0.0353425	-0.0360791
461	103974	0.249169	-0.0137378	-0.0304429	-0.0360791
462	103230	0.243184	-0.0137378	-0.0282396	-0.0360791
463	102486	0.240159	-0.0137378	-0.0332051	-0.0360791
464	101742	0.230491	-0.0137378	-0.0360002	-0.0360791
465	100998	0.234667	-0.0137378	-0.0319555	-0.0360791
466	100254	0.244565	-0.0137378	-0.0354741	-0.0360791
467	99510	0.25956	-0.0137378	-0.032679	-0.0360791
468	98766	0.258541	-0.0137378	-0.0289302	-0.0360791
469	98022	0.244894	-0.0137378	-0.034356	-0.0360791
470	97278	0.252293	-0.0137378	-0.0375458	-0.0360791
471	96534	0.23253	-0.0137378	-0.036625	-0.0360791
472	95790	0.240159	-0.0137378	-0.030114	-0.0360791
473	95046	0.232859	-0.0137378	-0.0353754	-0.0360791
474	94302	0.247952	-0.0137378	-0.0323501	-0.0360791
475	93558	0.251076	-0.0137378	-0.0349151	-0.0360791
476	92814	0.257817	-0.0137378	-0.0297852	-0.0360791
477	92070	0.268209	-0.0137378	-0.0262008	-0.0360791
478	91326	0.245782	-0.0137378	-0.0322186	-0.0360791
479	90582	0.272254	-0.0137378	-0.0346191	-0.0360791
480	89838	0.262783	-0.0137378	-0.0322186	-0.0360791
481	89094	0.263671	-0.0137378	-0.0349479	-0.0360791
482	88350	0.255976	-0.0137378	-0.0373813	-0.0360791
483	87606	0.2713	-0.0137378	-0.0360002	-0.0360791
484	86862	0.243677	-0.0137378	-0.0301798	-0.0360791
485	86118	0.257423	-0.0137378	-0.0262337	-0.0360791
486	85374	0.247755	-0.0137378	-0.0312321	-0.0360791
487	84630	0.246308	-0.0137378	-0.027582	-0.0360791
488	83886	0.249794	-0.0137378	-0.0281739	-0.0360791
489	83142	0.241441	-0.0137378	-0.0287987	-0.0360791
490	82398	0.250879	-0.0137378	-0.0333695	-0.0360791
491	81654	0.251011	-0.0137378	-0.0315609	-0.0360791
492	80910	0.243217	-0.0137378	-0.0299825	-0.0360791
493	80166	0.237101	-0.0137378	-0.0271216	-0.0360791
494	79422	0.22888	-0.0137378	-0.034652	-0.0360791
495	78678	0.247196	-0.0137378	-0.0299496	-0.0360791
496	77934	0.231839	-0.0137378	-0.0334024	-0.0360791
497	77190	0.239929	-0.0137378	-0.0298181	-0.0360791
498	76446	0.238876	-0.0137378	-0.0317582	-0.0360791
499	75702	0.238153	-0.0137378	-0.0320213	-0.0360791
500	74958	0.243447	-0.0137378	-0.0312978	-0.0360791
501	74214	0.225525	-0.0137378	-0.0280752	-0.0360791
502	73470	0.237429	-0.0137378	-0.0326461	-0.0360791
503	72726	0.227367	-0.0137378	-0.0328105	-0.0360791
504	71982	0.22615	-0.0137378	-0.0337641	-0.0360791
505	71238	0.224868	-0.0137378	-0.0284698	-0.0360791
506	70494	0.251504	-0.0137378	-0.0327447	-0.0360791
507	69750	0.233746	-0.0137378	-0.0335997	-0.0360791
508	69006	0.251142	-0.0137378	-0.0316924	-0.0360791
509	68262	0.251668	-0.0137378	-0.0280094	-0.0360791
510	67518	0.238843	-0.0137378	-0.032942	-0.0360791
511	66774	0.242296	-0.0137378	-0.0333695	-0.0360791
512	66030	0.235095	-0.0137378	-0.0327118	-0.0360791
513	65286	0.246867	-0.0137378	-0.0294892	-0.0360791
514	64542	0.246999	-0.0137378	-0.0342903	-0.0360791
515	63798	0.250188	-0.0137378	-0.0344218	-0.0360791
516	63054	0.245354	-0.0137378	-0.032679	-0.0360791
517	62310	0.253575	-0.0137378	-0.0337641	-0.0360791
518	61566	0.243316	-0.0137378	-0.0303113	-0.0360791
519	60822	0.259297	-0.0137378	-0.0312649	-0.0360791
520	60078	0.259166	-0.0137378	-0.0353754	-0.0360791
521	59334	0.259232	-0.0137378	-0.0370525	-0.0360791
522	58590	0.251635	-0.0137378	-0.0318569	-0.0360791
523	57846	0.254726	-0.0137378	-0.0299825	-0.0360791
524	57102	0.250484	-0.0137378	-0.0334024	-0.0360791
525	56358	0.270248	-0.0137378	-0.0315938	-0.0360791
526	55614	0.243118	-0.0137378	-0.0318897	-0.0360791
527	54870	0.260185	-0.0137378	-0.0371183	-0.0360791
528	54126	0.259889	-0.0137378	-0.0330736	-0.0360791
529	53382	0.25203	-0.0137378	-0.0320213	-0.0360791
530	52638	0.252425	-0.0137378	-0.0305415	-0.0360791
531	51894	0.262651	-0.0137378	-0.031528	-0.0360791
532	51150	0.275082	-0.0137378	-0.0328763	-0.0360791
533	50406	0.258409	-0.0137378	-0.0372827	-0.0360791
534	49662	0.255417	-0.0137378	-0.0361975	-0.0360791
535	48918	0.259001	-0.0137378	-0.0362633	-0.0360791
536	48174	0.265381	-0.0137378	-0.0356056	-0.0360791
537	47430	0.263178	-0.0137378	-0.0345533	-0.0360791
538	46686	0.263539	-0.0137378	-0.0332051	-0.0360791
539	45942	0.263572	-0.0137378	-0.0313307	-0.0360791
540	45198	0.240027	-0.0137378	-0.0315609	-0.0360791
541	44454	0.248544	-0.0137378	-0.0322843	-0.0360791
542	43710	0.261303	-0.0137378	-0.0328434	-0.0360791
543	42966	0.238547	-0.0137378	-0.0315938	-0.0360791
544	42222	0.247393	-0.0137378	-0.0313307	-0.0360791
545	41478	0.239666	-0.0137378	-0.0333366	-0.0360791
546	40734	0.256667	-0.0137378	-0.032679	-0.0360791
547	39990	0.260086	-0.0137378	-0.0351781	-0.0360791
548	39246	0.265381	-0.0137378	-0.0352768	-0.0360791
549	38502	0.260974	-0.0137378	-0.0363948	-0.0360791
550	37758	0.26663	-0.0137378	-0.0286014	-0.0360791
551	37014	0.263605	-0.0137378	-0.0373156	-0.0360791
552	36270	0.265282	-0.0137378	-0.0288973	-0.0360791
553	35526	0.262388	-0.0137378	-0.0341587	-0.0360791
554	34782	0.270116	-0.0137378	-0.0333366	-0.0360791
555	34038	0.250616	-0.0137378	-0.0326132	-0.0360791
556	33294	0.242987	-0.0137378	-0.0359345	-0.0360791
557	32550	0.260054	-0.0137378	-0.0323501	-0.0360791
558	31806	0.265611	-0.0137378	-0.0315609	-0.0360791
559	31062	0.258146	-0.0137378	-0.0299496	-0.0360791
560	30318	0.258936	-0.0137378	-0.0381706	-0.0360791
561	29574	0.248182	-0.0137378	-0.0321528	-0.0360791
562	28830	0.24838	-0.0137378	-0.0373813	-0.0360791
563	28086	0.24473	-0.0137378	-0.0322843	-0.0360791
564	27342	0.243381	-0.0137378	-0.0318897	-0.0360791
565	26598	0.25032	-0.0137378	-0.0367566	-0.0360791
566	25854	0.258475	-0.0137378	-0.0368223	-0.0360791
567	25110	0.238646	-0.0137378	-0.0348493	-0.0360791
568	24366	0.259232	-0.0137378	-0.0300811	-0.0360791
569	23622	0.252523	-0.0137378	-0.0303771	-0.0360791
570	22878	0.25351	-0.0137378	-0.0325474	-0.0360791
571	22134	0.253016	-0.0137378	-0.0311992	-0.0360791
572	21390	0.248347	-0.0137378	-0.0314294	-0.0360791
573	20646	0.250419	-0.0137378	-0.0319226	-0.0360791
574	19902	0.266729	-0.0137378	-0.0330736	-0.0360791
575	19158	0.267847	-0.0137378	-0.0371183	-0.0360791
576	18414	0.247262	-0.0137378	-0.0293248	-0.0360791
577	17670	0.245585	-0.0137378	-0.0351452	-0.0360791
578	16926	0.263013	-0.0137378	-0.031824	-0.0360791
579	16182	0.258672	-0.0137378	-0.0339943	-0.0360791
580	15438	0.255351	-0.0137378	-0.0330736	-0.0360791
581	14694	0.277252	-0.0137378	-0.0292919	-0.0360791
582	13950	0.265512	-0.0137378	-0.0369867	-0.0360791
583	13206	0.260119	-0.0137378	-0.0334024	-0.0360791
584	12462	0.260481	-0.0137378	-0.0299496	-0.0360791
585	11718	0.264033	-0.0137378	-0.0294563	-0.0360791
586	10974	0.265907	-0.0137378	-0.0348493	-0.0360791
587	10230	0.258936	-0.0137378	-0.0301798	-0.0360791
588	9486	0.263671	-0.0137378	-0.0336326	-0.0360791
589	8742	0.236772	-0.0137378	-0.0325474	-0.0360791
590	7998	0.258672	-0.0137378	-0.0330736	-0.0360791
591	7254	0.254661	-0.0137378	-0.0323501	-0.0360791
592	6510	0.241836	-0.0137378	-0.0353425	-0.0360791
593	5766	0.245026	-0.0137378	-0.0305415	-0.0360791
594	5022	0.251734	-0.0137378	-0.0338299	-0.0360791
595	4278	0.240356	-0.0137378	-0.0313965	-0.0360791
596	3534	0.235522	-0.0137378	-0.0289631	-0.0360791
597	2790	0.241014	-0.0137378	-0.0281081	-0.0360791
598	2046	0.245059	-0.0137378	-0.0331064	-0.0360791
599	1302	0.265611	-0.0137378	-0.0329749	-0.0360791
600	558	0.265249	-0.0168717	-0.0302784	-0.0366316
