# Filename	2016-10-01\32_delay.txt
# Date	2016-10-01
# Title	DL-Pro & DL-100 Locked delay scan.
# DL-Pro	365888.5 GHz
# DL-100	365872.6 GHz
# Static	4000 mV Pulsed
# MWOn	On
# MWf	15932.0 MHz
# Attn	44 dB
# FixedAttn	6 dB
# B2	B2 = T2 + 2.050 us
# HP214B	HP 214B FIP at 5.5 on 100V setting ; Applied to Top ; Mesh & Vin of MCP @ +25V ; Vout of MCP @ +2025 V
# Oven	32 A
# Boxcar	Gate = 200 ns ; Amp = 25x ; Sensitivity = 5 mV
# Offset	+/- 30 mV IR/Oven offset.
# Bias	Top: 0 V ; Bot: -0.480 V ; IR: +0.065 V ; Oven: -0.065 V ; Vis: -0.015 V ; MW: +0.015 V
# Passes	4
i	step	norm	nbackground	signal	sbackground
0	0	0.274621	-0.0184238	-0.0381048	-0.039236
1	744	0.283303	-0.0184238	-0.0346191	-0.039236
2	1488	0.256798	-0.0184238	-0.0372169	-0.039236
3	2232	0.265348	-0.0184238	-0.0341587	-0.039236
4	2976	0.26058	-0.0184238	-0.0354083	-0.039236
5	3720	0.25614	-0.0184238	-0.0358358	-0.039236
6	4464	0.26594	-0.0184238	-0.0359673	-0.039236
7	5208	0.275378	-0.0184238	-0.0437279	-0.039236
8	5952	0.261599	-0.0184238	-0.0394859	-0.039236
9	6696	0.262487	-0.0184238	-0.0324488	-0.039236
10	7440	0.260744	-0.0184238	-0.0389927	-0.039236
11	8184	0.257127	-0.0184238	-0.0363948	-0.039236
12	8928	0.244236	-0.0184238	-0.0363948	-0.039236
13	9672	0.261928	-0.0184238	-0.0373156	-0.039236
14	10416	0.255581	-0.0184238	-0.0393544	-0.039236
15	11160	0.238449	-0.0184238	-0.0372827	-0.039236
16	11904	0.270149	-0.0184238	-0.0394859	-0.039236
17	12648	0.25614	-0.0184238	-0.035507	-0.039236
18	13392	0.258015	-0.0184238	-0.0406369	-0.039236
19	14136	0.255844	-0.0184238	-0.0369539	-0.039236
20	14880	0.24713	-0.0184238	-0.03919	-0.039236
21	15624	0.254233	-0.0184238	-0.0328763	-0.039236
22	16368	0.256568	-0.0184238	-0.0316267	-0.039236
23	17112	0.261435	-0.0184238	-0.0357372	-0.039236
24	17856	0.236081	-0.0184238	-0.0389269	-0.039236
25	18600	0.249037	-0.0184238	-0.0410315	-0.039236
26	19344	0.261895	-0.0184238	-0.033797	-0.039236
27	20088	0.249235	-0.0184238	-0.036066	-0.039236
28	20832	0.261829	-0.0184238	-0.0365921	-0.039236
29	21576	0.23789	-0.0184238	-0.0384007	-0.039236
30	22320	0.267091	-0.0184238	-0.03748	-0.039236
31	23064	0.256206	-0.0184238	-0.0349479	-0.039236
32	23808	0.263441	-0.0184238	-0.0367237	-0.039236
33	24552	0.242921	-0.0184238	-0.0362633	-0.039236
34	25296	0.253608	-0.0184238	-0.0348164	-0.039236
35	26040	0.265973	-0.0184238	-0.0336984	-0.039236
36	26784	0.258311	-0.0184238	-0.0330407	-0.039236
37	27528	0.252885	-0.0184238	-0.0335997	-0.039236
38	28272	0.238843	-0.0184238	-0.0392557	-0.039236
39	29016	0.242395	-0.0184238	-0.0423139	-0.039236
40	29760	0.248413	-0.0184238	-0.030673	-0.039236
41	30504	0.234273	-0.0184238	-0.0324159	-0.039236
42	31248	0.250978	-0.0184238	-0.037184	-0.039236
43	31992	0.230162	-0.0184238	-0.0367566	-0.039236
44	32736	0.237923	-0.0184238	-0.03041	-0.039236
45	33480	0.242987	-0.0184238	-0.0365264	-0.039236
46	34224	0.241507	-0.0184238	-0.0352439	-0.039236
47	34968	0.242592	-0.0184238	-0.0358029	-0.039236
48	35712	0.243085	-0.0184238	-0.0398148	-0.039236
49	36456	0.236114	-0.0184238	-0.0351124	-0.039236
50	37200	0.235358	-0.0184238	-0.0374142	-0.039236
51	37944	0.230688	-0.0184238	-0.0375787	-0.039236
52	38688	0.247985	-0.0184238	-0.0339943	-0.039236
53	39432	0.245157	-0.0184238	-0.0353097	-0.039236
54	40176	0.229307	-0.0184238	-0.036625	-0.039236
55	40920	0.242461	-0.0184238	-0.0405053	-0.039236
56	41664	0.233582	-0.0184238	-0.0381048	-0.039236
57	42408	0.252096	-0.0184238	-0.037776	-0.039236
58	43152	0.238613	-0.0184238	-0.0351124	-0.039236
59	43896	0.246177	-0.0184238	-0.0349808	-0.039236
60	44640	0.234207	-0.0184238	-0.0417549	-0.039236
61	45384	0.251865	-0.0184238	-0.0364606	-0.039236
62	46128	0.236443	-0.0184238	-0.036625	-0.039236
63	46872	0.241704	-0.0184238	-0.0398148	-0.039236
64	47616	0.230031	-0.0184238	-0.042018	-0.039236
65	48360	0.254134	-0.0184238	-0.0400121	-0.039236
66	49104	0.230557	-0.0184238	-0.0390913	-0.039236
67	49848	0.23059	-0.0184238	-0.0375458	-0.039236
68	50592	0.225821	-0.0184238	-0.0387625	-0.039236
69	51336	0.231905	-0.0184238	-0.040604	-0.039236
70	52080	0.225558	-0.0184238	-0.0378088	-0.039236
71	52824	0.199481	-0.0184238	-0.0392886	-0.039236
72	53568	0.220396	-0.0184238	-0.0409986	-0.039236
73	54312	0.218554	-0.0184238	-0.0371512	-0.039236
74	55056	0.206025	-0.0184238	-0.038894	-0.039236
75	55800	0.206814	-0.0184238	-0.039453	-0.039236
76	56544	0.209051	-0.0184238	-0.038894	-0.039236
77	57288	0.221415	-0.0184238	-0.0327776	-0.039236
78	58032	0.228321	-0.0184238	-0.0376444	-0.039236
79	58776	0.231379	-0.0184238	-0.0316596	-0.039236
80	59520	0.242296	-0.0184238	-0.0335668	-0.039236
81	60264	0.24131	-0.0184238	-0.0360002	-0.039236
82	61008	0.253247	-0.0184238	-0.0342903	-0.039236
83	61752	0.239074	-0.0184238	-0.0370854	-0.039236
84	62496	0.240948	-0.0184238	-0.0384665	-0.039236
85	63240	0.241145	-0.0184238	-0.036625	-0.039236
86	63984	0.243579	-0.0184238	-0.0348822	-0.039236
87	64728	0.241573	-0.0184238	-0.0385323	-0.039236
88	65472	0.244598	-0.0184238	-0.0408342	-0.039236
89	66216	0.230359	-0.0184238	-0.0341587	-0.039236
90	66960	0.246209	-0.0184238	-0.0382692	-0.039236
91	67704	0.242329	-0.0184238	-0.0381706	-0.039236
92	68448	0.237133	-0.0184238	-0.0368223	-0.039236
93	69192	0.245618	-0.0184238	-0.0367237	-0.039236
94	69936	0.241112	-0.0184238	-0.036625	-0.039236
95	70680	0.241704	-0.0184238	-0.0359345	-0.039236
96	71424	0.22079	-0.0184238	-0.0363291	-0.039236
97	72168	0.244434	-0.0184238	-0.0384994	-0.039236
98	72912	0.245354	-0.0184238	-0.038039	-0.039236
99	73656	0.236311	-0.0184238	-0.0339614	-0.039236
100	74400	0.241376	-0.0184238	-0.0416563	-0.039236
101	75144	0.237758	-0.0184238	-0.0361318	-0.039236
102	75888	0.242987	-0.0184238	-0.0328763	-0.039236
103	76632	0.225164	-0.0184238	-0.0359673	-0.039236
104	77376	0.243513	-0.0184238	-0.0338957	-0.039236
105	78120	0.224309	-0.0184238	-0.0403409	-0.039236
106	78864	0.239501	-0.0184238	-0.0423797	-0.039236
107	79608	0.232135	-0.0184238	-0.0369539	-0.039236
108	80352	0.240323	-0.0184238	-0.0377431	-0.039236
109	81096	0.244039	-0.0184238	-0.0341258	-0.039236
110	81840	0.22467	-0.0184238	-0.0408999	-0.039236
111	82584	0.227827	-0.0184238	-0.0342245	-0.039236
112	83328	0.237693	-0.0184238	-0.039453	-0.039236
113	84072	0.232036	-0.0184238	-0.0347178	-0.039236
114	84816	0.23937	-0.0184238	-0.033797	-0.039236
115	85560	0.245322	-0.0184238	-0.0354412	-0.039236
116	86304	0.229537	-0.0184238	-0.0343889	-0.039236
117	87048	0.241606	-0.0184238	-0.0379075	-0.039236
118	87792	0.23858	-0.0184238	-0.0377102	-0.039236
119	88536	0.224506	-0.0184238	-0.0363291	-0.039236
120	89280	0.241408	-0.0184238	-0.0398476	-0.039236
121	90024	0.249958	-0.0184238	-0.0389598	-0.039236
122	90768	0.263276	-0.0184238	-0.0363619	-0.039236
123	91512	0.249629	-0.0184238	-0.0344547	-0.039236
124	92256	0.254102	-0.0184238	-0.0360331	-0.039236
125	93000	0.249794	-0.0184238	-0.0403738	-0.039236
126	93744	0.24371	-0.0184238	-0.034356	-0.039236
127	94488	0.248544	-0.0184238	-0.036921	-0.039236
128	95232	0.250419	-0.0184238	-0.0379733	-0.039236
129	95976	0.254036	-0.0184238	-0.03919	-0.039236
130	96720	0.266137	-0.0184238	-0.0374142	-0.039236
131	97464	0.263112	-0.0184238	-0.0415247	-0.039236
132	98208	0.254365	-0.0184238	-0.0350137	-0.039236
133	98952	0.261007	-0.0184238	-0.0351781	-0.039236
134	99696	0.250353	-0.0184238	-0.0436951	-0.039236
135	100440	0.264098	-0.0184238	-0.0379075	-0.039236
136	101184	0.244204	-0.0184238	-0.037776	-0.039236
137	101928	0.254759	-0.0184238	-0.0297852	-0.039236
138	102672	0.255483	-0.0184238	-0.0341916	-0.039236
139	103416	0.266893	-0.0184238	-0.0308375	-0.039236
140	104160	0.244532	-0.0184238	-0.0372169	-0.039236
141	104904	0.253082	-0.0184238	-0.0355399	-0.039236
142	105648	0.250057	-0.0184238	-0.036921	-0.039236
143	106392	0.233319	-0.0184238	-0.040308	-0.039236
144	107136	0.254957	-0.0184238	-0.0356714	-0.039236
145	107880	0.24838	-0.0184238	-0.034652	-0.039236
146	108624	0.268702	-0.0184238	-0.0368223	-0.039236
147	109368	0.270281	-0.0184238	-0.0350795	-0.039236
148	110112	0.257883	-0.0184238	-0.0360002	-0.039236
149	110856	0.250616	-0.0184238	-0.036066	-0.039236
150	111600	0.233714	-0.0184238	-0.0339943	-0.039236
151	111042	0.240751	-0.0184238	-0.0405711	-0.039236
152	110298	0.241737	-0.0184238	-0.0374142	-0.039236
153	109554	0.23345	-0.0184238	-0.0371512	-0.039236
154	108810	0.261731	-0.0184238	-0.0445829	-0.039236
155	108066	0.249958	-0.0184238	-0.036921	-0.039236
156	107322	0.255549	-0.0184238	-0.0322843	-0.039236
157	106578	0.26035	-0.0184238	-0.0400449	-0.039236
158	105834	0.245979	-0.0184238	-0.0379075	-0.039236
159	105090	0.253806	-0.0184238	-0.0357372	-0.039236
160	104346	0.263671	-0.0184238	-0.0338628	-0.039236
161	103602	0.266071	-0.0184238	-0.0315609	-0.039236
162	102858	0.261829	-0.0184238	-0.0311005	-0.039236
163	102114	0.271333	-0.0184238	-0.0356714	-0.039236
164	101370	0.253214	-0.0184238	-0.0353097	-0.039236
165	100626	0.244598	-0.0184238	-0.0354412	-0.039236
166	99882	0.261731	-0.0184238	-0.0384994	-0.039236
167	99138	0.246308	-0.0184238	-0.0370854	-0.039236
168	98394	0.250945	-0.0184238	-0.0302127	-0.039236
169	97650	0.256634	-0.0184238	-0.0357043	-0.039236
170	96906	0.246078	-0.0184238	-0.0353425	-0.039236
171	96162	0.260086	-0.0184238	-0.032383	-0.039236
172	95418	0.24907	-0.0184238	-0.0380061	-0.039236
173	94674	0.248347	-0.0184238	-0.036921	-0.039236
174	93930	0.247064	-0.0184238	-0.0347178	-0.039236
175	93186	0.2469	-0.0184238	-0.0347178	-0.039236
176	92442	0.248215	-0.0184238	-0.0359345	-0.039236
177	91698	0.257028	-0.0184238	-0.0377431	-0.039236
178	90954	0.258278	-0.0184238	-0.0357372	-0.039236
179	90210	0.243677	-0.0184238	-0.0373485	-0.039236
180	89466	0.240323	-0.0184238	-0.0342574	-0.039236
181	88722	0.249333	-0.0184238	-0.037776	-0.039236
182	87978	0.23812	-0.0184238	-0.0386967	-0.039236
183	87234	0.227137	-0.0184238	-0.0346849	-0.039236
184	86490	0.24029	-0.0184238	-0.0333366	-0.039236
185	85746	0.223026	-0.0184238	-0.038335	-0.039236
186	85002	0.251274	-0.0184238	-0.0319226	-0.039236
187	84258	0.230622	-0.0184238	-0.0340272	-0.039236
188	83514	0.243677	-0.0184238	-0.0370854	-0.039236
189	82770	0.224144	-0.0184238	-0.0357043	-0.039236
190	82026	0.226742	-0.0184238	-0.0396503	-0.039236
191	81282	0.219968	-0.0184238	-0.0341916	-0.039236
192	80538	0.244171	-0.0184238	-0.0372169	-0.039236
193	79794	0.22615	-0.0184238	-0.0351781	-0.039236
194	79050	0.219771	-0.0184238	-0.0302127	-0.039236
195	78306	0.22181	-0.0184238	-0.03748	-0.039236
196	77562	0.225493	-0.0184238	-0.0396175	-0.039236
197	76818	0.229208	-0.0184238	-0.0385652	-0.039236
198	76074	0.215989	-0.0184238	-0.0368223	-0.039236
199	75330	0.191491	-0.0184238	-0.0390913	-0.039236
200	74586	0.217666	-0.0184238	-0.0349151	-0.039236
201	73842	0.222138	-0.0184238	-0.0390584	-0.039236
202	73098	0.207045	-0.0184238	-0.0325803	-0.039236
203	72354	0.203855	-0.0184238	-0.0384007	-0.039236
204	71610	0.182184	-0.0184238	-0.0406697	-0.039236
205	70866	0.196653	-0.0184238	-0.0379404	-0.039236
206	70122	0.201224	-0.0184238	-0.0372169	-0.039236
207	69378	0.214772	-0.0184238	-0.0381048	-0.039236
208	68634	0.211977	-0.0184238	-0.0354083	-0.039236
209	67890	0.213621	-0.0184238	-0.0400778	-0.039236
210	67146	0.22911	-0.0184238	-0.0378746	-0.039236
211	66402	0.200567	-0.0184238	-0.0384007	-0.039236
212	65658	0.242757	-0.0184238	-0.0410972	-0.039236
213	64914	0.225789	-0.0184238	-0.0344547	-0.039236
214	64170	0.226183	-0.0184238	-0.0390584	-0.039236
215	63426	0.229965	-0.0184238	-0.0360002	-0.039236
216	62682	0.227433	-0.0184238	-0.0356056	-0.039236
217	61938	0.216482	-0.0184238	-0.0343231	-0.039236
218	61194	0.210103	-0.0184238	-0.0304757	-0.039236
219	60450	0.226084	-0.0184238	-0.0382363	-0.039236
220	59706	0.220001	-0.0184238	-0.0395188	-0.039236
221	58962	0.21155	-0.0184238	-0.0370196	-0.039236
222	58218	0.226841	-0.0184238	-0.0428401	-0.039236
223	57474	0.229965	-0.0184238	-0.0362304	-0.039236
224	56730	0.233516	-0.0184238	-0.0446158	-0.039236
225	55986	0.22398	-0.0184238	-0.0317253	-0.039236
226	55242	0.236838	-0.0184238	-0.0399134	-0.039236
227	54498	0.237068	-0.0184238	-0.0357372	-0.039236
228	53754	0.224473	-0.0184238	-0.0345533	-0.039236
229	53010	0.22444	-0.0184238	-0.0342574	-0.039236
230	52266	0.220527	-0.0184238	-0.0328434	-0.039236
231	51522	0.248084	-0.0184238	-0.0382034	-0.039236
232	50778	0.229241	-0.0184238	-0.0368881	-0.039236
233	50034	0.223388	-0.0184238	-0.03577	-0.039236
234	49290	0.240685	-0.0184238	-0.0365921	-0.039236
235	48546	0.218982	-0.0184238	-0.0377102	-0.039236
236	47802	0.226939	-0.0184238	-0.043136	-0.039236
237	47058	0.234075	-0.0184238	-0.0350466	-0.039236
238	46314	0.241211	-0.0184238	-0.0334353	-0.039236
239	45570	0.245453	-0.0184238	-0.0355399	-0.039236
240	44826	0.236246	-0.0184238	-0.0384007	-0.039236
241	44082	0.225394	-0.0184238	-0.0374471	-0.039236
242	43338	0.217173	-0.0184238	-0.0366579	-0.039236
243	42594	0.237594	-0.0184238	-0.0375458	-0.039236
244	41850	0.223289	-0.0184238	-0.0379733	-0.039236
245	41106	0.223585	-0.0184238	-0.03919	-0.039236
246	40362	0.228584	-0.0184238	-0.0373813	-0.039236
247	39618	0.238909	-0.0184238	-0.0345862	-0.039236
248	38874	0.225394	-0.0184238	-0.0353425	-0.039236
249	38130	0.221251	-0.0184238	-0.0405053	-0.039236
250	37386	0.219014	-0.0184238	-0.0408013	-0.039236
251	36642	0.220198	-0.0184238	-0.0384336	-0.039236
252	35898	0.225723	-0.0184238	-0.0384994	-0.039236
253	35154	0.229504	-0.0184238	-0.0390584	-0.039236
254	34410	0.227367	-0.0184238	-0.0374471	-0.039236
255	33666	0.227104	-0.0184238	-0.0381048	-0.039236
256	32922	0.224868	-0.0184238	-0.0393544	-0.039236
257	32178	0.227433	-0.0184238	-0.0356056	-0.039236
258	31434	0.221382	-0.0184238	-0.0385981	-0.039236
259	30690	0.219541	-0.0184238	-0.0402751	-0.039236
260	29946	0.22786	-0.0184238	-0.0387296	-0.039236
261	29202	0.241047	-0.0184238	-0.0395846	-0.039236
262	28458	0.227071	-0.0184238	-0.0368223	-0.039236
263	27714	0.237824	-0.0184238	-0.0397819	-0.039236
264	26970	0.237528	-0.0184238	-0.0411959	-0.039236
265	26226	0.244927	-0.0184238	-0.0357043	-0.039236
266	25482	0.233516	-0.0184238	-0.0420509	-0.039236
267	24738	0.234437	-0.0184238	-0.0479371	-0.039236
268	23994	0.238646	-0.0184238	-0.0431689	-0.039236
269	23250	0.254595	-0.0184238	-0.0396175	-0.039236
270	22506	0.23835	-0.0184238	-0.0382692	-0.039236
271	21762	0.25055	-0.0184238	-0.0378088	-0.039236
272	21018	0.261533	-0.0184238	-0.038894	-0.039236
273	20274	0.247821	-0.0184238	-0.0402422	-0.039236
274	19530	0.240356	-0.0184238	-0.0397161	-0.039236
275	18786	0.270445	-0.0184238	-0.0397819	-0.039236
276	18042	0.25226	-0.0184238	-0.0335011	-0.039236
277	17298	0.251734	-0.0184238	-0.0361646	-0.039236
278	16554	0.254726	-0.0184238	-0.0383679	-0.039236
279	15810	0.259462	-0.0184238	-0.0350795	-0.039236
280	15066	0.231017	-0.0184238	-0.0402751	-0.039236
281	14322	0.241343	-0.0184238	-0.0407026	-0.039236
282	13578	0.235917	-0.0184238	-0.0404724	-0.039236
283	12834	0.223125	-0.0184238	-0.0321528	-0.039236
284	12090	0.230557	-0.0184238	-0.0390913	-0.039236
285	11346	0.222566	-0.0184238	-0.0417878	-0.039236
286	10602	0.231477	-0.0184238	-0.0386309	-0.039236
287	9858	0.236081	-0.0184238	-0.0424126	-0.039236
288	9114	0.224473	-0.0184238	-0.0456681	-0.039236
289	8370	0.206288	-0.0184238	-0.0383021	-0.039236
290	7626	0.221645	-0.0184238	-0.0364606	-0.039236
291	6882	0.22809	-0.0184238	-0.0405053	-0.039236
292	6138	0.219212	-0.0184238	-0.0417549	-0.039236
293	5394	0.221908	-0.0184238	-0.0354412	-0.039236
294	4650	0.22056	-0.0184238	-0.0363619	-0.039236
295	3906	0.217337	-0.0184238	-0.036625	-0.039236
296	3162	0.220396	-0.0184238	-0.0380061	-0.039236
297	2418	0.22467	-0.0184238	-0.0347835	-0.039236
298	1674	0.216121	-0.0184238	-0.0360002	-0.039236
299	930	0.238383	-0.0184238	-0.0335668	-0.039236
300	186	0.242494	-0.0184238	-0.0317253	-0.039236
301	372	0.230918	-0.0184238	-0.0373813	-0.039236
302	1116	0.223552	-0.0184238	-0.0384336	-0.039236
303	1860	0.23664	-0.0184238	-0.0396503	-0.039236
304	2604	0.223158	-0.0184238	-0.0365921	-0.039236
305	3348	0.214509	-0.0184238	-0.0342245	-0.039236
306	4092	0.226676	-0.0184238	-0.0415576	-0.039236
307	4836	0.219606	-0.0184238	-0.0380061	-0.039236
308	5580	0.213819	-0.0184238	-0.0379404	-0.039236
309	6324	0.215858	-0.0184238	-0.0417549	-0.039236
310	7068	0.232168	-0.0184238	-0.0348822	-0.039236
311	7812	0.227498	-0.0184238	-0.0329091	-0.039236
312	8556	0.221744	-0.0184238	-0.0409328	-0.039236
313	9300	0.232332	-0.0184238	-0.0358358	-0.039236
314	10044	0.234437	-0.0184238	-0.0357043	-0.039236
315	10788	0.245552	-0.0184238	-0.036625	-0.039236
316	11532	0.232365	-0.0184238	-0.0371512	-0.039236
317	12276	0.233944	-0.0184238	-0.0378746	-0.039236
318	13020	0.240882	-0.0184238	-0.0414261	-0.039236
319	13764	0.244335	-0.0184238	-0.0423139	-0.039236
320	14508	0.250419	-0.0184238	-0.0433662	-0.039236
321	15252	0.222928	-0.0184238	-0.0420837	-0.039236
322	15996	0.24223	-0.0184238	-0.040867	-0.039236
323	16740	0.257226	-0.0184238	-0.034093	-0.039236
324	17484	0.244269	-0.0184238	-0.0345862	-0.039236
325	18228	0.255713	-0.0184238	-0.0357372	-0.039236
326	18972	0.234536	-0.0184238	-0.0372498	-0.039236
327	19716	0.223552	-0.0184238	-0.0428072	-0.039236
328	20460	0.25078	-0.0184238	-0.0395846	-0.039236
329	21204	0.233516	-0.0184238	-0.0420837	-0.039236
330	21948	0.247558	-0.0184238	-0.041163	-0.039236
331	22692	0.241902	-0.0184238	-0.0409328	-0.039236
332	23436	0.241408	-0.0184238	-0.0419851	-0.039236
333	24180	0.252293	-0.0184238	-0.0389598	-0.039236
334	24924	0.239534	-0.0184238	-0.0402751	-0.039236
335	25668	0.236607	-0.0184238	-0.0446487	-0.039236
336	26412	0.228715	-0.0184238	-0.038335	-0.039236
337	27156	0.239107	-0.0184238	-0.0444843	-0.039236
338	27900	0.254628	-0.0184238	-0.0369867	-0.039236
339	28644	0.242822	-0.0184238	-0.0405382	-0.039236
340	29388	0.244335	-0.0184238	-0.0394859	-0.039236
341	30132	0.245124	-0.0184238	-0.0413603	-0.039236
342	30876	0.242888	-0.0184238	-0.0399463	-0.039236
343	31620	0.256206	-0.0184238	-0.0384665	-0.039236
344	32364	0.256371	-0.0184238	-0.0385981	-0.039236
345	33108	0.257324	-0.0184238	-0.0386638	-0.039236
346	33852	0.267551	-0.0184238	-0.0423139	-0.039236
347	34596	0.253773	-0.0184238	-0.0387954	-0.039236
348	35340	0.243612	-0.0184238	-0.0368552	-0.039236
349	36084	0.255351	-0.0184238	-0.0413274	-0.039236
350	36828	0.262158	-0.0184238	-0.033238	-0.039236
351	37572	0.261665	-0.0184238	-0.0332709	-0.039236
352	38316	0.249597	-0.0184238	-0.0385652	-0.039236
353	39060	0.258113	-0.0184238	-0.0413932	-0.039236
354	39804	0.270281	-0.0184238	-0.0403409	-0.039236
355	40548	0.259593	-0.0184238	-0.040867	-0.039236
356	41292	0.265019	-0.0184238	-0.0409328	-0.039236
357	42036	0.267387	-0.0184238	-0.0379733	-0.039236
358	42780	0.26298	-0.0184238	-0.0408342	-0.039236
359	43524	0.26617	-0.0184238	-0.0426757	-0.039236
360	44268	0.268472	-0.0184238	-0.038335	-0.039236
361	45012	0.26423	-0.0184238	-0.0346849	-0.039236
362	45756	0.268439	-0.0184238	-0.0412288	-0.039236
363	46500	0.261829	-0.0184238	-0.0358687	-0.039236
364	47244	0.249794	-0.0184238	-0.0429716	-0.039236
365	47988	0.258672	-0.0184238	-0.0402422	-0.039236
366	48732	0.260382	-0.0184238	-0.036066	-0.039236
367	49476	0.269097	-0.0184238	-0.0338628	-0.039236
368	50220	0.276397	-0.0184238	-0.0368881	-0.039236
369	50964	0.276759	-0.0184238	-0.0402422	-0.039236
370	51708	0.267124	-0.0184238	-0.0362304	-0.039236
371	52452	0.260974	-0.0184238	-0.0445172	-0.039236
372	53196	0.258804	-0.0184238	-0.0426428	-0.039236
373	53940	0.262717	-0.0184238	-0.0365593	-0.039236
374	54684	0.25374	-0.0184238	-0.0423468	-0.039236
375	55428	0.264197	-0.0184238	-0.0349479	-0.039236
376	56172	0.261994	-0.0184238	-0.0371512	-0.039236
377	56916	0.276397	-0.0184238	-0.0391571	-0.039236
378	57660	0.277252	-0.0184238	-0.0370196	-0.039236
379	58404	0.259363	-0.0184238	-0.0390584	-0.039236
380	59148	0.259889	-0.0184238	-0.0360989	-0.039236
381	59892	0.244467	-0.0184238	-0.0384665	-0.039236
382	60636	0.258475	-0.0184238	-0.0437937	-0.039236
383	61380	0.264394	-0.0184238	-0.0392886	-0.039236
384	62124	0.242658	-0.0184238	-0.0423139	-0.039236
385	62868	0.247393	-0.0184238	-0.0427414	-0.039236
386	63612	0.264197	-0.0184238	-0.0440568	-0.039236
387	64356	0.240915	-0.0184238	-0.0392886	-0.039236
388	65100	0.24029	-0.0184238	-0.0412945	-0.039236
389	65844	0.236147	-0.0184238	-0.0396832	-0.039236
390	66588	0.233944	-0.0184238	-0.0460298	-0.039236
391	67332	0.249333	-0.0184238	-0.0396832	-0.039236
392	68076	0.246867	-0.0184238	-0.0439581	-0.039236
393	68820	0.25522	-0.0184238	-0.0379404	-0.039236
394	69564	0.255417	-0.0184238	-0.0363619	-0.039236
395	70308	0.239962	-0.0184238	-0.0389598	-0.039236
396	71052	0.253049	-0.0184238	-0.0426757	-0.039236
397	71796	0.246242	-0.0184238	-0.0384007	-0.039236
398	72540	0.23401	-0.0184238	-0.0382034	-0.039236
399	73284	0.24815	-0.0184238	-0.0365264	-0.039236
400	74028	0.257061	-0.0184238	-0.0393544	-0.039236
401	74772	0.248051	-0.0184238	-0.0400449	-0.039236
402	75516	0.254496	-0.0184238	-0.0381048	-0.039236
403	76260	0.249432	-0.0184238	-0.0359673	-0.039236
404	77004	0.231313	-0.0184238	-0.0314623	-0.039236
405	77748	0.238482	-0.0184238	-0.0367894	-0.039236
406	78492	0.246604	-0.0184238	-0.0379733	-0.039236
407	79236	0.229241	-0.0184238	-0.0378088	-0.039236
408	79980	0.248347	-0.0184238	-0.0339943	-0.039236
409	80724	0.241047	-0.0184238	-0.0363291	-0.039236
410	81468	0.239698	-0.0184238	-0.0358358	-0.039236
411	82212	0.256667	-0.0184238	-0.0353425	-0.039236
412	82956	0.25351	-0.0184238	-0.0330078	-0.039236
413	83700	0.24713	-0.0184238	-0.041163	-0.039236
414	84444	0.247919	-0.0184238	-0.0399134	-0.039236
415	85188	0.252819	-0.0184238	-0.0335997	-0.039236
416	85932	0.254102	-0.0184238	-0.0334682	-0.039236
417	86676	0.261698	-0.0184238	-0.0380061	-0.039236
418	87420	0.249925	-0.0184238	-0.0394201	-0.039236
419	88164	0.251274	-0.0184238	-0.0400778	-0.039236
420	88908	0.254595	-0.0184238	-0.0403409	-0.039236
421	89652	0.256535	-0.0184238	-0.0326132	-0.039236
422	90396	0.266893	-0.0184238	-0.0410972	-0.039236
423	91140	0.259659	-0.0184238	-0.0384007	-0.039236
424	91884	0.274687	-0.0184238	-0.0402751	-0.039236
425	92628	0.246473	-0.0184238	-0.0370196	-0.039236
426	93372	0.25055	-0.0184238	-0.0334682	-0.039236
427	94116	0.261205	-0.0184238	-0.0354412	-0.039236
428	94860	0.256601	-0.0184238	-0.0378088	-0.039236
429	95604	0.259889	-0.0184238	-0.0380061	-0.039236
430	96348	0.263474	-0.0184238	-0.034652	-0.039236
431	97092	0.264953	-0.0184238	-0.0368223	-0.039236
432	97836	0.252129	-0.0184238	-0.0344876	-0.039236
433	98580	0.259232	-0.0184238	-0.0408013	-0.039236
434	99324	0.282744	-0.0184238	-0.0374471	-0.039236
435	100068	0.258179	-0.0184238	-0.0390255	-0.039236
436	100812	0.271103	-0.0184238	-0.0330407	-0.039236
437	101556	0.273109	-0.0184238	-0.0325145	-0.039236
438	102300	0.265479	-0.0184238	-0.0416891	-0.039236
439	103044	0.264657	-0.0184238	-0.0347835	-0.039236
440	103788	0.266565	-0.0184238	-0.0328105	-0.039236
441	104532	0.262816	-0.0184238	-0.0376444	-0.039236
442	105276	0.27643	-0.0184238	-0.0355727	-0.039236
443	106020	0.273766	-0.0184238	-0.0381377	-0.039236
444	106764	0.276857	-0.0184238	-0.0384007	-0.039236
445	107508	0.269623	-0.0184238	-0.0404067	-0.039236
446	108252	0.271727	-0.0184238	-0.0367894	-0.039236
447	108996	0.289156	-0.0184238	-0.0375129	-0.039236
448	109740	0.259527	-0.0184238	-0.0360002	-0.039236
449	110484	0.281593	-0.0184238	-0.0382034	-0.039236
450	111228	0.263178	-0.0184238	-0.0402422	-0.039236
451	111414	0.265874	-0.0184238	-0.0371512	-0.039236
452	110670	0.261007	-0.0184238	-0.0358029	-0.039236
453	109926	0.264888	-0.0184238	-0.0389598	-0.039236
454	109182	0.269458	-0.0184238	-0.0368552	-0.039236
455	108438	0.274917	-0.0184238	-0.0316924	-0.039236
456	107694	0.272648	-0.0184238	-0.0392886	-0.039236
457	106950	0.266959	-0.0184238	-0.0380719	-0.039236
458	106206	0.251668	-0.0184238	-0.038894	-0.039236
459	105462	0.254463	-0.0184238	-0.03748	-0.039236
460	104718	0.26788	-0.0184238	-0.0371183	-0.039236
461	103974	0.286427	-0.0184238	-0.0363619	-0.039236
462	103230	0.269721	-0.0184238	-0.0320542	-0.039236
463	102486	0.278732	-0.0184238	-0.0364935	-0.039236
464	101742	0.261961	-0.0184238	-0.0361318	-0.039236
465	100998	0.278304	-0.0184238	-0.0404395	-0.039236
466	100254	0.267091	-0.0184238	-0.0353754	-0.039236
467	99510	0.271892	-0.0184238	-0.0371183	-0.039236
468	98766	0.266893	-0.0184238	-0.0332051	-0.039236
469	98022	0.271826	-0.0184238	-0.0392886	-0.039236
470	97278	0.280475	-0.0184238	-0.0457339	-0.039236
471	96534	0.292707	-0.0184238	-0.0404395	-0.039236
472	95790	0.277252	-0.0184238	-0.0405711	-0.039236
473	95046	0.287051	-0.0184238	-0.0353097	-0.039236
474	94302	0.271037	-0.0184238	-0.0396175	-0.039236
475	93558	0.288367	-0.0184238	-0.0372827	-0.039236
476	92814	0.288038	-0.0184238	-0.0368552	-0.039236
477	92070	0.275049	-0.0184238	-0.0365264	-0.039236
478	91326	0.260284	-0.0184238	-0.0356714	-0.039236
479	90582	0.302605	-0.0184238	-0.038335	-0.039236
480	89838	0.296686	-0.0184238	-0.034652	-0.039236
481	89094	0.291195	-0.0184238	-0.0356385	-0.039236
482	88350	0.278107	-0.0184238	-0.0401765	-0.039236
483	87606	0.267518	-0.0184238	-0.0391571	-0.039236
484	86862	0.270905	-0.0184238	-0.0337312	-0.039236
485	86118	0.267288	-0.0184238	-0.0394201	-0.039236
486	85374	0.271563	-0.0184238	-0.0357043	-0.039236
487	84630	0.268307	-0.0184238	-0.0338628	-0.039236
488	83886	0.272221	-0.0184238	-0.0370525	-0.039236
489	83142	0.251043	-0.0184238	-0.0350137	-0.039236
490	82398	0.251109	-0.0184238	-0.038894	-0.039236
491	81654	0.240915	-0.0184238	-0.0414261	-0.039236
492	80910	0.25249	-0.0184238	-0.0331393	-0.039236
493	80166	0.249662	-0.0184238	-0.03748	-0.039236
494	79422	0.260218	-0.0184238	-0.0419851	-0.039236
495	78678	0.247755	-0.0184238	-0.0405382	-0.039236
496	77934	0.252457	-0.0184238	-0.0335339	-0.039236
497	77190	0.247985	-0.0184238	-0.0407355	-0.039236
498	76446	0.263638	-0.0184238	-0.0345533	-0.039236
499	75702	0.258771	-0.0184238	-0.0342574	-0.039236
500	74958	0.259988	-0.0184238	-0.0395517	-0.039236
501	74214	0.255318	-0.0184238	-0.037184	-0.039236
502	73470	0.253575	-0.0184238	-0.0368223	-0.039236
503	72726	0.261106	-0.0184238	-0.0361646	-0.039236
504	71982	0.233319	-0.0184238	-0.0396503	-0.039236
505	71238	0.246308	-0.0184238	-0.0422153	-0.039236
506	70494	0.240849	-0.0184238	-0.0373156	-0.039236
507	69750	0.242461	-0.0184238	-0.0390584	-0.039236
508	69006	0.244138	-0.0184238	-0.0376115	-0.039236
509	68262	0.239107	-0.0184238	-0.0367566	-0.039236
510	67518	0.239994	-0.0184238	-0.0385981	-0.039236
511	66774	0.238712	-0.0184238	-0.0418536	-0.039236
512	66030	0.241376	-0.0184238	-0.0349479	-0.039236
513	65286	0.251537	-0.0184238	-0.036066	-0.039236
514	64542	0.252951	-0.0184238	-0.0431689	-0.039236
515	63798	0.24131	-0.0184238	-0.0402751	-0.039236
516	63054	0.270774	-0.0184238	-0.0401107	-0.039236
517	62310	0.23276	-0.0184238	-0.0384336	-0.039236
518	61566	0.239435	-0.0184238	-0.0383679	-0.039236
519	60822	0.259166	-0.0184238	-0.0356056	-0.039236
520	60078	0.248051	-0.0184238	-0.0358687	-0.039236
521	59334	0.260843	-0.0184238	-0.0356714	-0.039236
522	58590	0.249103	-0.0184238	-0.0315938	-0.039236
523	57846	0.257258	-0.0184238	-0.037776	-0.039236
524	57102	0.253608	-0.0184238	-0.0390255	-0.039236
525	56358	0.267091	-0.0184238	-0.0418207	-0.039236
526	55614	0.239205	-0.0184238	-0.0343889	-0.039236
527	54870	0.245683	-0.0184238	-0.0409657	-0.039236
528	54126	0.256667	-0.0184238	-0.035507	-0.039236
529	53382	0.260974	-0.0184238	-0.0342245	-0.039236
530	52638	0.272155	-0.0184238	-0.0428401	-0.039236
531	51894	0.26127	-0.0184238	-0.0420837	-0.039236
532	51150	0.263276	-0.0184238	-0.0391242	-0.039236
533	50406	0.25568	-0.0184238	-0.0400778	-0.039236
534	49662	0.253773	-0.0184238	-0.0395517	-0.039236
535	48918	0.260711	-0.0184238	-0.03748	-0.039236
536	48174	0.26913	-0.0184238	-0.0367894	-0.039236
537	47430	0.264296	-0.0184238	-0.0401436	-0.039236
538	46686	0.275016	-0.0184238	-0.0358687	-0.039236
539	45942	0.258738	-0.0184238	-0.0393215	-0.039236
540	45198	0.267913	-0.0184238	-0.0312321	-0.039236
541	44454	0.273174	-0.0184238	-0.0376115	-0.039236
542	43710	0.247854	-0.0184238	-0.0368552	-0.039236
543	42966	0.255647	-0.0184238	-0.0432018	-0.039236
544	42222	0.249925	-0.0184238	-0.0408999	-0.039236
545	41478	0.258377	-0.0184238	-0.0356385	-0.039236
546	40734	0.271399	-0.0184238	-0.0362304	-0.039236
547	39990	0.256305	-0.0184238	-0.0409657	-0.039236
548	39246	0.262882	-0.0184238	-0.0332051	-0.039236
549	38502	0.25933	-0.0184238	-0.0351452	-0.039236
550	37758	0.261402	-0.0184238	-0.041722	-0.039236
551	37014	0.252655	-0.0184238	-0.0384665	-0.039236
552	36270	0.260054	-0.0184238	-0.0415905	-0.039236
553	35526	0.253247	-0.0184238	-0.0338628	-0.039236
554	34782	0.2762	-0.0184238	-0.0389269	-0.039236
555	34038	0.261796	-0.0184238	-0.0363948	-0.039236
556	33294	0.25249	-0.0184238	-0.0366579	-0.039236
557	32550	0.266795	-0.0184238	-0.0414261	-0.039236
558	31806	0.261237	-0.0184238	-0.0390255	-0.039236
559	31062	0.272845	-0.0184238	-0.0430374	-0.039236
560	30318	0.24371	-0.0184238	-0.0380061	-0.039236
561	29574	0.258607	-0.0184238	-0.0355399	-0.039236
562	28830	0.253345	-0.0184238	-0.0344876	-0.039236
563	28086	0.258212	-0.0184238	-0.0387625	-0.039236
564	27342	0.246867	-0.0184238	-0.0364606	-0.039236
565	26598	0.247196	-0.0184238	-0.0339943	-0.039236
566	25854	0.240422	-0.0184238	-0.0359016	-0.039236
567	25110	0.245815	-0.0184238	-0.0336326	-0.039236
568	24366	0.250682	-0.0184238	-0.0405053	-0.039236
569	23622	0.231609	-0.0184238	-0.0364277	-0.039236
570	22878	0.239337	-0.0184238	-0.0359016	-0.039236
571	22134	0.243677	-0.0184238	-0.0382692	-0.039236
572	21390	0.237068	-0.0184238	-0.0438266	-0.039236
573	20646	0.244171	-0.0184238	-0.0384665	-0.039236
574	19902	0.231346	-0.0184238	-0.0411959	-0.039236
575	19158	0.249531	-0.0184238	-0.0420509	-0.039236
576	18414	0.239139	-0.0184238	-0.040308	-0.039236
577	17670	0.250978	-0.0184238	-0.0370525	-0.039236
578	16926	0.257357	-0.0184238	-0.0404067	-0.039236
579	16182	0.244072	-0.0184238	-0.039749	-0.039236
580	15438	0.251076	-0.0184238	-0.0357043	-0.039236
581	14694	0.248446	-0.0184238	-0.0409657	-0.039236
582	13950	0.237364	-0.0184238	-0.0370854	-0.039236
583	13206	0.244105	-0.0184238	-0.038039	-0.039236
584	12462	0.245124	-0.0184238	-0.0418536	-0.039236
585	11718	0.265184	-0.0184238	-0.0369539	-0.039236
586	10974	0.249728	-0.0184238	-0.0385323	-0.039236
587	10230	0.237298	-0.0184238	-0.0361646	-0.039236
588	9486	0.236443	-0.0184238	-0.0353097	-0.039236
589	8742	0.245091	-0.0184238	-0.0361318	-0.039236
590	7998	0.244993	-0.0184238	-0.036066	-0.039236
591	7254	0.256009	-0.0184238	-0.0370196	-0.039236
592	6510	0.251076	-0.0184238	-0.0364606	-0.039236
593	5766	0.255943	-0.0184238	-0.0406369	-0.039236
594	5022	0.257653	-0.0184238	-0.0401436	-0.039236
595	4278	0.260777	-0.0184238	-0.0420509	-0.039236
596	3534	0.260382	-0.0184238	-0.0415247	-0.039236
597	2790	0.266433	-0.0184238	-0.0384994	-0.039236
598	2046	0.270609	-0.0184238	-0.0324159	-0.039236
599	1302	0.257949	-0.0184238	-0.0376444	-0.039236
600	558	0.266137	-0.0205152	-0.0387954	-0.0395089
