# Filename	2016-10-01\38_delay.txt
# Date	2016-10-01
# Title	DL-Pro & DL-100 Locked delay scan.
# DL-Pro	36588.5 GHz
# DL-100	365872.6 GHz
# Static	-100 mV Pulsed
# MWOn	On
# MWf	15932.0 MHz
# Attn	38 dB
# FixedAttn	6 dB
# B2	B2 = T2 + 2.050 us
# HP214B	HP 214B FIP at 5.5 on 100V setting ; Applied to Top ; Mesh & Vin of MCP @ +25V ; Vout of MCP @ +2025 V
# Oven	32 A
# Boxcar	Gate = 200 ns ; Amp = 25x ; Sensitivity = 5 mV
# Offset	+/- 30 mV IR/Oven offset.
# Bias	Top: 0 V ; Bot: -0.480 V ; IR: +0.065 V ; Oven: -0.065 V ; Vis: -0.015 V ; MW: +0.015 V
# Passes	4
i	step	norm	nbackground	signal	sbackground
0	0	0.240126	-0.0180391	-0.0232742	-0.0398641
1	744	0.236838	-0.0180391	-0.0271216	-0.0398641
2	1488	0.236213	-0.0180391	-0.0259049	-0.0398641
3	2232	0.239468	-0.0180391	-0.0233399	-0.0398641
4	2976	0.229866	-0.0180391	-0.0330407	-0.0398641
5	3720	0.239468	-0.0180391	-0.0259049	-0.0398641
6	4464	0.237462	-0.0180391	-0.0265954	-0.0398641
7	5208	0.240882	-0.0180391	-0.0252801	-0.0398641
8	5952	0.238909	-0.0180391	-0.033238	-0.0398641
9	6696	0.236015	-0.0180391	-0.0299825	-0.0398641
10	7440	0.252063	-0.0180391	-0.0270887	-0.0398641
11	8184	0.237429	-0.0180391	-0.0250499	-0.0398641
12	8928	0.243908	-0.0180391	-0.0266612	-0.0398641
13	9672	0.248478	-0.0180391	-0.0315609	-0.0398641
14	10416	0.239238	-0.0180391	-0.0315938	-0.0398641
15	11160	0.244171	-0.0180391	-0.0302127	-0.0398641
16	11904	0.244335	-0.0180391	-0.0297523	-0.0398641
17	12648	0.246604	-0.0180391	-0.026727	-0.0398641
18	13392	0.266433	-0.0180391	-0.0227151	-0.0398641
19	14136	0.259429	-0.0180391	-0.0315609	-0.0398641
20	14880	0.248248	-0.0180391	-0.0223534	-0.0398641
21	15624	0.254134	-0.0180391	-0.0282725	-0.0398641
22	16368	0.248939	-0.0180391	-0.0257733	-0.0398641
23	17112	0.260415	-0.0180391	-0.0250499	-0.0398641
24	17856	0.255022	-0.0180391	-0.0268585	-0.0398641
25	18600	0.266959	-0.0180391	-0.0215313	-0.0398641
26	19344	0.255713	-0.0180391	-0.0292919	-0.0398641
27	20088	0.250912	-0.0180391	-0.0331064	-0.0398641
28	20832	0.254463	-0.0180391	-0.0217286	-0.0398641
29	21576	0.250057	-0.0180391	-0.027582	-0.0398641
30	22320	0.242329	-0.0180391	-0.026727	-0.0398641
31	23064	0.249629	-0.0180391	-0.028996	-0.0398641
32	23808	0.254496	-0.0180391	-0.0276148	-0.0398641
33	24552	0.244138	-0.0180391	-0.0306402	-0.0398641
34	25296	0.244335	-0.0180391	-0.0247539	-0.0398641
35	26040	0.238021	-0.0180391	-0.0258391	-0.0398641
36	26784	0.234273	-0.0180391	-0.0228796	-0.0398641
37	27528	0.241935	-0.0180391	-0.0255432	-0.0398641
38	28272	0.239797	-0.0180391	-0.0242936	-0.0398641
39	29016	0.247558	-0.0180391	-0.0292261	-0.0398641
40	29760	0.262586	-0.0180391	-0.0265954	-0.0398641
41	30504	0.24177	-0.0180391	-0.0207092	-0.0398641
42	31248	0.243184	-0.0180391	-0.02699	-0.0398641
43	31992	0.23401	-0.0180391	-0.0231755	-0.0398641
44	32736	0.22934	-0.0180391	-0.0230769	-0.0398641
45	33480	0.22033	-0.0180391	-0.0280423	-0.0398641
46	34224	0.216614	-0.0180391	-0.0259378	-0.0398641
47	34968	0.239008	-0.0180391	-0.0256089	-0.0398641
48	35712	0.240488	-0.0180391	-0.0231426	-0.0398641
49	36456	0.240521	-0.0180391	-0.0262008	-0.0398641
50	37200	0.249333	-0.0180391	-0.0270558	-0.0398641
51	37944	0.226019	-0.0180391	-0.0234057	-0.0398641
52	38688	0.244006	-0.0180391	-0.0247868	-0.0398641
53	39432	0.259725	-0.0180391	-0.0254116	-0.0398641
54	40176	0.253049	-0.0180391	-0.0296208	-0.0398641
55	40920	0.233582	-0.0180391	-0.0267927	-0.0398641
56	41664	0.257094	-0.0180391	-0.0228138	-0.0398641
57	42408	0.245387	-0.0180391	-0.0243593	-0.0398641
58	43152	0.231576	-0.0180391	-0.023307	-0.0398641
59	43896	0.243875	-0.0180391	-0.025313	-0.0398641
60	44640	0.239468	-0.0180391	-0.0302784	-0.0398641
61	45384	0.232628	-0.0180391	-0.0303442	-0.0398641
62	46128	0.23618	-0.0180391	-0.0267599	-0.0398641
63	46872	0.245979	-0.0180391	-0.0344547	-0.0398641
64	47616	0.246275	-0.0180391	-0.0350466	-0.0398641
65	48360	0.246341	-0.0180391	-0.0256418	-0.0398641
66	49104	0.244467	-0.0180391	-0.0308375	-0.0398641
67	49848	0.247887	-0.0180391	-0.0270887	-0.0398641
68	50592	0.255055	-0.0180391	-0.0268256	-0.0398641
69	51336	0.245486	-0.0180391	-0.0259378	-0.0398641
70	52080	0.261501	-0.0180391	-0.0259049	-0.0398641
71	52824	0.247689	-0.0180391	-0.0248197	-0.0398641
72	53568	0.25272	-0.0180391	-0.0283054	-0.0398641
73	54312	0.243283	-0.0180391	-0.0258391	-0.0398641
74	55056	0.261106	-0.0180391	-0.0301798	-0.0398641
75	55800	0.254233	-0.0180391	-0.0289631	-0.0398641
76	56544	0.258607	-0.0180391	-0.0277135	-0.0398641
77	57288	0.255384	-0.0180391	-0.0277793	-0.0398641
78	58032	0.249958	-0.0180391	-0.0294563	-0.0398641
79	58776	0.261336	-0.0180391	-0.0254445	-0.0398641
80	59520	0.246834	-0.0180391	-0.0293577	-0.0398641
81	60264	0.263046	-0.0180391	-0.0277793	-0.0398641
82	61008	0.258968	-0.0180391	-0.0298181	-0.0398641
83	61752	0.249531	-0.0180391	-0.0291604	-0.0398641
84	62496	0.252293	-0.0180391	-0.0245895	-0.0398641
85	63240	0.260119	-0.0180391	-0.0229782	-0.0398641
86	63984	0.25762	-0.0180391	-0.0277464	-0.0398641
87	64728	0.267913	-0.0180391	-0.02163	-0.0398641
88	65472	0.259527	-0.0180391	-0.0262008	-0.0398641
89	66216	0.261501	-0.0180391	-0.0219917	-0.0398641
90	66960	0.265775	-0.0180391	-0.0217615	-0.0398641
91	67704	0.265644	-0.0180391	-0.0246224	-0.0398641
92	68448	0.281494	-0.0180391	-0.0235372	-0.0398641
93	69192	0.251833	-0.0180391	-0.0226823	-0.0398641
94	69936	0.254069	-0.0180391	-0.022189	-0.0398641
95	70680	0.27176	-0.0180391	-0.0236359	-0.0398641
96	71424	0.251076	-0.0180391	-0.0269572	-0.0398641
97	72168	0.262323	-0.0180391	-0.0282725	-0.0398641
98	72912	0.239139	-0.0180391	-0.0254445	-0.0398641
99	73656	0.262915	-0.0180391	-0.0266612	-0.0398641
100	74400	0.264	-0.0180391	-0.0242936	-0.0398641
101	75144	0.259133	-0.0180391	-0.0246882	-0.0398641
102	75888	0.264361	-0.0180391	-0.0186704	-0.0398641
103	76632	0.267518	-0.0180391	-0.024458	-0.0398641
104	77376	0.262882	-0.0180391	-0.0223534	-0.0398641
105	78120	0.257324	-0.0180391	-0.0240963	-0.0398641
106	78864	0.253839	-0.0180391	-0.0260693	-0.0398641
107	79608	0.25374	-0.0180391	-0.0322515	-0.0398641
108	80352	0.249498	-0.0180391	-0.0236688	-0.0398641
109	81096	0.269623	-0.0180391	-0.0251157	-0.0398641
110	81840	0.255943	-0.0180391	-0.0293906	-0.0398641
111	82584	0.249037	-0.0180391	-0.0308046	-0.0398641
112	83328	0.250747	-0.0180391	-0.0281081	-0.0398641
113	84072	0.250254	-0.0180391	-0.0280094	-0.0398641
114	84816	0.262224	-0.0180391	-0.027845	-0.0398641
115	85560	0.254726	-0.0180391	-0.0260364	-0.0398641
116	86304	0.242987	-0.0180391	-0.0265954	-0.0398641
117	87048	0.249037	-0.0180391	-0.0282725	-0.0398641
118	87792	0.249761	-0.0180391	-0.0268914	-0.0398641
119	88536	0.238284	-0.0180391	-0.0245895	-0.0398641
120	89280	0.243349	-0.0180391	-0.0277464	-0.0398641
121	90024	0.23983	-0.0180391	-0.0254445	-0.0398641
122	90768	0.242526	-0.0180391	-0.0273518	-0.0398641
123	91512	0.23105	-0.0180391	-0.0237674	-0.0398641
124	92256	0.236114	-0.0180391	-0.0304757	-0.0398641
125	93000	0.242	-0.0180391	-0.0308703	-0.0398641
126	93744	0.242461	-0.0180391	-0.0300482	-0.0398641
127	94488	0.253707	-0.0180391	-0.0211038	-0.0398641
128	95232	0.245815	-0.0180391	-0.0242607	-0.0398641
129	95976	0.255812	-0.0180391	-0.0231755	-0.0398641
130	96720	0.240257	-0.0180391	-0.0254116	-0.0398641
131	97464	0.244499	-0.0180391	-0.0247211	-0.0398641
132	98208	0.243579	-0.0180391	-0.0250828	-0.0398641
133	98952	0.249597	-0.0180391	-0.0246882	-0.0398641
134	99696	0.244138	-0.0180391	-0.0208408	-0.0398641
135	100440	0.240685	-0.0180391	-0.0252472	-0.0398641
136	101184	0.239896	-0.0180391	-0.0259706	-0.0398641
137	101928	0.237758	-0.0180391	-0.0288644	-0.0398641
138	102672	0.226216	-0.0180391	-0.0277135	-0.0398641
139	103416	0.252688	-0.0180391	-0.0259049	-0.0398641
140	104160	0.236607	-0.0180391	-0.0269243	-0.0398641
141	104904	0.232036	-0.0180391	-0.025313	-0.0398641
142	105648	0.248807	-0.0180391	-0.0283712	-0.0398641
143	106392	0.242263	-0.0180391	-0.0235701	-0.0398641
144	107136	0.239008	-0.0180391	-0.0298181	-0.0398641
145	107880	0.235884	-0.0180391	-0.0227809	-0.0398641
146	108624	0.256075	-0.0180391	-0.023307	-0.0398641
147	109368	0.246308	-0.0180391	-0.0213998	-0.0398641
148	110112	0.256568	-0.0180391	-0.0243264	-0.0398641
149	110856	0.247755	-0.0180391	-0.0253787	-0.0398641
150	111600	0.264065	-0.0180391	-0.015382	-0.0398641
151	111042	0.257785	-0.0180391	-0.0209065	-0.0398641
152	110298	0.241737	-0.0180391	-0.024458	-0.0398641
153	109554	0.258015	-0.0180391	-0.0225836	-0.0398641
154	108810	0.246209	-0.0180391	-0.0246553	-0.0398641
155	108066	0.246275	-0.0180391	-0.0263324	-0.0398641
156	107322	0.253312	-0.0180391	-0.0195912	-0.0398641
157	106578	0.238778	-0.0180391	-0.0203146	-0.0398641
158	105834	0.246275	-0.0180391	-0.0252801	-0.0398641
159	105090	0.237101	-0.0180391	-0.0258062	-0.0398641
160	104346	0.230162	-0.0180391	-0.0265297	-0.0398641
161	103602	0.24473	-0.0180391	-0.0231426	-0.0398641
162	102858	0.252392	-0.0180391	-0.0290288	-0.0398641
163	102114	0.256535	-0.0180391	-0.0223534	-0.0398641
164	101370	0.252951	-0.0180391	-0.0237017	-0.0398641
165	100626	0.249465	-0.0180391	-0.0211038	-0.0398641
166	99882	0.25203	-0.0180391	-0.0194268	-0.0398641
167	99138	0.230951	-0.0180391	-0.028141	-0.0398641
168	98394	0.241967	-0.0180391	-0.0251157	-0.0398641
169	97650	0.227992	-0.0180391	-0.030114	-0.0398641
170	96906	0.222467	-0.0180391	-0.0278779	-0.0398641
171	96162	0.238515	-0.0180391	-0.0265297	-0.0398641
172	95418	0.230886	-0.0180391	-0.0296865	-0.0398641
173	94674	0.247064	-0.0180391	-0.0273846	-0.0398641
174	93930	0.238975	-0.0180391	-0.0271873	-0.0398641
175	93186	0.210596	-0.0180391	-0.0285027	-0.0398641
176	92442	0.219343	-0.0180391	-0.025313	-0.0398641
177	91698	0.223289	-0.0180391	-0.0237017	-0.0398641
178	90954	0.238087	-0.0180391	-0.0290288	-0.0398641
179	90210	0.228321	-0.0180391	-0.0292919	-0.0398641
180	89466	0.239107	-0.0180391	-0.0254116	-0.0398641
181	88722	0.234667	-0.0180391	-0.0320213	-0.0398641
182	87978	0.218751	-0.0180391	-0.0301798	-0.0398641
183	87234	0.219409	-0.0180391	-0.0302455	-0.0398641
184	86490	0.219837	-0.0180391	-0.0293906	-0.0398641
185	85746	0.22592	-0.0180391	-0.0263652	-0.0398641
186	85002	0.226282	-0.0180391	-0.0260693	-0.0398641
187	84258	0.206157	-0.0180391	-0.0289302	-0.0398641
188	83514	0.212142	-0.0180391	-0.0286014	-0.0398641
189	82770	0.229702	-0.0180391	-0.0316596	-0.0398641
190	82026	0.212898	-0.0180391	-0.0276806	-0.0398641
191	81282	0.215693	-0.0180391	-0.0252472	-0.0398641
192	80538	0.201224	-0.0180391	-0.027845	-0.0398641
193	79794	0.225394	-0.0180391	-0.0301469	-0.0398641
194	79050	0.208656	-0.0180391	-0.0231755	-0.0398641
195	78306	0.218751	-0.0180391	-0.0333695	-0.0398641
196	77562	0.224769	-0.0180391	-0.0328763	-0.0398641
197	76818	0.205631	-0.0180391	-0.0250499	-0.0398641
198	76074	0.203526	-0.0180391	-0.0319555	-0.0398641
199	75330	0.215397	-0.0180391	-0.0281081	-0.0398641
200	74586	0.187906	-0.0180391	-0.0312321	-0.0398641
201	73842	0.213227	-0.0180391	-0.0270887	-0.0398641
202	73098	0.208557	-0.0180391	-0.0284041	-0.0398641
203	72354	0.220757	-0.0180391	-0.0257076	-0.0398641
204	71610	0.226939	-0.0180391	-0.0245238	-0.0398641
205	70866	0.221941	-0.0180391	-0.0264968	-0.0398641
206	70122	0.206551	-0.0180391	-0.0269572	-0.0398641
207	69378	0.217502	-0.0180391	-0.0241949	-0.0398641
208	68634	0.204809	-0.0180391	-0.0290617	-0.0398641
209	67890	0.212602	-0.0180391	-0.0311005	-0.0398641
210	67146	0.228288	-0.0180391	-0.0250499	-0.0398641
211	66402	0.225197	-0.0180391	-0.0235701	-0.0398641
212	65658	0.217272	-0.0180391	-0.029555	-0.0398641
213	64914	0.208952	-0.0180391	-0.0285685	-0.0398641
214	64170	0.201586	-0.0180391	-0.0298509	-0.0398641
215	63426	0.201981	-0.0180391	-0.0228796	-0.0398641
216	62682	0.175772	-0.0180391	-0.0320542	-0.0398641
217	61938	0.19445	-0.0180391	-0.0268914	-0.0398641
218	61194	0.197311	-0.0180391	-0.0293248	-0.0398641
219	60450	0.207242	-0.0180391	-0.0313965	-0.0398641
220	59706	0.195009	-0.0180391	-0.0298181	-0.0398641
221	58962	0.183335	-0.0180391	-0.0264968	-0.0398641
222	58218	0.183927	-0.0180391	-0.0269243	-0.0398641
223	57474	0.188071	-0.0180391	-0.0277464	-0.0398641
224	56730	0.190011	-0.0180391	-0.0302127	-0.0398641
225	55986	0.204644	-0.0180391	-0.0302455	-0.0398641
226	55242	0.195404	-0.0180391	-0.0319555	-0.0398641
227	54498	0.206913	-0.0180391	-0.0293906	-0.0398641
228	53754	0.22421	-0.0180391	-0.0311005	-0.0398641
229	53010	0.207933	-0.0180391	-0.0274504	-0.0398641
230	52266	0.222237	-0.0180391	-0.0252143	-0.0398641
231	51522	0.232891	-0.0180391	-0.0317253	-0.0398641
232	50778	0.223552	-0.0180391	-0.0322515	-0.0398641
233	50034	0.225756	-0.0180391	-0.0294235	-0.0398641
234	49290	0.235226	-0.0180391	-0.0317253	-0.0398641
235	48546	0.229472	-0.0180391	-0.0218602	-0.0398641
236	47802	0.228978	-0.0180391	-0.0274175	-0.0398641
237	47058	0.231905	-0.0180391	-0.0324159	-0.0398641
238	46314	0.226479	-0.0180391	-0.0270229	-0.0398641
239	45570	0.21885	-0.0180391	-0.0268914	-0.0398641
240	44826	0.240488	-0.0180391	-0.0296208	-0.0398641
241	44082	0.214805	-0.0180391	-0.0308046	-0.0398641
242	43338	0.219277	-0.0180391	-0.0259378	-0.0398641
243	42594	0.221415	-0.0180391	-0.0241949	-0.0398641
244	41850	0.206946	-0.0180391	-0.0233728	-0.0398641
245	41106	0.215397	-0.0180391	-0.0291933	-0.0398641
246	40362	0.212142	-0.0180391	-0.0300482	-0.0398641
247	39618	0.2152	-0.0180391	-0.0266612	-0.0398641
248	38874	0.218423	-0.0180391	-0.0253458	-0.0398641
249	38130	0.208952	-0.0180391	-0.025017	-0.0398641
250	37386	0.21714	-0.0180391	-0.0186704	-0.0398641
251	36642	0.227104	-0.0180391	-0.0247211	-0.0398641
252	35898	0.2225	-0.0180391	-0.0280752	-0.0398641
253	35154	0.2323	-0.0180391	-0.028141	-0.0398641
254	34410	0.228222	-0.0180391	-0.0175524	-0.0398641
255	33666	0.230162	-0.0180391	-0.0239976	-0.0398641
256	32922	0.232497	-0.0180391	-0.021334	-0.0398641
257	32178	0.246177	-0.0180391	-0.0249512	-0.0398641
258	31434	0.226315	-0.0180391	-0.0232084	-0.0398641
259	30690	0.220856	-0.0180391	-0.0255432	-0.0398641
260	29946	0.219606	-0.0180391	-0.0210052	-0.0398641
261	29202	0.239008	-0.0180391	-0.0256747	-0.0398641
262	28458	0.229965	-0.0180391	-0.0265954	-0.0398641
263	27714	0.228321	-0.0180391	-0.0280423	-0.0398641
264	26970	0.228255	-0.0180391	-0.0277793	-0.0398641
265	26226	0.22421	-0.0180391	-0.0257076	-0.0398641
266	25482	0.216548	-0.0180391	-0.0218602	-0.0398641
267	24738	0.220264	-0.0180391	-0.0243593	-0.0398641
268	23994	0.227794	-0.0180391	-0.0306402	-0.0398641
269	23250	0.228649	-0.0180391	-0.026431	-0.0398641
270	22506	0.217798	-0.0180391	-0.034093	-0.0398641
271	21762	0.199218	-0.0180391	-0.0254774	-0.0398641
272	21018	0.228353	-0.0180391	-0.0255432	-0.0398641
273	20274	0.228781	-0.0180391	-0.0325145	-0.0398641
274	19530	0.218784	-0.0180391	-0.0262995	-0.0398641
275	18786	0.217666	-0.0180391	-0.0290617	-0.0398641
276	18042	0.21714	-0.0180391	-0.0336984	-0.0398641
277	17298	0.214148	-0.0180391	-0.0300154	-0.0398641
278	16554	0.232628	-0.0180391	-0.0222876	-0.0398641
279	15810	0.227762	-0.0180391	-0.0277464	-0.0398641
280	15066	0.23493	-0.0180391	-0.0268914	-0.0398641
281	14322	0.233483	-0.0180391	-0.0238332	-0.0398641
282	13578	0.234075	-0.0180391	-0.0288644	-0.0398641
283	12834	0.226348	-0.0180391	-0.034093	-0.0398641
284	12090	0.221481	-0.0180391	-0.0373156	-0.0398641
285	11346	0.226413	-0.0180391	-0.0283712	-0.0398641
286	10602	0.227926	-0.0180391	-0.0271216	-0.0398641
287	9858	0.247755	-0.0180391	-0.0324159	-0.0398641
288	9114	0.228748	-0.0180391	-0.0257405	-0.0398641
289	8370	0.214641	-0.0180391	-0.0286671	-0.0398641
290	7626	0.230721	-0.0180391	-0.0268585	-0.0398641
291	6882	0.226216	-0.0180391	-0.0330078	-0.0398641
292	6138	0.225131	-0.0180391	-0.029555	-0.0398641
293	5394	0.207965	-0.0180391	-0.0383021	-0.0398641
294	4650	0.219409	-0.0180391	-0.0333695	-0.0398641
295	3906	0.2225	-0.0180391	-0.024162	-0.0398641
296	3162	0.211911	-0.0180391	-0.0333037	-0.0398641
297	2418	0.219672	-0.0180391	-0.027845	-0.0398641
298	1674	0.211944	-0.0180391	-0.0284698	-0.0398641
299	930	0.20175	-0.0180391	-0.0335668	-0.0398641
300	186	0.220593	-0.0180391	-0.0272202	-0.0398641
301	372	0.210169	-0.0180391	-0.0342245	-0.0398641
302	1116	0.218061	-0.0180391	-0.0285685	-0.0398641
303	1860	0.212832	-0.0180391	-0.0263981	-0.0398641
304	2604	0.215003	-0.0180391	-0.0305415	-0.0398641
305	3348	0.221711	-0.0180391	-0.0283054	-0.0398641
306	4092	0.207439	-0.0180391	-0.0325145	-0.0398641
307	4836	0.227794	-0.0180391	-0.0297194	-0.0398641
308	5580	0.225986	-0.0180391	-0.0285685	-0.0398641
309	6324	0.216384	-0.0180391	-0.0215313	-0.0398641
310	7068	0.210728	-0.0180391	-0.0253787	-0.0398641
311	7812	0.234733	-0.0180391	-0.0294235	-0.0398641
312	8556	0.230031	-0.0180391	-0.0328434	-0.0398641
313	9300	0.233977	-0.0180391	-0.0295879	-0.0398641
314	10044	0.226972	-0.0180391	-0.0361975	-0.0398641
315	10788	0.220001	-0.0180391	-0.0313307	-0.0398641
316	11532	0.212997	-0.0180391	-0.0309032	-0.0398641
317	12276	0.212865	-0.0180391	-0.0321857	-0.0398641
318	13020	0.215299	-0.0180391	-0.029555	-0.0398641
319	13764	0.219014	-0.0180391	-0.0314623	-0.0398641
320	14508	0.22638	-0.0180391	-0.0270887	-0.0398641
321	15252	0.222829	-0.0180391	-0.0331722	-0.0398641
322	15996	0.228386	-0.0180391	-0.035211	-0.0398641
323	16740	0.21132	-0.0180391	-0.0326132	-0.0398641
324	17484	0.229044	-0.0180391	-0.0315609	-0.0398641
325	18228	0.219277	-0.0180391	-0.0261022	-0.0398641
326	18972	0.235983	-0.0180391	-0.0319226	-0.0398641
327	19716	0.228025	-0.0180391	-0.0263324	-0.0398641
328	20460	0.222862	-0.0180391	-0.0298509	-0.0398641
329	21204	0.225558	-0.0180391	-0.0294563	-0.0398641
330	21948	0.215299	-0.0180391	-0.027582	-0.0398641
331	22692	0.223191	-0.0180391	-0.028996	-0.0398641
332	23436	0.238712	-0.0180391	-0.0246224	-0.0398641
333	24180	0.244894	-0.0180391	-0.0273189	-0.0398641
334	24924	0.224177	-0.0180391	-0.0283712	-0.0398641
335	25668	0.236476	-0.0180391	-0.0284369	-0.0398641
336	26412	0.232464	-0.0180391	-0.0342903	-0.0398641
337	27156	0.231806	-0.0180391	-0.0279437	-0.0398641
338	27900	0.235555	-0.0180391	-0.0287987	-0.0398641
339	28644	0.238482	-0.0180391	-0.0334682	-0.0398641
340	29388	0.241507	-0.0180391	-0.0277464	-0.0398641
341	30132	0.230853	-0.0180391	-0.0309361	-0.0398641
342	30876	0.227597	-0.0180391	-0.0312649	-0.0398641
343	31620	0.247393	-0.0180391	-0.0285356	-0.0398641
344	32364	0.23424	-0.0180391	-0.0291933	-0.0398641
345	33108	0.226052	-0.0180391	-0.0277464	-0.0398641
346	33852	0.241902	-0.0180391	-0.0228138	-0.0398641
347	34596	0.245157	-0.0180391	-0.0266941	-0.0398641
348	35340	0.248446	-0.0180391	-0.0300154	-0.0398641
349	36084	0.248906	-0.0180391	-0.0297523	-0.0398641
350	36828	0.257489	-0.0180391	-0.0255103	-0.0398641
351	37572	0.238482	-0.0180391	-0.0264968	-0.0398641
352	38316	0.244499	-0.0180391	-0.0257405	-0.0398641
353	39060	0.245618	-0.0180391	-0.0268914	-0.0398641
354	39804	0.242855	-0.0180391	-0.0254116	-0.0398641
355	40548	0.244006	-0.0180391	-0.0265626	-0.0398641
356	41292	0.261533	-0.0180391	-0.0268585	-0.0398641
357	42036	0.251537	-0.0180391	-0.0294892	-0.0398641
358	42780	0.238547	-0.0180391	-0.0293248	-0.0398641
359	43524	0.25864	-0.0180391	-0.0293906	-0.0398641
360	44268	0.239304	-0.0180391	-0.0252472	-0.0398641
361	45012	0.259001	-0.0180391	-0.0327447	-0.0398641
362	45756	0.239633	-0.0180391	-0.031824	-0.0398641
363	46500	0.246012	-0.0180391	-0.0329749	-0.0398641
364	47244	0.268834	-0.0180391	-0.0260693	-0.0398641
365	47988	0.253575	-0.0180391	-0.0264968	-0.0398641
366	48732	0.257357	-0.0180391	-0.0302784	-0.0398641
367	49476	0.255812	-0.0180391	-0.0304429	-0.0398641
368	50220	0.25568	-0.0180391	-0.0361975	-0.0398641
369	50964	0.256897	-0.0180391	-0.0313307	-0.0398641
370	51708	0.272188	-0.0180391	-0.0343889	-0.0398641
371	52452	0.262717	-0.0180391	-0.0271545	-0.0398641
372	53196	0.261862	-0.0180391	-0.0227809	-0.0398641
373	53940	0.269919	-0.0180391	-0.0348493	-0.0398641
374	54684	0.267255	-0.0180391	-0.0260364	-0.0398641
375	55428	0.245223	-0.0180391	-0.026727	-0.0398641
376	56172	0.263276	-0.0180391	-0.0352768	-0.0398641
377	56916	0.271958	-0.0180391	-0.0271545	-0.0398641
378	57660	0.272648	-0.0180391	-0.0287658	-0.0398641
379	58404	0.280869	-0.0180391	-0.028141	-0.0398641
380	59148	0.276134	-0.0180391	-0.0293906	-0.0398641
381	59892	0.254891	-0.0180391	-0.0278121	-0.0398641
382	60636	0.280672	-0.0180391	-0.0274833	-0.0398641
383	61380	0.270576	-0.0180391	-0.0333695	-0.0398641
384	62124	0.252655	-0.0180391	-0.0275162	-0.0398641
385	62868	0.27005	-0.0180391	-0.0286671	-0.0398641
386	63612	0.260152	-0.0180391	-0.0263981	-0.0398641
387	64356	0.259232	-0.0180391	-0.0237345	-0.0398641
388	65100	0.271267	-0.0180391	-0.0255432	-0.0398641
389	65844	0.269656	-0.0180391	-0.0242607	-0.0398641
390	66588	0.245059	-0.0180391	-0.0280423	-0.0398641
391	67332	0.242395	-0.0180391	-0.0271873	-0.0398641
392	68076	0.252984	-0.0180391	-0.0286671	-0.0398641
393	68820	0.258705	-0.0180391	-0.0217615	-0.0398641
394	69564	0.256272	-0.0180391	-0.0267599	-0.0398641
395	70308	0.253312	-0.0180391	-0.0245238	-0.0398641
396	71052	0.260909	-0.0180391	-0.0271216	-0.0398641
397	71796	0.257949	-0.0180391	-0.0258062	-0.0398641
398	72540	0.263375	-0.0180391	-0.0245566	-0.0398641
399	73284	0.250813	-0.0180391	-0.0253787	-0.0398641
400	74028	0.254891	-0.0180391	-0.0311992	-0.0398641
401	74772	0.272878	-0.0180391	-0.0226494	-0.0398641
402	75516	0.258278	-0.0180391	-0.0273518	-0.0398641
403	76260	0.255614	-0.0180391	-0.0285027	-0.0398641
404	77004	0.252918	-0.0180391	-0.0261679	-0.0398641
405	77748	0.253937	-0.0180391	-0.032679	-0.0398641
406	78492	0.259232	-0.0180391	-0.0243593	-0.0398641
407	79236	0.261731	-0.0180391	-0.0259049	-0.0398641
408	79980	0.261961	-0.0180391	-0.0366579	-0.0398641
409	80724	0.260317	-0.0180391	-0.027286	-0.0398641
410	81468	0.25614	-0.0180391	-0.037776	-0.0398641
411	82212	0.251898	-0.0180391	-0.032383	-0.0398641
412	82956	0.257423	-0.0180391	-0.0318569	-0.0398641
413	83700	0.257291	-0.0180391	-0.0297194	-0.0398641
414	84444	0.261106	-0.0180391	-0.0267599	-0.0398641
415	85188	0.261764	-0.0180391	-0.0298509	-0.0398641
416	85932	0.265775	-0.0180391	-0.0329749	-0.0398641
417	86676	0.258705	-0.0180391	-0.0365921	-0.0398641
418	87420	0.25785	-0.0180391	-0.0257076	-0.0398641
419	88164	0.247459	-0.0180391	-0.025576	-0.0398641
420	88908	0.255384	-0.0180391	-0.0296208	-0.0398641
421	89652	0.245453	-0.0180391	-0.0261022	-0.0398641
422	90396	0.266334	-0.0180391	-0.0216957	-0.0398641
423	91140	0.259791	-0.0180391	-0.0268585	-0.0398641
424	91884	0.270741	-0.0180391	-0.0240305	-0.0398641
425	92628	0.256009	-0.0180391	-0.0305415	-0.0398641
426	93372	0.268209	-0.0180391	-0.0290617	-0.0398641
427	94116	0.249037	-0.0180391	-0.023899	-0.0398641
428	94860	0.254661	-0.0180391	-0.0305415	-0.0398641
429	95604	0.256272	-0.0180391	-0.0333366	-0.0398641
430	96348	0.250123	-0.0180391	-0.0213011	-0.0398641
431	97092	0.250156	-0.0180391	-0.0341258	-0.0398641
432	97836	0.254595	-0.0180391	-0.0240634	-0.0398641
433	98580	0.253937	-0.0180391	-0.0367894	-0.0398641
434	99324	0.257883	-0.0180391	-0.0305415	-0.0398641
435	100068	0.239666	-0.0180391	-0.0248855	-0.0398641
436	100812	0.245223	-0.0180391	-0.0336984	-0.0398641
437	101556	0.232891	-0.0180391	-0.0285685	-0.0398641
438	102300	0.233319	-0.0180391	-0.026431	-0.0398641
439	103044	0.24986	-0.0180391	-0.0246224	-0.0398641
440	103788	0.237429	-0.0180391	-0.0288973	-0.0398641
441	104532	0.24519	-0.0180391	-0.0241291	-0.0398641
442	105276	0.234634	-0.0180391	-0.0287987	-0.0398641
443	106020	0.263835	-0.0180391	-0.030673	-0.0398641
444	106764	0.247558	-0.0180391	-0.0253458	-0.0398641
445	107508	0.246473	-0.0180391	-0.0311663	-0.0398641
446	108252	0.246144	-0.0180391	-0.0243264	-0.0398641
447	108996	0.259429	-0.0180391	-0.0286671	-0.0398641
448	109740	0.255877	-0.0180391	-0.029555	-0.0398641
449	110484	0.252786	-0.0180391	-0.0254774	-0.0398641
450	111228	0.254858	-0.0180391	-0.0234386	-0.0398641
451	111414	0.249991	-0.0180391	-0.0296208	-0.0398641
452	110670	0.249366	-0.0180391	-0.0314294	-0.0398641
453	109926	0.242724	-0.0180391	-0.0257405	-0.0398641
454	109182	0.252655	-0.0180391	-0.0274504	-0.0398641
455	108438	0.251076	-0.0180391	-0.0278121	-0.0398641
456	107694	0.245979	-0.0180391	-0.0233399	-0.0398641
457	106950	0.272089	-0.0180391	-0.0305415	-0.0398641
458	106206	0.256042	-0.0180391	-0.0315938	-0.0398641
459	105462	0.241836	-0.0180391	-0.0255103	-0.0398641
460	104718	0.255976	-0.0180391	-0.0290288	-0.0398641
461	103974	0.257785	-0.0180391	-0.0335011	-0.0398641
462	103230	0.252753	-0.0180391	-0.0333366	-0.0398641
463	102486	0.239666	-0.0180391	-0.0281739	-0.0398641
464	101742	0.256371	-0.0180391	-0.0274504	-0.0398641
465	100998	0.251306	-0.0180391	-0.0300811	-0.0398641
466	100254	0.252885	-0.0180391	-0.0326461	-0.0398641
467	99510	0.253806	-0.0180391	-0.0251814	-0.0398641
468	98766	0.237561	-0.0180391	-0.0297852	-0.0398641
469	98022	0.249794	-0.0180391	-0.0288315	-0.0398641
470	97278	0.239896	-0.0180391	-0.0300154	-0.0398641
471	96534	0.252161	-0.0180391	-0.0279766	-0.0398641
472	95790	0.266795	-0.0180391	-0.0359345	-0.0398641
473	95046	0.25009	-0.0180391	-0.028141	-0.0398641
474	94302	0.258344	-0.0180391	-0.027845	-0.0398641
475	93558	0.248478	-0.0180391	-0.0383679	-0.0398641
476	92814	0.249037	-0.0180391	-0.0270229	-0.0398641
477	92070	0.242559	-0.0180391	-0.0324159	-0.0398641
478	91326	0.250945	-0.0180391	-0.0338299	-0.0398641
479	90582	0.239337	-0.0180391	-0.0322843	-0.0398641
480	89838	0.243743	-0.0180391	-0.028996	-0.0398641
481	89094	0.247097	-0.0180391	-0.0279437	-0.0398641
482	88350	0.23858	-0.0180391	-0.0309361	-0.0398641
483	87606	0.252096	-0.0180391	-0.0248197	-0.0398641
484	86862	0.23618	-0.0180391	-0.0236359	-0.0398641
485	86118	0.254924	-0.0180391	-0.0290946	-0.0398641
486	85374	0.251109	-0.0180391	-0.0286671	-0.0398641
487	84630	0.254398	-0.0180391	-0.0293577	-0.0398641
488	83886	0.262191	-0.0180391	-0.020775	-0.0398641
489	83142	0.246078	-0.0180391	-0.0228138	-0.0398641
490	82398	0.240488	-0.0180391	-0.0268585	-0.0398641
491	81654	0.238416	-0.0180391	-0.0252143	-0.0398641
492	80910	0.251076	-0.0180391	-0.0309361	-0.0398641
493	80166	0.242888	-0.0180391	-0.0263652	-0.0398641
494	79422	0.257324	-0.0180391	-0.0265297	-0.0398641
495	78678	0.24838	-0.0180391	-0.0257076	-0.0398641
496	77934	0.239633	-0.0180391	-0.0321857	-0.0398641
497	77190	0.241902	-0.0180391	-0.0318569	-0.0398641
498	76446	0.232595	-0.0180391	-0.0300154	-0.0398641
499	75702	0.238317	-0.0180391	-0.0274504	-0.0398641
500	74958	0.234897	-0.0180391	-0.0325145	-0.0398641
501	74214	0.246834	-0.0180391	-0.0289631	-0.0398641
502	73470	0.234569	-0.0180391	-0.0267599	-0.0398641
503	72726	0.243973	-0.0180391	-0.025576	-0.0398641
504	71982	0.242198	-0.0180391	-0.0274504	-0.0398641
505	71238	0.234667	-0.0180391	-0.0303771	-0.0398641
506	70494	0.239633	-0.0180391	-0.0327447	-0.0398641
507	69750	0.231181	-0.0180391	-0.0291275	-0.0398641
508	69006	0.229537	-0.0180391	-0.0245238	-0.0398641
509	68262	0.240882	-0.0180391	-0.0315938	-0.0398641
510	67518	0.242132	-0.0180391	-0.027845	-0.0398641
511	66774	0.24325	-0.0180391	-0.0280423	-0.0398641
512	66030	0.233418	-0.0180391	-0.028141	-0.0398641
513	65286	0.245091	-0.0180391	-0.0333037	-0.0398641
514	64542	0.230886	-0.0180391	-0.0305086	-0.0398641
515	63798	0.225887	-0.0180391	-0.0287329	-0.0398641
516	63054	0.230754	-0.0180391	-0.0270887	-0.0398641
517	62310	0.215496	-0.0180391	-0.0308046	-0.0398641
518	61566	0.246966	-0.0180391	-0.0295221	-0.0398641
519	60822	0.24325	-0.0180391	-0.0277464	-0.0398641
520	60078	0.260185	-0.0180391	-0.0255432	-0.0398641
521	59334	0.242987	-0.0180391	-0.0243593	-0.0398641
522	58590	0.256732	-0.0180391	-0.026431	-0.0398641
523	57846	0.242362	-0.0180391	-0.0287987	-0.0398641
524	57102	0.240751	-0.0180391	-0.0297852	-0.0398641
525	56358	0.241408	-0.0180391	-0.0303442	-0.0398641
526	55614	0.254726	-0.0180391	-0.029555	-0.0398641
527	54870	0.252457	-0.0180391	-0.0326461	-0.0398641
528	54126	0.233385	-0.0180391	-0.0262337	-0.0398641
529	53382	0.252885	-0.0180391	-0.0271216	-0.0398641
530	52638	0.240816	-0.0180391	-0.0294563	-0.0398641
531	51894	0.238646	-0.0180391	-0.027582	-0.0398641
532	51150	0.234141	-0.0180391	-0.0293577	-0.0398641
533	50406	0.252819	-0.0180391	-0.0268914	-0.0398641
534	49662	0.250846	-0.0180391	-0.032087	-0.0398641
535	48918	0.23618	-0.0180391	-0.0274175	-0.0398641
536	48174	0.245091	-0.0180391	-0.0283712	-0.0398641
537	47430	0.226183	-0.0180391	-0.0279108	-0.0398641
538	46686	0.259856	-0.0180391	-0.0278121	-0.0398641
539	45942	0.240652	-0.0180391	-0.0242607	-0.0398641
540	45198	0.245683	-0.0180391	-0.0263324	-0.0398641
541	44454	0.250221	-0.0180391	-0.0318897	-0.0398641
542	43710	0.23618	-0.0180391	-0.0320542	-0.0398641
543	42966	0.238186	-0.0180391	-0.0274833	-0.0398641
544	42222	0.242428	-0.0180391	-0.0223863	-0.0398641
545	41478	0.237988	-0.0180391	-0.0326461	-0.0398641
546	40734	0.254167	-0.0180391	-0.0293248	-0.0398641
547	39990	0.226742	-0.0180391	-0.0335668	-0.0398641
548	39246	0.233483	-0.0180391	-0.0239647	-0.0398641
549	38502	0.244072	-0.0180391	-0.0295879	-0.0398641
550	37758	0.235456	-0.0180391	-0.027286	-0.0398641
551	37014	0.23299	-0.0180391	-0.0307388	-0.0398641
552	36270	0.235719	-0.0180391	-0.0299496	-0.0398641
553	35526	0.239468	-0.0180391	-0.0265626	-0.0398641
554	34782	0.230228	-0.0180391	-0.0327118	-0.0398641
555	34038	0.238087	-0.0180391	-0.0260364	-0.0398641
556	33294	0.230886	-0.0180391	-0.0316924	-0.0398641
557	32550	0.237561	-0.0180391	-0.0319884	-0.0398641
558	31806	0.250254	-0.0180391	-0.0299167	-0.0398641
559	31062	0.240225	-0.0180391	-0.0243922	-0.0398641
560	30318	0.251898	-0.0180391	-0.0256747	-0.0398641
561	29574	0.233352	-0.0180391	-0.0319555	-0.0398641
562	28830	0.23128	-0.0180391	-0.0256418	-0.0398641
563	28086	0.233155	-0.0180391	-0.0285685	-0.0398641
564	27342	0.249629	-0.0180391	-0.0231426	-0.0398641
565	26598	0.235687	-0.0180391	-0.0263324	-0.0398641
566	25854	0.25762	-0.0180391	-0.0281739	-0.0398641
567	25110	0.238153	-0.0180391	-0.0280752	-0.0398641
568	24366	0.233549	-0.0180391	-0.0289631	-0.0398641
569	23622	0.254266	-0.0180391	-0.0235044	-0.0398641
570	22878	0.229998	-0.0180391	-0.0287987	-0.0398641
571	22134	0.237166	-0.0180391	-0.0285027	-0.0398641
572	21390	0.248347	-0.0180391	-0.0275491	-0.0398641
573	20646	0.231445	-0.0180391	-0.0256418	-0.0398641
574	19902	0.234273	-0.0180391	-0.0241949	-0.0398641
575	19158	0.232694	-0.0180391	-0.0299167	-0.0398641
576	18414	0.233812	-0.0180391	-0.030673	-0.0398641
577	17670	0.239863	-0.0180391	-0.0288973	-0.0398641
578	16926	0.229702	-0.0180391	-0.0271545	-0.0398641
579	16182	0.23641	-0.0180391	-0.0297523	-0.0398641
580	15438	0.250353	-0.0180391	-0.0282725	-0.0398641
581	14694	0.240685	-0.0180391	-0.0243593	-0.0398641
582	13950	0.229176	-0.0180391	-0.0302455	-0.0398641
583	13206	0.225558	-0.0180391	-0.030114	-0.0398641
584	12462	0.226676	-0.0180391	-0.0323172	-0.0398641
585	11718	0.232595	-0.0180391	-0.0300154	-0.0398641
586	10974	0.227235	-0.0180391	-0.0315609	-0.0398641
587	10230	0.238745	-0.0180391	-0.0271873	-0.0398641
588	9486	0.226972	-0.0180391	-0.0308375	-0.0398641
589	8742	0.233418	-0.0180391	-0.0338957	-0.0398641
590	7998	0.226907	-0.0180391	-0.0291933	-0.0398641
591	7254	0.226183	-0.0180391	-0.0250499	-0.0398641
592	6510	0.226183	-0.0180391	-0.022189	-0.0398641
593	5766	0.231247	-0.0180391	-0.0226823	-0.0398641
594	5022	0.223618	-0.0180391	-0.0290617	-0.0398641
595	4278	0.207571	-0.0180391	-0.0312649	-0.0398641
596	3534	0.227663	-0.0180391	-0.0305086	-0.0398641
597	2790	0.228025	-0.0180391	-0.0284369	-0.0398641
598	2046	0.218159	-0.0180391	-0.0260364	-0.0398641
599	1302	0.217863	-0.0180391	-0.0262008	-0.0398641
600	558	0.215529	-0.0199332	-0.0262337	-0.0381081
