# 2016-09-22-Thursday
# DL-Pro & DL-100 Locked delay scan.
# DL-Pro @ 365872.6 GHz & DL-100 @ 365856.7 GHz
# B2 = T2 + 2.050 us
# HP 214B FIP at 5.5 on 100V setting ; Applied to Top ; Mesh & Vin of MCP @ +25V ; Vout of MCP @ +2025 V
# Oven @ 32 A
# MW On ; f = 15932.0 MHz; Attn = 38 dB (32+6)
# Static -1500 mV Pulsed
# Gate = 200 ns ; Amp = 25x ; Sensitivity = 5 mV
# +/- 30 mV IR/Oven offset.
# Top: 0 V ; Bot: -0.409 V ; IR: +0.052 V ; Oven: -0.052 V ; Vis: -0.011 V ; MW: +0.011 V
# i, step, norm, norm bkgnd, signal, signal bkgnd
# 4 passes
0	0	0.250221	-0.0215774	-0.0299496	-0.0418141	
1	744	0.257094	-0.0215774	-0.0292261	-0.0418141	
2	1488	0.259725	-0.0215774	-0.0277135	-0.0418141	
3	2232	0.255121	-0.0215774	-0.0334682	-0.0418141	
4	2976	0.246999	-0.0215774	-0.0252801	-0.0418141	
5	3720	0.265216	-0.0215774	-0.0266941	-0.0418141	
6	4464	0.257653	-0.0215774	-0.029259	-0.0418141	
7	5208	0.268538	-0.0215774	-0.0255103	-0.0418141	
8	5952	0.272122	-0.0215774	-0.0335668	-0.0418141	
9	6696	0.27153	-0.0215774	-0.0325474	-0.0418141	
10	7440	0.259199	-0.0215774	-0.0278779	-0.0418141	
11	8184	0.2737	-0.0215774	-0.0298509	-0.0418141	
12	8928	0.272813	-0.0215774	-0.0248526	-0.0418141	
13	9672	0.273602	-0.0215774	-0.0349808	-0.0418141	
14	10416	0.26127	-0.0215774	-0.0336655	-0.0418141	
15	11160	0.266598	-0.0215774	-0.0335011	-0.0418141	
16	11904	0.263802	-0.0215774	-0.0335011	-0.0418141	
17	12648	0.264	-0.0215774	-0.0333695	-0.0418141	
18	13392	0.271596	-0.0215774	-0.0402094	-0.0418141	
19	14136	0.256305	-0.0215774	-0.034093	-0.0418141	
20	14880	0.279948	-0.0215774	-0.0320213	-0.0418141	
21	15624	0.27883	-0.0215774	-0.0289302	-0.0418141	
22	16368	0.282415	-0.0215774	-0.0321528	-0.0418141	
23	17112	0.269228	-0.0215774	-0.0309032	-0.0418141	
24	17856	0.278173	-0.0215774	-0.0291604	-0.0418141	
25	18600	0.274259	-0.0215774	-0.0299496	-0.0418141	
26	19344	0.280606	-0.0215774	-0.0348164	-0.0418141	
27	20088	0.277548	-0.0215774	-0.0336984	-0.0418141	
28	20832	0.280869	-0.0215774	-0.0359673	-0.0418141	
29	21576	0.285769	-0.0215774	-0.0288973	-0.0418141	
30	22320	0.275345	-0.0215774	-0.0309032	-0.0418141	
31	23064	0.265743	-0.0215774	-0.0358358	-0.0418141	
32	23808	0.278206	-0.0215774	-0.0340601	-0.0418141	
33	24552	0.281658	-0.0215774	-0.0345205	-0.0418141	
34	25296	0.275575	-0.0215774	-0.0357372	-0.0418141	
35	26040	0.276528	-0.0215774	-0.0295221	-0.0418141	
36	26784	0.278238	-0.0215774	-0.0282067	-0.0418141	
37	27528	0.263276	-0.0215774	-0.0298838	-0.0418141	
38	28272	0.273174	-0.0215774	-0.0302127	-0.0418141	
39	29016	0.277252	-0.0215774	-0.0343231	-0.0418141	
40	29760	0.264	-0.0215774	-0.0346849	-0.0418141	
41	30504	0.273043	-0.0215774	-0.0342903	-0.0418141	
42	31248	0.281757	-0.0215774	-0.0313307	-0.0418141	
43	31992	0.282744	-0.0215774	-0.0228796	-0.0418141	
44	32736	0.28156	-0.0215774	-0.0294235	-0.0418141	
45	33480	0.28248	-0.0215774	-0.0300482	-0.0418141	
46	34224	0.279488	-0.0215774	-0.0313965	-0.0418141	
47	34968	0.269426	-0.0215774	-0.0298509	-0.0418141	
48	35712	0.274391	-0.0215774	-0.030673	-0.0418141	
49	36456	0.264361	-0.0215774	-0.0261679	-0.0418141	
50	37200	0.272517	-0.0215774	-0.0290617	-0.0418141	
51	37944	0.270412	-0.0215774	-0.0328763	-0.0418141	
52	38688	0.267781	-0.0215774	-0.0255103	-0.0418141	
53	39432	0.268801	-0.0215774	-0.0328763	-0.0418141	
54	40176	0.262619	-0.0215774	-0.0349808	-0.0418141	
55	40920	0.272155	-0.0215774	-0.0298838	-0.0418141	
56	41664	0.26982	-0.0215774	-0.0330078	-0.0418141	
57	42408	0.269064	-0.0215774	-0.0336326	-0.0418141	
58	43152	0.260547	-0.0215774	-0.0331393	-0.0418141	
59	43896	0.264	-0.0215774	-0.0345533	-0.0418141	
60	44640	0.264361	-0.0215774	-0.0303771	-0.0418141	
61	45384	0.250978	-0.0215774	-0.0328105	-0.0418141	
62	46128	0.262619	-0.0215774	-0.0274175	-0.0418141	
63	46872	0.254069	-0.0215774	-0.0260693	-0.0418141	
64	47616	0.268603	-0.0215774	-0.0319884	-0.0418141	
65	48360	0.255746	-0.0215774	-0.0327447	-0.0418141	
66	49104	0.249136	-0.0215774	-0.0246553	-0.0418141	
67	49848	0.261468	-0.0215774	-0.0303113	-0.0418141	
68	50592	0.278271	-0.0215774	-0.0287658	-0.0418141	
69	51336	0.268735	-0.0215774	-0.0323501	-0.0418141	
70	52080	0.259363	-0.0215774	-0.0297852	-0.0418141	
71	52824	0.265677	-0.0215774	-0.0347178	-0.0418141	
72	53568	0.259462	-0.0215774	-0.0324488	-0.0418141	
73	54312	0.28054	-0.0215774	-0.031824	-0.0418141	
74	55056	0.266466	-0.0215774	-0.0364606	-0.0418141	
75	55800	0.277877	-0.0215774	-0.033238	-0.0418141	
76	56544	0.256403	-0.0215774	-0.0322515	-0.0418141	
77	57288	0.278238	-0.0215774	-0.0348164	-0.0418141	
78	58032	0.269261	-0.0215774	-0.0344547	-0.0418141	
79	58776	0.265019	-0.0215774	-0.0317582	-0.0418141	
80	59520	0.268834	-0.0215774	-0.0330736	-0.0418141	
81	60264	0.260481	-0.0215774	-0.0348493	-0.0418141	
82	61008	0.277186	-0.0215774	-0.0312321	-0.0418141	
83	61752	0.274523	-0.0215774	-0.0278779	-0.0418141	
84	62496	0.259692	-0.0215774	-0.0321199	-0.0418141	
85	63240	0.265085	-0.0215774	-0.0239318	-0.0418141	
86	63984	0.250715	-0.0215774	-0.0325145	-0.0418141	
87	64728	0.26127	-0.0215774	-0.0329091	-0.0418141	
88	65472	0.26058	-0.0215774	-0.0299496	-0.0418141	
89	66216	0.262027	-0.0215774	-0.0348822	-0.0418141	
90	66960	0.273931	-0.0215774	-0.0237017	-0.0418141	
91	67704	0.276233	-0.0215774	-0.0347178	-0.0418141	
92	68448	0.259034	-0.0215774	-0.0296865	-0.0418141	
93	69192	0.26321	-0.0215774	-0.0298838	-0.0418141	
94	69936	0.261237	-0.0215774	-0.0271216	-0.0418141	
95	70680	0.27814	-0.0215774	-0.0339943	-0.0418141	
96	71424	0.249564	-0.0215774	-0.0318897	-0.0418141	
97	72168	0.266565	-0.0215774	-0.0262337	-0.0418141	
98	72912	0.278304	-0.0215774	-0.0303442	-0.0418141	
99	73656	0.269228	-0.0215774	-0.032383	-0.0418141	
100	74400	0.256272	-0.0215774	-0.0292919	-0.0418141	
101	75144	0.25078	-0.0215774	-0.0329091	-0.0418141	
102	75888	0.26571	-0.0215774	-0.0309361	-0.0418141	
103	76632	0.269754	-0.0215774	-0.027845	-0.0418141	
104	77376	0.264624	-0.0215774	-0.0319555	-0.0418141	
105	78120	0.253444	-0.0215774	-0.0354741	-0.0418141	
106	78864	0.26617	-0.0215774	-0.0330736	-0.0418141	
107	79608	0.257752	-0.0215774	-0.0363619	-0.0418141	
108	80352	0.253543	-0.0215774	-0.032679	-0.0418141	
109	81096	0.264361	-0.0215774	-0.0359673	-0.0418141	
110	81840	0.26229	-0.0215774	-0.0290946	-0.0418141	
111	82584	0.284454	-0.0215774	-0.0346191	-0.0418141	
112	83328	0.278436	-0.0215774	-0.0353425	-0.0418141	
113	84072	0.257522	-0.0215774	-0.030114	-0.0418141	
114	84816	0.277647	-0.0215774	-0.0330078	-0.0418141	
115	85560	0.260054	-0.0215774	-0.0314951	-0.0418141	
116	86304	0.275838	-0.0215774	-0.0360989	-0.0418141	
117	87048	0.28054	-0.0215774	-0.0313965	-0.0418141	
118	87792	0.260185	-0.0215774	-0.0302127	-0.0418141	
119	88536	0.280672	-0.0215774	-0.0318569	-0.0418141	
120	89280	0.257982	-0.0215774	-0.0298181	-0.0418141	
121	90024	0.276265	-0.0215774	-0.0367566	-0.0418141	
122	90768	0.272385	-0.0215774	-0.0338628	-0.0418141	
123	91512	0.258804	-0.0215774	-0.0391571	-0.0418141	
124	92256	0.277186	-0.0215774	-0.0342574	-0.0418141	
125	93000	0.275739	-0.0215774	-0.0399463	-0.0418141	
126	93744	0.256864	-0.0215774	-0.0311992	-0.0418141	
127	94488	0.260941	-0.0215774	-0.0294235	-0.0418141	
128	95232	0.279554	-0.0215774	-0.0371183	-0.0418141	
129	95976	0.267157	-0.0215774	-0.0326132	-0.0418141	
130	96720	0.283171	-0.0215774	-0.0349808	-0.0418141	
131	97464	0.251109	-0.0215774	-0.033797	-0.0418141	
132	98208	0.263046	-0.0215774	-0.0342574	-0.0418141	
133	98952	0.255022	-0.0215774	-0.0335668	-0.0418141	
134	99696	0.260711	-0.0215774	-0.0345862	-0.0418141	
135	100440	0.252589	-0.0215774	-0.0351452	-0.0418141	
136	101184	0.274983	-0.0215774	-0.0315609	-0.0418141	
137	101928	0.254957	-0.0215774	-0.0312321	-0.0418141	
138	102672	0.275772	-0.0215774	-0.032383	-0.0418141	
139	103416	0.258936	-0.0215774	-0.0320213	-0.0418141	
140	104160	0.258179	-0.0215774	-0.0262337	-0.0418141	
141	104904	0.252392	-0.0215774	-0.0314623	-0.0418141	
142	105648	0.260777	-0.0215774	-0.0287658	-0.0418141	
143	106392	0.275279	-0.0215774	-0.0328763	-0.0418141	
144	107136	0.254496	-0.0215774	-0.0223534	-0.0418141	
145	107880	0.252819	-0.0215774	-0.0328763	-0.0418141	
146	108624	0.253806	-0.0215774	-0.0300154	-0.0418141	
147	109368	0.267354	-0.0215774	-0.0300811	-0.0418141	
148	110112	0.262947	-0.0215774	-0.028141	-0.0418141	
149	110856	0.265611	-0.0215774	-0.0333037	-0.0418141	
150	111600	0.259922	-0.0215774	-0.0367237	-0.0418141	
151	111042	0.277186	-0.0215774	-0.030673	-0.0418141	
152	110298	0.269689	-0.0215774	-0.0365593	-0.0418141	
153	109554	0.251537	-0.0215774	-0.0317253	-0.0418141	
154	108810	0.247755	-0.0215774	-0.0338957	-0.0418141	
155	108066	0.257587	-0.0215774	-0.0313636	-0.0418141	
156	107322	0.246407	-0.0215774	-0.0308375	-0.0418141	
157	106578	0.264592	-0.0215774	-0.0323172	-0.0418141	
158	105834	0.263309	-0.0215774	-0.0280752	-0.0418141	
159	105090	0.250715	-0.0215774	-0.0350466	-0.0418141	
160	104346	0.274983	-0.0215774	-0.0283712	-0.0418141	
161	103602	0.259791	-0.0215774	-0.0290946	-0.0418141	
162	102858	0.269064	-0.0215774	-0.0290617	-0.0418141	
163	102114	0.258705	-0.0215774	-0.0328763	-0.0418141	
164	101370	0.271629	-0.0215774	-0.0326132	-0.0418141	
165	100626	0.265512	-0.0215774	-0.035507	-0.0418141	
166	99882	0.268998	-0.0215774	-0.0268914	-0.0418141	
167	99138	0.272845	-0.0215774	-0.032942	-0.0418141	
168	98394	0.267617	-0.0215774	-0.0342245	-0.0418141	
169	97650	0.267814	-0.0215774	-0.0307717	-0.0418141	
170	96906	0.25933	-0.0215774	-0.0305086	-0.0418141	
171	96162	0.262651	-0.0215774	-0.0298838	-0.0418141	
172	95418	0.260941	-0.0215774	-0.0313636	-0.0418141	
173	94674	0.272681	-0.0215774	-0.0305086	-0.0418141	
174	93930	0.272155	-0.0215774	-0.0334682	-0.0418141	
175	93186	0.277055	-0.0215774	-0.0350795	-0.0418141	
176	92442	0.266367	-0.0215774	-0.0337641	-0.0418141	
177	91698	0.267913	-0.0215774	-0.0328763	-0.0418141	
178	90954	0.269426	-0.0215774	-0.0323501	-0.0418141	
179	90210	0.269853	-0.0215774	-0.0381706	-0.0418141	
180	89466	0.278206	-0.0215774	-0.0401107	-0.0418141	
181	88722	0.278074	-0.0215774	-0.0294235	-0.0418141	
182	87978	0.262388	-0.0215774	-0.0344218	-0.0418141	
183	87234	0.266663	-0.0215774	-0.037776	-0.0418141	
184	86490	0.26229	-0.0215774	-0.034652	-0.0418141	
185	85746	0.268176	-0.0215774	-0.0322186	-0.0418141	
186	85002	0.25078	-0.0215774	-0.0399463	-0.0418141	
187	84258	0.274259	-0.0215774	-0.0333037	-0.0418141	
188	83514	0.285473	-0.0215774	-0.0277793	-0.0418141	
189	82770	0.278962	-0.0215774	-0.0226165	-0.0418141	
190	82026	0.276923	-0.0215774	-0.0284041	-0.0418141	
191	81282	0.279422	-0.0215774	-0.032679	-0.0418141	
192	80538	0.259133	-0.0215774	-0.0329749	-0.0418141	
193	79794	0.273766	-0.0215774	-0.0328105	-0.0418141	
194	79050	0.282086	-0.0215774	-0.0265297	-0.0418141	
195	78306	0.275345	-0.0215774	-0.0321857	-0.0418141	
196	77562	0.265841	-0.0215774	-0.0338957	-0.0418141	
197	76818	0.286624	-0.0215774	-0.0301469	-0.0418141	
198	76074	0.282744	-0.0215774	-0.0335011	-0.0418141	
199	75330	0.272286	-0.0215774	-0.0293248	-0.0418141	
200	74586	0.279357	-0.0215774	-0.0298838	-0.0418141	
201	73842	0.272286	-0.0215774	-0.0334024	-0.0418141	
202	73098	0.280211	-0.0215774	-0.0277464	-0.0418141	
203	72354	0.292938	-0.0215774	-0.0337641	-0.0418141	
204	71610	0.28054	-0.0215774	-0.0346849	-0.0418141	
205	70866	0.290471	-0.0215774	-0.0277464	-0.0418141	
206	70122	0.289485	-0.0215774	-0.0327447	-0.0418141	
207	69378	0.292379	-0.0215774	-0.0303771	-0.0418141	
208	68634	0.287314	-0.0215774	-0.0310348	-0.0418141	
209	67890	0.290471	-0.0215774	-0.0299167	-0.0418141	
210	67146	0.255253	-0.0215774	-0.0296865	-0.0418141	
211	66402	0.274029	-0.0215774	-0.0331393	-0.0418141	
212	65658	0.286131	-0.0215774	-0.0325803	-0.0418141	
213	64914	0.286657	-0.0215774	-0.0305086	-0.0418141	
214	64170	0.287841	-0.0215774	-0.0380061	-0.0418141	
215	63426	0.282185	-0.0215774	-0.0353097	-0.0418141	
216	62682	0.279883	-0.0215774	-0.0335339	-0.0418141	
217	61938	0.292017	-0.0215774	-0.0303771	-0.0418141	
218	61194	0.28738	-0.0215774	-0.0279437	-0.0418141	
219	60450	0.284388	-0.0215774	-0.0317911	-0.0418141	
220	59706	0.282842	-0.0215774	-0.0292261	-0.0418141	
221	58962	0.283007	-0.0215774	-0.0312978	-0.0418141	
222	58218	0.272221	-0.0215774	-0.0350795	-0.0418141	
223	57474	0.273372	-0.0215774	-0.0273518	-0.0418141	
224	56730	0.266861	-0.0215774	-0.0287	-0.0418141	
225	55986	0.290997	-0.0215774	-0.0299496	-0.0418141	
226	55242	0.269162	-0.0215774	-0.0367894	-0.0418141	
227	54498	0.281099	-0.0215774	-0.0356056	-0.0418141	
228	53754	0.279389	-0.0215774	-0.0294563	-0.0418141	
229	53010	0.283138	-0.0215774	-0.0324817	-0.0418141	
230	52266	0.287939	-0.0215774	-0.0323501	-0.0418141	
231	51522	0.281099	-0.0215774	-0.0326461	-0.0418141	
232	50778	0.265973	-0.0215774	-0.0367894	-0.0418141	
233	50034	0.265414	-0.0215774	-0.0297523	-0.0418141	
234	49290	0.283631	-0.0215774	-0.0352768	-0.0418141	
235	48546	0.261106	-0.0215774	-0.0300811	-0.0418141	
236	47802	0.278863	-0.0215774	-0.0311992	-0.0418141	
237	47058	0.275509	-0.0215774	-0.0314623	-0.0418141	
238	46314	0.277449	-0.0215774	-0.0323172	-0.0418141	
239	45570	0.273569	-0.0215774	-0.0326461	-0.0418141	
240	44826	0.269557	-0.0215774	-0.0336984	-0.0418141	
241	44082	0.257949	-0.0215774	-0.030969	-0.0418141	
242	43338	0.274161	-0.0215774	-0.0419193	-0.0418141	
243	42594	0.278962	-0.0215774	-0.0350795	-0.0418141	
244	41850	0.272188	-0.0215774	-0.0347506	-0.0418141	
245	41106	0.293102	-0.0215774	-0.0307388	-0.0418141	
246	40362	0.280277	-0.0215774	-0.0228467	-0.0418141	
247	39618	0.269656	-0.0215774	-0.028141	-0.0418141	
248	38874	0.27084	-0.0215774	-0.0319884	-0.0418141	
249	38130	0.254529	-0.0215774	-0.0286014	-0.0418141	
250	37386	0.261862	-0.0215774	-0.0270229	-0.0418141	
251	36642	0.260876	-0.0215774	-0.0338628	-0.0418141	
252	35898	0.267485	-0.0215774	-0.0301469	-0.0418141	
253	35154	0.27712	-0.0215774	-0.0241949	-0.0418141	
254	34410	0.269721	-0.0215774	-0.0300154	-0.0418141	
255	33666	0.272221	-0.0215774	-0.03041	-0.0418141	
256	32922	0.263835	-0.0215774	-0.0334024	-0.0418141	
257	32178	0.275279	-0.0215774	-0.0316596	-0.0418141	
258	31434	0.274161	-0.0215774	-0.0322515	-0.0418141	
259	30690	0.282908	-0.0215774	-0.0274504	-0.0418141	
260	29946	0.279554	-0.0215774	-0.0312649	-0.0418141	
261	29202	0.265282	-0.0215774	-0.0254445	-0.0418141	
262	28458	0.260777	-0.0215774	-0.0351124	-0.0418141	
263	27714	0.279126	-0.0215774	-0.034356	-0.0418141	
264	26970	0.270149	-0.0215774	-0.028141	-0.0418141	
265	26226	0.262717	-0.0215774	-0.0330407	-0.0418141	
266	25482	0.283368	-0.0215774	-0.0373485	-0.0418141	
267	24738	0.268242	-0.0215774	-0.0354741	-0.0418141	
268	23994	0.27176	-0.0215774	-0.0353425	-0.0418141	
269	23250	0.269031	-0.0215774	-0.0308703	-0.0418141	
270	22506	0.268275	-0.0215774	-0.0331064	-0.0418141	
271	21762	0.259199	-0.0215774	-0.0327447	-0.0418141	
272	21018	0.261829	-0.0215774	-0.0341587	-0.0418141	
273	20274	0.247492	-0.0215774	-0.0363291	-0.0418141	
274	19530	0.260843	-0.0215774	-0.0364935	-0.0418141	
275	18786	0.259034	-0.0215774	-0.0351124	-0.0418141	
276	18042	0.257193	-0.0215774	-0.0339614	-0.0418141	
277	17298	0.258508	-0.0215774	-0.0288644	-0.0418141	
278	16554	0.274621	-0.0215774	-0.033797	-0.0418141	
279	15810	0.247262	-0.0215774	-0.0284698	-0.0418141	
280	15066	0.26811	-0.0215774	-0.0336655	-0.0418141	
281	14322	0.27255	-0.0215774	-0.0351781	-0.0418141	
282	13578	0.263802	-0.0215774	-0.0296208	-0.0418141	
283	12834	0.278995	-0.0215774	-0.0350137	-0.0418141	
284	12090	0.263901	-0.0215774	-0.0299167	-0.0418141	
285	11346	0.266828	-0.0215774	-0.0264968	-0.0418141	
286	10602	0.270346	-0.0215774	-0.0351124	-0.0418141	
287	9858	0.267683	-0.0215774	-0.0310676	-0.0418141	
288	9114	0.268275	-0.0215774	-0.0345205	-0.0418141	
289	8370	0.265677	-0.0215774	-0.0320213	-0.0418141	
290	7626	0.270774	-0.0215774	-0.0330736	-0.0418141	
291	6882	0.277614	-0.0215774	-0.0285685	-0.0418141	
292	6138	0.248446	-0.0215774	-0.033797	-0.0418141	
293	5394	0.26275	-0.0215774	-0.0338957	-0.0418141	
294	4650	0.267683	-0.0215774	-0.0305415	-0.0418141	
295	3906	0.265447	-0.0215774	-0.0265954	-0.0418141	
296	3162	0.265414	-0.0215774	-0.0324159	-0.0418141	
297	2418	0.269426	-0.0215774	-0.0273189	-0.0418141	
298	1674	0.263079	-0.0215774	-0.0312321	-0.0418141	
299	930	0.263572	-0.0215774	-0.0274175	-0.0418141	
300	186	0.257752	-0.0215774	-0.0321199	-0.0418141	
301	372	0.268077	-0.0215774	-0.0355399	-0.0418141	
302	1116	0.253641	-0.0215774	-0.0347178	-0.0418141	
303	1860	0.279652	-0.0215774	-0.0234715	-0.0418141	
304	2604	0.264296	-0.0215774	-0.0270887	-0.0418141	
305	3348	0.264756	-0.0215774	-0.0284698	-0.0418141	
306	4092	0.26663	-0.0215774	-0.0243922	-0.0418141	
307	4836	0.275969	-0.0215774	-0.0252801	-0.0418141	
308	5580	0.265315	-0.0215774	-0.025576	-0.0418141	
309	6324	0.293562	-0.0215774	-0.0240963	-0.0418141	
310	7068	0.274227	-0.0215774	-0.0295221	-0.0418141	
311	7812	0.272155	-0.0215774	-0.0322186	-0.0418141	
312	8556	0.261007	-0.0215774	-0.0335668	-0.0418141	
313	9300	0.276759	-0.0215774	-0.0277793	-0.0418141	
314	10044	0.277318	-0.0215774	-0.0335997	-0.0418141	
315	10788	0.279488	-0.0215774	-0.0380061	-0.0418141	
316	11532	0.253148	-0.0215774	-0.0302455	-0.0418141	
317	12276	0.26594	-0.0215774	-0.0310348	-0.0418141	
318	13020	0.252655	-0.0215774	-0.0333366	-0.0418141	
319	13764	0.255647	-0.0215774	-0.0361318	-0.0418141	
320	14508	0.250583	-0.0215774	-0.0374142	-0.0418141	
321	15252	0.257226	-0.0215774	-0.0366579	-0.0418141	
322	15996	0.267124	-0.0215774	-0.0357043	-0.0418141	
323	16740	0.258442	-0.0215774	-0.0333037	-0.0418141	
324	17484	0.259791	-0.0215774	-0.0341916	-0.0418141	
325	18228	0.254989	-0.0215774	-0.0325145	-0.0418141	
326	18972	0.277252	-0.0215774	-0.0346849	-0.0418141	
327	19716	0.27176	-0.0215774	-0.0295879	-0.0418141	
328	20460	0.264263	-0.0215774	-0.0397819	-0.0418141	
329	21204	0.274588	-0.0215774	-0.036066	-0.0418141	
330	21948	0.261205	-0.0215774	-0.0339285	-0.0418141	
331	22692	0.270478	-0.0215774	-0.035211	-0.0418141	
332	23436	0.260646	-0.0215774	-0.0322843	-0.0418141	
333	24180	0.255713	-0.0215774	-0.0308703	-0.0418141	
334	24924	0.268406	-0.0215774	-0.0319884	-0.0418141	
335	25668	0.273306	-0.0215774	-0.0282725	-0.0418141	
336	26412	0.271103	-0.0215774	-0.0299167	-0.0418141	
337	27156	0.283434	-0.0215774	-0.0314294	-0.0418141	
338	27900	0.271497	-0.0215774	-0.0319884	-0.0418141	
339	28644	0.269097	-0.0215774	-0.026727	-0.0418141	
340	29388	0.27199	-0.0215774	-0.0286671	-0.0418141	
341	30132	0.27176	-0.0215774	-0.0297852	-0.0418141	
342	30876	0.281757	-0.0215774	-0.0276148	-0.0418141	
343	31620	0.271464	-0.0215774	-0.0288644	-0.0418141	
344	32364	0.258278	-0.0215774	-0.0262666	-0.0418141	
345	33108	0.281034	-0.0215774	-0.0324817	-0.0418141	
346	33852	0.280968	-0.0215774	-0.0291933	-0.0418141	
347	34596	0.276364	-0.0215774	-0.0334353	-0.0418141	
348	35340	0.271234	-0.0215774	-0.0295221	-0.0418141	
349	36084	0.272484	-0.0215774	-0.0270887	-0.0418141	
350	36828	0.278304	-0.0215774	-0.0276806	-0.0418141	
351	37572	0.272451	-0.0215774	-0.0260035	-0.0418141	
352	38316	0.278008	-0.0215774	-0.0305415	-0.0418141	
353	39060	0.282776	-0.0215774	-0.0270558	-0.0418141	
354	39804	0.256206	-0.0215774	-0.0334353	-0.0418141	
355	40548	0.262125	-0.0215774	-0.0315609	-0.0418141	
356	41292	0.263835	-0.0215774	-0.0327447	-0.0418141	
357	42036	0.270642	-0.0215774	-0.0239976	-0.0418141	
358	42780	0.283171	-0.0215774	-0.0303442	-0.0418141	
359	43524	0.271793	-0.0215774	-0.0328105	-0.0418141	
360	44268	0.266038	-0.0215774	-0.0330407	-0.0418141	
361	45012	0.272714	-0.0215774	-0.0311992	-0.0418141	
362	45756	0.274227	-0.0215774	-0.0306073	-0.0418141	
363	46500	0.273437	-0.0215774	-0.0286342	-0.0418141	
364	47244	0.267518	-0.0215774	-0.0314294	-0.0418141	
365	47988	0.277186	-0.0215774	-0.0342903	-0.0418141	
366	48732	0.273339	-0.0215774	-0.0267927	-0.0418141	
367	49476	0.260974	-0.0215774	-0.0307059	-0.0418141	
368	50220	0.271333	-0.0215774	-0.0320542	-0.0418141	
369	50964	0.277515	-0.0215774	-0.0322843	-0.0418141	
370	51708	0.280146	-0.0215774	-0.0342903	-0.0418141	
371	52452	0.266532	-0.0215774	-0.0322843	-0.0418141	
372	53196	0.261632	-0.0215774	-0.0273189	-0.0418141	
373	53940	0.238909	-0.0215774	-0.0355727	-0.0418141	
374	54684	0.266367	-0.0215774	-0.0362304	-0.0418141	
375	55428	0.257456	-0.0215774	-0.0323501	-0.0418141	
376	56172	0.268472	-0.0215774	-0.0300811	-0.0418141	
377	56916	0.260514	-0.0215774	-0.0316596	-0.0418141	
378	57660	0.259396	-0.0215774	-0.0359345	-0.0418141	
379	58404	0.256667	-0.0215774	-0.0311663	-0.0418141	
380	59148	0.257423	-0.0215774	-0.0297523	-0.0418141	
381	59892	0.272254	-0.0215774	-0.0339943	-0.0418141	
382	60636	0.255154	-0.0215774	-0.0363619	-0.0418141	
383	61380	0.284486	-0.0215774	-0.0326461	-0.0418141	
384	62124	0.272089	-0.0215774	-0.034652	-0.0418141	
385	62868	0.275312	-0.0215774	-0.0326132	-0.0418141	
386	63612	0.279685	-0.0215774	-0.0320213	-0.0418141	
387	64356	0.267946	-0.0215774	-0.0345533	-0.0418141	
388	65100	0.270215	-0.0215774	-0.0332709	-0.0418141	
389	65844	0.262027	-0.0215774	-0.0371183	-0.0418141	
390	66588	0.262158	-0.0215774	-0.0282725	-0.0418141	
391	67332	0.262586	-0.0215774	-0.0331064	-0.0418141	
392	68076	0.278666	-0.0215774	-0.0372169	-0.0418141	
393	68820	0.24907	-0.0215774	-0.0335997	-0.0418141	
394	69564	0.259462	-0.0215774	-0.0316924	-0.0418141	
395	70308	0.269623	-0.0215774	-0.0315938	-0.0418141	
396	71052	0.258442	-0.0215774	-0.0373156	-0.0418141	
397	71796	0.265512	-0.0215774	-0.0237017	-0.0418141	
398	72540	0.257226	-0.0215774	-0.031824	-0.0418141	
399	73284	0.264164	-0.0215774	-0.0313636	-0.0418141	
400	74028	0.267222	-0.0215774	-0.0328434	-0.0418141	
401	74772	0.235489	-0.0215774	-0.0301798	-0.0418141	
402	75516	0.255285	-0.0215774	-0.0303113	-0.0418141	
403	76260	0.255581	-0.0215774	-0.0337312	-0.0418141	
404	77004	0.257193	-0.0215774	-0.0298181	-0.0418141	
405	77748	0.267814	-0.0215774	-0.0393544	-0.0418141	
406	78492	0.266828	-0.0215774	-0.0288973	-0.0418141	
407	79236	0.273141	-0.0215774	-0.0349808	-0.0418141	
408	79980	0.264986	-0.0215774	-0.0347178	-0.0418141	
409	80724	0.254858	-0.0215774	-0.0356714	-0.0418141	
410	81468	0.25568	-0.0215774	-0.0330078	-0.0418141	
411	82212	0.26663	-0.0215774	-0.0339614	-0.0418141	
412	82956	0.256897	-0.0215774	-0.0288315	-0.0418141	
413	83700	0.255812	-0.0215774	-0.0305744	-0.0418141	
414	84444	0.258574	-0.0215774	-0.030969	-0.0418141	
415	85188	0.253674	-0.0215774	-0.0286014	-0.0418141	
416	85932	0.263769	-0.0215774	-0.0324817	-0.0418141	
417	86676	0.263178	-0.0215774	-0.0376115	-0.0418141	
418	87420	0.25545	-0.0215774	-0.0291275	-0.0418141	
419	88164	0.266038	-0.0215774	-0.0249841	-0.0418141	
420	88908	0.258442	-0.0215774	-0.0308046	-0.0418141	
421	89652	0.257982	-0.0215774	-0.033238	-0.0418141	
422	90396	0.267025	-0.0215774	-0.0334024	-0.0418141	
423	91140	0.256502	-0.0215774	-0.0304429	-0.0418141	
424	91884	0.243316	-0.0215774	-0.0355399	-0.0418141	
425	92628	0.248774	-0.0215774	-0.0286014	-0.0418141	
426	93372	0.246275	-0.0215774	-0.0403409	-0.0418141	
427	94116	0.253148	-0.0215774	-0.0319226	-0.0418141	
428	94860	0.272813	-0.0215774	-0.031528	-0.0418141	
429	95604	0.258508	-0.0215774	-0.0347506	-0.0418141	
430	96348	0.256897	-0.0215774	-0.033797	-0.0418141	
431	97092	0.253575	-0.0215774	-0.038894	-0.0418141	
432	97836	0.254069	-0.0215774	-0.0342245	-0.0418141	
433	98580	0.254003	-0.0215774	-0.0340272	-0.0418141	
434	99324	0.251405	-0.0215774	-0.035211	-0.0418141	
435	100068	0.269064	-0.0215774	-0.0306073	-0.0418141	
436	100812	0.249169	-0.0215774	-0.0361975	-0.0418141	
437	101556	0.25568	-0.0215774	-0.032383	-0.0418141	
438	102300	0.26811	-0.0215774	-0.035211	-0.0418141	
439	103044	0.279061	-0.0215774	-0.0331393	-0.0418141	
440	103788	0.254694	-0.0215774	-0.0351452	-0.0418141	
441	104532	0.261698	-0.0215774	-0.0361646	-0.0418141	
442	105276	0.261205	-0.0215774	-0.0349151	-0.0418141	
443	106020	0.254102	-0.0215774	-0.0349151	-0.0418141	
444	106764	0.2542	-0.0215774	-0.0331722	-0.0418141	
445	107508	0.257817	-0.0215774	-0.0327447	-0.0418141	
446	108252	0.258738	-0.0215774	-0.0319226	-0.0418141	
447	108996	0.265085	-0.0215774	-0.0265626	-0.0418141	
448	109740	0.245881	-0.0215774	-0.0271216	-0.0418141	
449	110484	0.259725	-0.0215774	-0.0314623	-0.0418141	
450	111228	0.254989	-0.0215774	-0.0300482	-0.0418141	
451	111414	0.266038	-0.0215774	-0.0311005	-0.0418141	
452	110670	0.268012	-0.0215774	-0.0324817	-0.0418141	
453	109926	0.251306	-0.0215774	-0.0327118	-0.0418141	
454	109182	0.258771	-0.0215774	-0.0321857	-0.0418141	
455	108438	0.255351	-0.0215774	-0.032087	-0.0418141	
456	107694	0.259034	-0.0215774	-0.0316596	-0.0418141	
457	106950	0.278633	-0.0215774	-0.025872	-0.0418141	
458	106206	0.247656	-0.0215774	-0.034356	-0.0418141	
459	105462	0.259823	-0.0215774	-0.0303113	-0.0418141	
460	104718	0.277614	-0.0215774	-0.0331064	-0.0418141	
461	103974	0.279192	-0.0215774	-0.0287658	-0.0418141	
462	103230	0.264756	-0.0215774	-0.0292261	-0.0418141	
463	102486	0.265545	-0.0215774	-0.0300482	-0.0418141	
464	101742	0.267124	-0.0215774	-0.0337312	-0.0418141	
465	100998	0.264263	-0.0215774	-0.0355727	-0.0418141	
466	100254	0.264559	-0.0215774	-0.0312321	-0.0418141	
467	99510	0.267781	-0.0215774	-0.0327118	-0.0418141	
468	98766	0.260185	-0.0215774	-0.0283712	-0.0418141	
469	98022	0.268669	-0.0215774	-0.0352439	-0.0418141	
470	97278	0.26298	-0.0215774	-0.0321528	-0.0418141	
471	96534	0.247788	-0.0215774	-0.0380061	-0.0418141	
472	95790	0.249268	-0.0215774	-0.0381377	-0.0418141	
473	95046	0.260613	-0.0215774	-0.0364935	-0.0418141	
474	94302	0.249037	-0.0215774	-0.0365593	-0.0418141	
475	93558	0.246867	-0.0215774	-0.0341587	-0.0418141	
476	92814	0.274621	-0.0215774	-0.0325474	-0.0418141	
477	92070	0.251241	-0.0215774	-0.0388611	-0.0418141	
478	91326	0.255483	-0.0215774	-0.0290617	-0.0418141	
479	90582	0.255943	-0.0215774	-0.0355399	-0.0418141	
480	89838	0.24986	-0.0215774	-0.0302127	-0.0418141	
481	89094	0.250123	-0.0215774	-0.0376773	-0.0418141	
482	88350	0.260086	-0.0215774	-0.0276806	-0.0418141	
483	87606	0.258738	-0.0215774	-0.0387296	-0.0418141	
484	86862	0.280113	-0.0215774	-0.0397161	-0.0418141	
485	86118	0.269097	-0.0215774	-0.0359673	-0.0418141	
486	85374	0.257653	-0.0215774	-0.040867	-0.0418141	
487	84630	0.257554	-0.0215774	-0.0351781	-0.0418141	
488	83886	0.264329	-0.0215774	-0.0281081	-0.0418141	
489	83142	0.255647	-0.0215774	-0.0329749	-0.0418141	
490	82398	0.254825	-0.0215774	-0.0336655	-0.0418141	
491	81654	0.25785	-0.0215774	-0.0320213	-0.0418141	
492	80910	0.273372	-0.0215774	-0.0261351	-0.0418141	
493	80166	0.27084	-0.0215774	-0.0337641	-0.0418141	
494	79422	0.253247	-0.0215774	-0.0312978	-0.0418141	
495	78678	0.262651	-0.0215774	-0.0279766	-0.0418141	
496	77934	0.262816	-0.0215774	-0.0346191	-0.0418141	
497	77190	0.25055	-0.0215774	-0.0332709	-0.0418141	
498	76446	0.271629	-0.0215774	-0.0338957	-0.0418141	
499	75702	0.25933	-0.0215774	-0.0266612	-0.0418141	
500	74958	0.260251	-0.0215774	-0.0360989	-0.0418141	
501	74214	0.262849	-0.0215774	-0.034356	-0.0418141	
502	73470	0.256601	-0.0215774	-0.0349479	-0.0418141	
503	72726	0.275937	-0.0215774	-0.0314294	-0.0418141	
504	71982	0.26469	-0.0215774	-0.0305744	-0.0418141	
505	71238	0.267946	-0.0215774	-0.0315938	-0.0418141	
506	70494	0.280014	-0.0215774	-0.0252801	-0.0418141	
507	69750	0.280573	-0.0215774	-0.03041	-0.0418141	
508	69006	0.266203	-0.0215774	-0.0368223	-0.0418141	
509	68262	0.274227	-0.0215774	-0.0318897	-0.0418141	
510	67518	0.284388	-0.0215774	-0.0319884	-0.0418141	
511	66774	0.26982	-0.0215774	-0.0311334	-0.0418141	
512	66030	0.260514	-0.0215774	-0.0302784	-0.0418141	
513	65286	0.281494	-0.0215774	-0.0320213	-0.0418141	
514	64542	0.274621	-0.0215774	-0.0319884	-0.0418141	
515	63798	0.281264	-0.0215774	-0.032942	-0.0418141	
516	63054	0.269656	-0.0215774	-0.0307717	-0.0418141	
517	62310	0.25249	-0.0215774	-0.0365593	-0.0418141	
518	61566	0.265743	-0.0215774	-0.0386309	-0.0418141	
519	60822	0.246604	-0.0215774	-0.0311005	-0.0418141	
520	60078	0.256206	-0.0215774	-0.0277793	-0.0418141	
521	59334	0.259133	-0.0215774	-0.0343889	-0.0418141	
522	58590	0.267354	-0.0215774	-0.0322186	-0.0418141	
523	57846	0.27005	-0.0215774	-0.0341916	-0.0418141	
524	57102	0.260974	-0.0215774	-0.0322843	-0.0418141	
525	56358	0.26298	-0.0215774	-0.0311334	-0.0418141	
526	55614	0.269031	-0.0215774	-0.0327447	-0.0418141	
527	54870	0.260744	-0.0215774	-0.0326132	-0.0418141	
528	54126	0.272813	-0.0215774	-0.0291604	-0.0418141	
529	53382	0.260777	-0.0215774	-0.0327118	-0.0418141	
530	52638	0.275575	-0.0215774	-0.0345205	-0.0418141	
531	51894	0.263342	-0.0215774	-0.0240634	-0.0418141	
532	51150	0.272122	-0.0215774	-0.0336326	-0.0418141	
533	50406	0.238054	-0.0215774	-0.0375458	-0.0418141	
534	49662	0.243809	-0.0215774	-0.0385981	-0.0418141	
535	48918	0.271497	-0.0215774	-0.0291604	-0.0418141	
536	48174	0.261796	-0.0215774	-0.036921	-0.0418141	
537	47430	0.260021	-0.0215774	-0.0285027	-0.0418141	
538	46686	0.251142	-0.0215774	-0.030114	-0.0418141	
539	45942	0.263375	-0.0215774	-0.0342903	-0.0418141	
540	45198	0.260711	-0.0215774	-0.0343889	-0.0418141	
541	44454	0.251405	-0.0215774	-0.0332709	-0.0418141	
542	43710	0.243381	-0.0215774	-0.030673	-0.0418141	
543	42966	0.243349	-0.0215774	-0.0352439	-0.0418141	
544	42222	0.254595	-0.0215774	-0.0307717	-0.0418141	
545	41478	0.253575	-0.0215774	-0.0317582	-0.0418141	
546	40734	0.264723	-0.0215774	-0.0300811	-0.0418141	
547	39990	0.249728	-0.0215774	-0.0286014	-0.0418141	
548	39246	0.258278	-0.0215774	-0.0325474	-0.0418141	
549	38502	0.247689	-0.0215774	-0.0291604	-0.0418141	
550	37758	0.253608	-0.0215774	-0.0328105	-0.0418141	
551	37014	0.25374	-0.0215774	-0.0334024	-0.0418141	
552	36270	0.259495	-0.0215774	-0.0296536	-0.0418141	
553	35526	0.251372	-0.0215774	-0.0317253	-0.0418141	
554	34782	0.262487	-0.0215774	-0.0319884	-0.0418141	
555	34038	0.26229	-0.0215774	-0.0302455	-0.0418141	
556	33294	0.259429	-0.0215774	-0.033797	-0.0418141	
557	32550	0.263079	-0.0215774	-0.0348164	-0.0418141	
558	31806	0.249268	-0.0215774	-0.0318569	-0.0418141	
559	31062	0.265578	-0.0215774	-0.0300482	-0.0418141	
560	30318	0.276331	-0.0215774	-0.0310348	-0.0418141	
561	29574	0.258475	-0.0215774	-0.0332051	-0.0418141	
562	28830	0.259133	-0.0215774	-0.0286671	-0.0418141	
563	28086	0.265644	-0.0215774	-0.0385981	-0.0418141	
564	27342	0.255253	-0.0215774	-0.0413932	-0.0418141	
565	26598	0.260909	-0.0215774	-0.0317582	-0.0418141	
566	25854	0.25397	-0.0215774	-0.0318569	-0.0418141	
567	25110	0.278534	-0.0215774	-0.0361318	-0.0418141	
568	24366	0.271234	-0.0215774	-0.0346191	-0.0418141	
569	23622	0.257522	-0.0215774	-0.0341916	-0.0418141	
570	22878	0.275016	-0.0215774	-0.0340601	-0.0418141	
571	22134	0.25762	-0.0215774	-0.0359016	-0.0418141	
572	21390	0.257785	-0.0215774	-0.0319555	-0.0418141	
573	20646	0.260415	-0.0215774	-0.0385652	-0.0418141	
574	19902	0.26788	-0.0215774	-0.0378417	-0.0418141	
575	19158	0.254628	-0.0215774	-0.0367566	-0.0418141	
576	18414	0.254266	-0.0215774	-0.0339614	-0.0418141	
577	17670	0.270149	-0.0215774	-0.0313965	-0.0418141	
578	16926	0.263638	-0.0215774	-0.0353425	-0.0418141	
579	16182	0.264624	-0.0215774	-0.0320542	-0.0418141	
580	15438	0.275378	-0.0215774	-0.040308	-0.0418141	
581	14694	0.267518	-0.0215774	-0.0296865	-0.0418141	
582	13950	0.257028	-0.0215774	-0.0300482	-0.0418141	
583	13206	0.268571	-0.0215774	-0.0312978	-0.0418141	
584	12462	0.25157	-0.0215774	-0.0335997	-0.0418141	
585	11718	0.271431	-0.0215774	-0.0363948	-0.0418141	
586	10974	0.251898	-0.0215774	-0.0382692	-0.0418141	
587	10230	0.247032	-0.0215774	-0.038039	-0.0418141	
588	9486	0.25078	-0.0215774	-0.0341916	-0.0418141	
589	8742	0.262355	-0.0215774	-0.0345533	-0.0418141	
590	7998	0.271497	-0.0215774	-0.0397161	-0.0418141	
591	7254	0.267617	-0.0215774	-0.0283054	-0.0418141	
592	6510	0.261336	-0.0215774	-0.0256747	-0.0418141	
593	5766	0.252589	-0.0215774	-0.0356056	-0.0418141	
594	5022	0.263967	-0.0215774	-0.0308703	-0.0418141	
595	4278	0.247229	-0.0215774	-0.0340601	-0.0418141	
596	3534	0.248873	-0.0215774	-0.0320213	-0.0418141	
597	2790	0.237725	-0.0215774	-0.0320213	-0.0418141	
598	2046	0.255384	-0.0215774	-0.0336326	-0.0418141	
599	1302	0.257028	-0.0215774	-0.0290617	-0.0418141	
600	558	0.24279	-0.0238628	-0.0319226	-0.0453557	
