# Filename	18_delay.txt
# Date	2016-09-28
# Title	DL-Pro & DL-100 Locked delay scan.
# DL-Pro	365824.8 GHz
# DL-100	365808.9 GHz
# Static	600 mV Pulsed
# MWOn	On
# MWf	15931.6 MHz
# Attn	44 dB
# FixedAttn	6 dB
# B2	B2 = T2 + 2.050 us
# HP214B	HP 214B FIP at 5.5 on 100V setting ; Applied to Top ; Mesh & Vin of MCP @ +25V ; Vout of MCP @ +2025 V
# Oven	32 A
# Boxcar	Gate = 200 ns ; Amp = 25x ; Sensitivity = 5 mV
# Offset	+/- 30 mV IR/Oven offset.
# Bias	Top: 0 V ; Bot: -0.445 V ; IR: +0.055 V ; Oven: -0.055 V ; Vis: -0.010 V ; MW: +0.010 V
# Passes	4
i	step	norm	nbackground	signal	sbackground
0	0	0.272944	-0.0254511	0.0901095	-0.0466612
1	744	0.251997	-0.0254511	0.0912275	-0.0466612
2	1488	0.256403	-0.0254511	0.0844205	-0.0466612
3	2232	0.250583	-0.0254511	0.0906356	-0.0466612
4	2976	0.237232	-0.0254511	0.0902739	-0.0466612
5	3720	0.26206	-0.0254511	0.0847165	-0.0466612
6	4464	0.260613	-0.0254511	0.0805731	-0.0466612
7	5208	0.268012	-0.0254511	0.085144	-0.0466612
8	5952	0.255055	-0.0254511	0.0770217	-0.0466612
9	6696	0.2518	-0.0254511	0.0745225	-0.0466612
10	7440	0.223256	-0.0254511	0.086558	-0.0466612
11	8184	0.220527	-0.0254511	0.0700832	-0.0466612
12	8928	0.233089	-0.0254511	0.0809349	-0.0466612
13	9672	0.245026	-0.0254511	0.0875774	-0.0466612
14	10416	0.234536	-0.0254511	0.0729441	-0.0466612
15	11160	0.258081	-0.0254511	0.0953709	-0.0466612
16	11904	0.239896	-0.0254511	0.0772847	-0.0466612
17	12648	0.231741	-0.0254511	0.0804745	-0.0466612
18	13392	0.169195	-0.0254511	0.0469987	-0.0466612
19	14136	0.224769	-0.0254511	0.0627172	-0.0466612
20	14880	0.226413	-0.0254511	0.0728783	-0.0466612
21	15624	0.236739	-0.0254511	0.0761996	-0.0466612
22	16368	0.235752	-0.0254511	0.0629803	-0.0466612
23	17112	0.230031	-0.0254511	0.0824804	-0.0466612
24	17856	0.220987	-0.0254511	0.0790276	-0.0466612
25	18600	0.225558	-0.0254511	0.0824475	-0.0466612
26	19344	0.219212	-0.0254511	0.0790276	-0.0466612
27	20088	0.212734	-0.0254511	0.0755419	-0.0466612
28	20832	0.198396	-0.0254511	0.0605797	-0.0466612
29	21576	0.236969	-0.0254511	0.0733058	-0.0466612
30	22320	0.230359	-0.0254511	0.0693926	-0.0466612
31	23064	0.224046	-0.0254511	0.0830065	-0.0466612
32	23808	0.240455	-0.0254511	0.0744238	-0.0466612
33	24552	0.240257	-0.0254511	0.0813295	-0.0466612
34	25296	0.233319	-0.0254511	0.0713656	-0.0466612
35	26040	0.234437	-0.0254511	0.0737662	-0.0466612
36	26784	0.224407	-0.0254511	0.0824804	-0.0466612
37	27528	0.240422	-0.0254511	0.0858017	-0.0466612
38	28272	0.201093	-0.0254511	0.0697872	-0.0466612
39	29016	0.215562	-0.0254511	0.0790934	-0.0466612
40	29760	0.234174	-0.0254511	0.0771203	-0.0466612
41	30504	0.236114	-0.0254511	0.0818885	-0.0466612
42	31248	0.225953	-0.0254511	0.0911946	-0.0466612
43	31992	0.255976	-0.0254511	0.0690309	-0.0466612
44	32736	0.240521	-0.0254511	0.0856044	-0.0466612
45	33480	0.269327	-0.0254511	0.0933979	-0.0466612
46	34224	0.255351	-0.0254511	0.0886297	-0.0466612
47	34968	0.25614	-0.0254511	0.0905041	-0.0466612
48	35712	0.236015	-0.0254511	0.0839273	-0.0466612
49	36456	0.254726	-0.0254511	0.0836971	-0.0466612
50	37200	0.242132	-0.0254511	0.084585	-0.0466612
51	37944	0.249169	-0.0254511	0.0912604	-0.0466612
52	38688	0.252523	-0.0254511	0.0895504	-0.0466612
53	39432	0.240323	-0.0254511	0.0834998	-0.0466612
54	40176	0.243381	-0.0254511	0.0723193	-0.0466612
55	40920	0.233089	-0.0254511	0.080047	-0.0466612
56	41664	0.231773	-0.0254511	0.0731743	-0.0466612
57	42408	0.229504	-0.0254511	0.0682746	-0.0466612
58	43152	0.215858	-0.0254511	0.088531	-0.0466612
59	43896	0.244434	-0.0254511	0.0803758	-0.0466612
60	44640	0.223224	-0.0254511	0.0715958	-0.0466612
61	45384	0.245618	-0.0254511	0.0806718	-0.0466612
62	46128	0.244697	-0.0254511	0.0816912	-0.0466612
63	46872	0.207571	-0.0254511	0.0722864	-0.0466612
64	47616	0.225986	-0.0254511	0.0834669	-0.0466612
65	48360	0.202836	-0.0254511	0.0753446	-0.0466612
66	49104	0.236081	-0.0254511	0.0742265	-0.0466612
67	49848	0.200501	-0.0254511	0.0704449	-0.0466612
68	50592	0.228978	-0.0254511	0.0775149	-0.0466612
69	51336	0.227827	-0.0254511	0.0694255	-0.0466612
70	52080	0.211155	-0.0254511	0.0799812	-0.0466612
71	52824	0.231477	-0.0254511	0.0557129	-0.0466612
72	53568	0.19741	-0.0254511	0.0508132	-0.0466612
73	54312	0.210497	-0.0254511	0.0712012	-0.0466612
74	55056	0.238186	-0.0254511	0.0729112	-0.0466612
75	55800	0.202671	-0.0254511	0.0644929	-0.0466612
76	56544	0.236246	-0.0254511	0.0865909	-0.0466612
77	57288	0.219409	-0.0254511	0.0712999	-0.0466612
78	58032	0.220363	-0.0254511	0.0844205	-0.0466612
79	58776	0.215364	-0.0254511	0.0623555	-0.0466612
80	59520	0.227367	-0.0254511	0.0767915	-0.0466612
81	60264	0.218225	-0.0254511	0.0767586	-0.0466612
82	61008	0.236805	-0.0254511	0.0758707	-0.0466612
83	61752	0.231346	-0.0254511	0.083434	-0.0466612
84	62496	0.229011	-0.0254511	0.0763969	-0.0466612
85	63240	0.225657	-0.0254511	0.0786659	-0.0466612
86	63984	0.22638	-0.0254511	0.0798168	-0.0466612
87	64728	0.226643	-0.0254511	0.087972	-0.0466612
88	65472	0.228452	-0.0254511	0.08373	-0.0466612
89	66216	0.221218	-0.0254511	0.0819214	-0.0466612
90	66960	0.245683	-0.0254511	0.0896491	-0.0466612
91	67704	0.221546	-0.0254511	0.0728454	-0.0466612
92	68448	0.247887	-0.0254511	0.0790605	-0.0466612
93	69192	0.237923	-0.0254511	0.0802443	-0.0466612
94	69936	0.228288	-0.0254511	0.076068	-0.0466612
95	70680	0.223815	-0.0254511	0.0620266	-0.0466612
96	71424	0.224868	-0.0254511	0.0838286	-0.0466612
97	72168	0.228781	-0.0254511	0.0749171	-0.0466612
98	72912	0.232069	-0.0254511	0.087972	-0.0466612
99	73656	0.224934	-0.0254511	0.0745883	-0.0466612
100	74400	0.239731	-0.0254511	0.0772847	-0.0466612
101	75144	0.226052	-0.0254511	0.0806718	-0.0466612
102	75888	0.227433	-0.0254511	0.0726481	-0.0466612
103	76632	0.204809	-0.0254511	0.0611059	-0.0466612
104	77376	0.208656	-0.0254511	0.0555156	-0.0466612
105	78120	0.213227	-0.0254511	0.0613689	-0.0466612
106	78864	0.23858	-0.0254511	0.079751	-0.0466612
107	79608	0.244532	-0.0254511	0.0803758	-0.0466612
108	80352	0.228617	-0.0254511	0.074391	-0.0466612
109	81096	0.193233	-0.0254511	0.0723193	-0.0466612
110	81840	0.200731	-0.0254511	0.0779753	-0.0466612
111	82584	0.202276	-0.0254511	0.0734702	-0.0466612
112	83328	0.210958	-0.0254511	0.0747527	-0.0466612
113	84072	0.228222	-0.0254511	0.0821844	-0.0466612
114	84816	0.227334	-0.0254511	0.0779095	-0.0466612
115	85560	0.229603	-0.0254511	0.0719247	-0.0466612
116	86304	0.236476	-0.0254511	0.0666304	-0.0466612
117	87048	0.230754	-0.0254511	0.0733387	-0.0466612
118	87792	0.217732	-0.0254511	0.0765942	-0.0466612
119	88536	0.225624	-0.0254511	0.0767915	-0.0466612
120	89280	0.237923	-0.0254511	0.0816254	-0.0466612
121	90024	0.219837	-0.0254511	0.07324	-0.0466612
122	90768	0.249366	-0.0254511	0.0951078	-0.0466612
123	91512	0.23983	-0.0254511	0.06617	-0.0466612
124	92256	0.23082	-0.0254511	0.0664988	-0.0466612
125	93000	0.223256	-0.0254511	0.0725495	-0.0466612
126	93744	0.208097	-0.0254511	0.0735689	-0.0466612
127	94488	0.221349	-0.0254511	0.0738977	-0.0466612
128	95232	0.212175	-0.0254511	0.0761667	-0.0466612
129	95976	0.205269	-0.0254511	0.0612374	-0.0466612
130	96720	0.224934	-0.0254511	0.0799812	-0.0466612
131	97464	0.245289	-0.0254511	0.0818227	-0.0466612
132	98208	0.230886	-0.0254511	0.0887612	-0.0466612
133	98952	0.218357	-0.0254511	0.0723522	-0.0466612
134	99696	0.231412	-0.0254511	0.0822173	-0.0466612
135	100440	0.225493	-0.0254511	0.0812637	-0.0466612
136	101184	0.223947	-0.0254511	0.0672223	-0.0466612
137	101928	0.232201	-0.0254511	0.0659727	-0.0466612
138	102672	0.223191	-0.0254511	0.0901423	-0.0466612
139	103416	0.243842	-0.0254511	0.0864265	-0.0466612
140	104160	0.249531	-0.0254511	0.0803101	-0.0466612
141	104904	0.217732	-0.0254511	0.0725823	-0.0466612
142	105648	0.23082	-0.0254511	0.0815596	-0.0466612
143	106392	0.223585	-0.0254511	0.0750158	-0.0466612
144	107136	0.233812	-0.0254511	0.0797182	-0.0466612
145	107880	0.257258	-0.0254511	0.0793893	-0.0466612
146	108624	0.251537	-0.0254511	0.0767586	-0.0466612
147	109368	0.221185	-0.0254511	0.0802772	-0.0466612
148	110112	0.230392	-0.0254511	0.0831052	-0.0466612
149	110856	0.238317	-0.0254511	0.0860976	-0.0466612
150	111600	0.21543	-0.0254511	0.0844534	-0.0466612
151	111042	0.256963	-0.0254511	0.0869855	-0.0466612
152	110298	0.247492	-0.0254511	0.0870184	-0.0466612
153	109554	0.255647	-0.0254511	0.0855057	-0.0466612
154	108810	0.218192	-0.0254511	0.0792578	-0.0466612
155	108066	0.223585	-0.0254511	0.0747527	-0.0466612
156	107322	0.23401	-0.0254511	0.0806718	-0.0466612
157	106578	0.238942	-0.0254511	0.0746869	-0.0466612
158	105834	0.212438	-0.0254511	0.0762982	-0.0466612
159	105090	0.246144	-0.0254511	0.0804745	-0.0466612
160	104346	0.236147	-0.0254511	0.0767257	-0.0466612
161	103602	0.239633	-0.0254511	0.0833025	-0.0466612
162	102858	0.244861	-0.0254511	0.091096	-0.0466612
163	102114	0.232168	-0.0254511	0.0687678	-0.0466612
164	101370	0.216614	-0.0254511	0.0654794	-0.0466612
165	100626	0.228682	-0.0254511	0.0852098	-0.0466612
166	99882	0.2103	-0.0254511	0.0843877	-0.0466612
167	99138	0.222533	-0.0254511	0.0898135	-0.0466612
168	98394	0.236673	-0.0254511	0.0727139	-0.0466612
169	97650	0.252655	-0.0254511	0.0846179	-0.0466612
170	96906	0.236805	-0.0254511	0.0877747	-0.0466612
171	96162	0.225262	-0.0254511	0.0745883	-0.0466612
172	95418	0.228584	-0.0254511	0.075805	-0.0466612
173	94674	0.239501	-0.0254511	0.0825133	-0.0466612
174	93930	0.243809	-0.0254511	0.0826448	-0.0466612
175	93186	0.254398	-0.0254511	0.0837958	-0.0466612
176	92442	0.232102	-0.0254511	0.0777451	-0.0466612
177	91698	0.239271	-0.0254511	0.0846507	-0.0466612
178	90954	0.242296	-0.0254511	0.0847165	-0.0466612
179	90210	0.25614	-0.0254511	0.0768573	-0.0466612
180	89466	0.213654	-0.0254511	0.0736017	-0.0466612
181	88722	0.243579	-0.0254511	0.0881693	-0.0466612
182	87978	0.249005	-0.0254511	0.0905041	-0.0466612
183	87234	0.242198	-0.0254511	0.0763311	-0.0466612
184	86490	0.234042	-0.0254511	0.0773176	-0.0466612
185	85746	0.251438	-0.0254511	0.076923	-0.0466612
186	85002	0.246637	-0.0254511	0.076068	-0.0466612
187	84258	0.240323	-0.0254511	0.089386	-0.0466612
188	83514	0.248413	-0.0254511	0.0903068	-0.0466612
189	82770	0.242888	-0.0254511	0.0903068	-0.0466612
190	82026	0.229472	-0.0254511	0.0777451	-0.0466612
191	81282	0.259429	-0.0254511	0.0878734	-0.0466612
192	80538	0.257357	-0.0254511	0.0883337	-0.0466612
193	79794	0.230458	-0.0254511	0.0879391	-0.0466612
194	79050	0.250649	-0.0254511	0.0859332	-0.0466612
195	78306	0.246571	-0.0254511	0.0807376	-0.0466612
196	77562	0.223454	-0.0254511	0.0842232	-0.0466612
197	76818	0.24736	-0.0254511	0.0776465	-0.0466612
198	76074	0.220198	-0.0254511	0.0883008	-0.0466612
199	75330	0.264493	-0.0254511	0.0892874	-0.0466612
200	74586	0.247755	-0.0254511	0.0866895	-0.0466612
201	73842	0.236936	-0.0254511	0.0844205	-0.0466612
202	73098	0.230721	-0.0254511	0.0798168	-0.0466612
203	72354	0.209116	-0.0254511	0.0852755	-0.0466612
204	71610	0.237758	-0.0254511	0.0680773	-0.0466612
205	70866	0.236344	-0.0254511	0.0802443	-0.0466612
206	70122	0.226611	-0.0254511	0.0917537	-0.0466612
207	69378	0.231642	-0.0254511	0.0717931	-0.0466612
208	68634	0.243677	-0.0254511	0.093924	-0.0466612
209	67890	0.243381	-0.0254511	0.0793893	-0.0466612
210	67146	0.216417	-0.0254511	0.0847165	-0.0466612
211	66402	0.226512	-0.0254511	0.0813623	-0.0466612
212	65658	0.23253	-0.0254511	0.0762982	-0.0466612
213	64914	0.221152	-0.0254511	0.10152	-0.0466612
214	64170	0.227794	-0.0254511	0.084848	-0.0466612
215	63426	0.254069	-0.0254511	0.0829079	-0.0466612
216	62682	0.243085	-0.0254511	0.0827435	-0.0466612
217	61938	0.227729	-0.0254511	0.0828421	-0.0466612
218	61194	0.237035	-0.0254511	0.0832038	-0.0466612
219	60450	0.247492	-0.0254511	0.0856701	-0.0466612
220	59706	0.238449	-0.0254511	0.0914577	-0.0466612
221	58962	0.240948	-0.0254511	0.0929375	-0.0466612
222	58218	0.226972	-0.0254511	0.082316	-0.0466612
223	57474	0.23595	-0.0254511	0.0771861	-0.0466612
224	56730	0.228715	-0.0254511	0.0647889	-0.0466612
225	55986	0.2396	-0.0254511	0.0863278	-0.0466612
226	55242	0.227005	-0.0254511	0.0821516	-0.0466612
227	54498	0.251833	-0.0254511	0.0674525	-0.0466612
228	53754	0.236838	-0.0254511	0.0724508	-0.0466612
229	53010	0.222895	-0.0254511	0.0740292	-0.0466612
230	52266	0.238547	-0.0254511	0.0898135	-0.0466612
231	51522	0.250123	-0.0254511	0.0812637	-0.0466612
232	50778	0.259232	-0.0254511	0.0776794	-0.0466612
233	50034	0.242559	-0.0254511	0.0785672	-0.0466612
234	49290	0.225723	-0.0254511	0.0928717	-0.0466612
235	48546	0.254332	-0.0254511	0.0790605	-0.0466612
236	47802	0.232595	-0.0254511	0.0768244	-0.0466612
237	47058	0.258311	-0.0254511	0.0966862	-0.0466612
238	46314	0.234108	-0.0254511	0.0908329	-0.0466612
239	45570	0.251537	-0.0254511	0.0806389	-0.0466612
240	44826	0.245585	-0.0254511	0.0792578	-0.0466612
241	44082	0.240718	-0.0254511	0.0770217	-0.0466612
242	43338	0.244927	-0.0254511	0.0897806	-0.0466612
243	42594	0.232036	-0.0254511	0.0721877	-0.0466612
244	41850	0.250057	-0.0254511	0.0839273	-0.0466612
245	41106	0.241606	-0.0254511	0.0936938	-0.0466612
246	40362	0.233122	-0.0254511	0.0778767	-0.0466612
247	39618	0.248676	-0.0254511	0.0822173	-0.0466612
248	38874	0.236246	-0.0254511	0.0784028	-0.0466612
249	38130	0.256831	-0.0254511	0.0829737	-0.0466612
250	37386	0.227663	-0.0254511	0.0770217	-0.0466612
251	36642	0.241836	-0.0254511	0.0975412	-0.0466612
252	35898	0.250649	-0.0254511	0.0889585	-0.0466612
253	35154	0.230886	-0.0254511	0.0889585	-0.0466612
254	34410	0.252194	-0.0254511	0.095897	-0.0466612
255	33666	0.244664	-0.0254511	0.0932005	-0.0466612
256	32922	0.244434	-0.0254511	0.0885639	-0.0466612
257	32178	0.242132	-0.0254511	0.0846507	-0.0466612
258	31434	0.228321	-0.0254511	0.0724837	-0.0466612
259	30690	0.228452	-0.0254511	0.0787974	-0.0466612
260	29946	0.235884	-0.0254511	0.087117	-0.0466612
261	29202	0.244763	-0.0254511	0.0863936	-0.0466612
262	28458	0.241902	-0.0254511	0.0806718	-0.0466612
263	27714	0.232267	-0.0254511	0.0810993	-0.0466612
264	26970	0.223224	-0.0254511	0.0800141	-0.0466612
265	26226	0.235785	-0.0254511	0.0731085	-0.0466612
266	25482	0.230886	-0.0254511	0.0815925	-0.0466612
267	24738	0.239337	-0.0254511	0.0790605	-0.0466612
268	23994	0.248577	-0.0254511	0.0873472	-0.0466612
269	23250	0.243414	-0.0254511	0.0940226	-0.0466612
270	22506	0.257949	-0.0254511	0.0880378	-0.0466612
271	21762	0.258377	-0.0254511	0.0773176	-0.0466612
272	21018	0.214411	-0.0254511	0.0803101	-0.0466612
273	20274	0.237725	-0.0254511	0.0790934	-0.0466612
274	19530	0.218982	-0.0254511	0.0788961	-0.0466612
275	18786	0.24496	-0.0254511	0.0736017	-0.0466612
276	18042	0.257982	-0.0254511	0.0772519	-0.0466612
277	17298	0.250846	-0.0254511	0.087972	-0.0466612
278	16554	0.220692	-0.0254511	0.0764626	-0.0466612
279	15810	0.227005	-0.0254511	0.0699845	-0.0466612
280	15066	0.22296	-0.0254511	0.085999	-0.0466612
281	14322	0.237298	-0.0254511	0.0826119	-0.0466612
282	13578	0.225789	-0.0254511	0.0887941	-0.0466612
283	12834	0.209938	-0.0254511	0.0676498	-0.0466612
284	12090	0.250912	-0.0254511	0.0781397	-0.0466612
285	11346	0.234569	-0.0254511	0.0731085	-0.0466612
286	10602	0.239271	-0.0254511	0.0745883	-0.0466612
287	9858	0.238021	-0.0254511	0.0736675	-0.0466612
288	9114	0.202079	-0.0254511	0.0623555	-0.0466612
289	8370	0.231017	-0.0254511	0.0718918	-0.0466612
290	7626	0.225558	-0.0254511	0.0660056	-0.0466612
291	6882	0.213358	-0.0254511	0.0837958	-0.0466612
292	6138	0.241441	-0.0254511	0.0794222	-0.0466612
293	5394	0.24496	-0.0254511	0.0799155	-0.0466612
294	4650	0.222796	-0.0254511	0.0778767	-0.0466612
295	3906	0.184914	-0.0254511	0.056831	-0.0466612
296	3162	0.184289	-0.0254511	0.0730427	-0.0466612
297	2418	0.18008	-0.0254511	0.0809677	-0.0466612
298	1674	0.203592	-0.0254511	0.0598892	-0.0466612
299	930	0.205992	-0.0254511	0.0572913	-0.0466612
300	186	0.235654	-0.0254511	0.0668934	-0.0466612
301	372	0.235193	-0.0254511	0.064756	-0.0466612
302	1116	0.223454	-0.0254511	0.0579161	-0.0466612
303	1860	0.234766	-0.0254511	0.0731414	-0.0466612
304	2604	0.19912	-0.0254511	0.0733058	-0.0466612
305	3348	0.221119	-0.0254511	0.0701489	-0.0466612
306	4092	0.226907	-0.0254511	0.0666961	-0.0466612
307	4836	0.242033	-0.0254511	0.0904383	-0.0466612
308	5580	0.235752	-0.0254511	0.0663344	-0.0466612
309	6324	0.234503	-0.0254511	0.069294	-0.0466612
310	7068	0.225032	-0.0254511	0.0755419	-0.0466612
311	7812	0.205532	-0.0254511	0.0816583	-0.0466612
312	8556	0.204019	-0.0254511	0.0357853	-0.0466612
313	9300	0.216943	-0.0254511	0.0735031	-0.0466612
314	10044	0.238054	-0.0254511	0.0825791	-0.0466612
315	10788	0.182941	-0.0254511	0.0647889	-0.0466612
316	11532	0.203526	-0.0254511	0.0624541	-0.0466612
317	12276	0.232234	-0.0254511	0.0740292	-0.0466612
318	13020	0.237364	-0.0254511	0.0710697	-0.0466612
319	13764	0.197278	-0.0254511	0.0770874	-0.0466612
320	14508	0.207472	-0.0254511	0.0622568	-0.0466612
321	15252	0.210859	-0.0254511	0.0690309	-0.0466612
322	15996	0.194187	-0.0254511	0.0758707	-0.0466612
323	16740	0.210169	-0.0254511	0.0651177	-0.0466612
324	17484	0.222566	-0.0254511	0.0686692	-0.0466612
325	18228	0.22911	-0.0254511	0.0873143	-0.0466612
326	18972	0.249103	-0.0254511	0.0796853	-0.0466612
327	19716	0.24006	-0.0254511	0.0676826	-0.0466612
328	20460	0.244894	-0.0254511	0.0828421	-0.0466612
329	21204	0.252359	-0.0254511	0.0863278	-0.0466612
330	21948	0.241935	-0.0254511	0.084848	-0.0466612
331	22692	0.242296	-0.0254511	0.0836642	-0.0466612
332	23436	0.223125	-0.0254511	0.0694255	-0.0466612
333	24180	0.236903	-0.0254511	0.0639997	-0.0466612
334	24924	0.245453	-0.0254511	0.0718918	-0.0466612
335	25668	0.246505	-0.0254511	0.0776136	-0.0466612
336	26412	0.218521	-0.0254511	0.0830394	-0.0466612
337	27156	0.228584	-0.0254511	0.0922798	-0.0466612
338	27900	0.225887	-0.0254511	0.0753775	-0.0466612
339	28644	0.226249	-0.0254511	0.0780411	-0.0466612
340	29388	0.25203	-0.0254511	0.0932334	-0.0466612
341	30132	0.245552	-0.0254511	0.0827106	-0.0466612
342	30876	0.243546	-0.0254511	0.0832367	-0.0466612
343	31620	0.228847	-0.0254511	0.0813952	-0.0466612
344	32364	0.24006	-0.0254511	0.0884653	-0.0466612
345	33108	0.235851	-0.0254511	0.0851769	-0.0466612
346	33852	0.234404	-0.0254511	0.0932663	-0.0466612
347	34596	0.248873	-0.0254511	0.0870184	-0.0466612
348	35340	0.256469	-0.0254511	0.090241	-0.0466612
349	36084	0.242526	-0.0254511	0.0846836	-0.0466612
350	36828	0.233056	-0.0254511	0.074391	-0.0466612
351	37572	0.250287	-0.0254511	0.0945159	-0.0466612
352	38316	0.251438	-0.0254511	0.0797839	-0.0466612
353	39060	0.241507	-0.0254511	0.0934636	-0.0466612
354	39804	0.234338	-0.0254511	0.0830065	-0.0466612
355	40548	0.261994	-0.0254511	0.0840917	-0.0466612
356	41292	0.219738	-0.0254511	0.0711683	-0.0466612
357	42036	0.243283	-0.0254511	0.0741608	-0.0466612
358	42780	0.23595	-0.0254511	0.081165	-0.0466612
359	43524	0.234601	-0.0254511	0.0817241	-0.0466612
360	44268	0.220132	-0.0254511	0.0891558	-0.0466612
361	45012	0.228386	-0.0254511	0.0752459	-0.0466612
362	45756	0.247591	-0.0254511	0.0810006	-0.0466612
363	46500	0.260251	-0.0254511	0.0769888	-0.0466612
364	47244	0.253575	-0.0254511	0.0745883	-0.0466612
365	47988	0.235391	-0.0254511	0.0838944	-0.0466612
366	48732	0.245618	-0.0254511	0.0711026	-0.0466612
367	49476	0.243053	-0.0254511	0.0668277	-0.0466612
368	50220	0.245486	-0.0254511	0.0748513	-0.0466612
369	50964	0.243349	-0.0254511	0.0826777	-0.0466612
370	51708	0.240488	-0.0254511	0.0926744	-0.0466612
371	52452	0.24473	-0.0254511	0.0784028	-0.0466612
372	53196	0.23595	-0.0254511	0.0813295	-0.0466612
373	53940	0.240323	-0.0254511	0.0764298	-0.0466612
374	54684	0.23766	-0.0254511	0.0841904	-0.0466612
375	55428	0.250945	-0.0254511	0.0634406	-0.0466612
376	56172	0.219869	-0.0254511	0.0866895	-0.0466612
377	56916	0.244467	-0.0254511	0.0952393	-0.0466612
378	57660	0.245322	-0.0254511	0.0866895	-0.0466612
379	58404	0.245979	-0.0254511	0.0951736	-0.0466612
380	59148	0.260152	-0.0254511	0.0917865	-0.0466612
381	59892	0.23401	-0.0254511	0.0871828	-0.0466612
382	60636	0.250484	-0.0254511	0.0796524	-0.0466612
383	61380	0.235259	-0.0254511	0.0717274	-0.0466612
384	62124	0.253773	-0.0254511	0.0851111	-0.0466612
385	62868	0.247525	-0.0254511	0.0958641	-0.0466612
386	63612	0.242921	-0.0254511	0.0920496	-0.0466612
387	64356	0.266828	-0.0254511	0.0932992	-0.0466612
388	65100	0.235884	-0.0254511	0.0877089	-0.0466612
389	65844	0.222829	-0.0254511	0.0691953	-0.0466612
390	66588	0.237364	-0.0254511	0.0755748	-0.0466612
391	67332	0.230195	-0.0254511	0.0824475	-0.0466612
392	68076	0.24394	-0.0254511	0.0866238	-0.0466612
393	68820	0.242954	-0.0254511	0.0855057	-0.0466612
394	69564	0.236805	-0.0254511	0.0878405	-0.0466612
395	70308	0.246045	-0.0254511	0.0879391	-0.0466612
396	71052	0.220067	-0.0254511	0.077482	-0.0466612
397	71796	0.22934	-0.0254511	0.087413	-0.0466612
398	72540	0.2323	-0.0254511	0.0799812	-0.0466612
399	73284	0.235292	-0.0254511	0.0825791	-0.0466612
400	74028	0.251931	-0.0254511	0.0734044	-0.0466612
401	74772	0.242494	-0.0254511	0.0841904	-0.0466612
402	75516	0.223388	-0.0254511	0.0747198	-0.0466612
403	76260	0.246177	-0.0254511	0.0753117	-0.0466612
404	77004	0.247426	-0.0254511	0.0823817	-0.0466612
405	77748	0.237824	-0.0254511	0.084848	-0.0466612
406	78492	0.241408	-0.0254511	0.0773505	-0.0466612
407	79236	0.247591	-0.0254511	0.0987908	-0.0466612
408	79980	0.241277	-0.0254511	0.0739635	-0.0466612
409	80724	0.249531	-0.0254511	0.0760023	-0.0466612
410	81468	0.248873	-0.0254511	0.0981002	-0.0466612
411	82212	0.230162	-0.0254511	0.0752459	-0.0466612
412	82956	0.231741	-0.0254511	0.0788961	-0.0466612
413	83700	0.228189	-0.0254511	0.0818885	-0.0466612
414	84444	0.233516	-0.0254511	0.07324	-0.0466612
415	85188	0.245453	-0.0254511	0.0752131	-0.0466612
416	85932	0.229439	-0.0254511	0.0833354	-0.0466612
417	86676	0.240981	-0.0254511	0.0742265	-0.0466612
418	87420	0.246275	-0.0254511	0.0741608	-0.0466612
419	88164	0.240027	-0.0254511	0.0706093	-0.0466612
420	88908	0.238515	-0.0254511	0.0814281	-0.0466612
421	89652	0.226808	-0.0254511	0.080047	-0.0466612
422	90396	0.228847	-0.0254511	0.0671236	-0.0466612
423	91140	0.224013	-0.0254511	0.0769888	-0.0466612
424	91884	0.243645	-0.0254511	0.0751144	-0.0466612
425	92628	0.236476	-0.0254511	0.0824804	-0.0466612
426	93372	0.237627	-0.0254511	0.0850782	-0.0466612
427	94116	0.210728	-0.0254511	0.0666961	-0.0466612
428	94860	0.204019	-0.0254511	0.0798826	-0.0466612
429	95604	0.212964	-0.0254511	0.0730427	-0.0466612
430	96348	0.227794	-0.0254511	0.0851769	-0.0466612
431	97092	0.228222	-0.0254511	0.0753775	-0.0466612
432	97836	0.240192	-0.0254511	0.0775478	-0.0466612
433	98580	0.22957	-0.0254511	0.0748185	-0.0466612
434	99324	0.235391	-0.0254511	0.0633091	-0.0466612
435	100068	0.196949	-0.0254511	0.0650848	-0.0466612
436	100812	0.195437	-0.0254511	0.0730427	-0.0466612
437	101556	0.210793	-0.0254511	0.0682088	-0.0466612
438	102300	0.231346	-0.0254511	0.0705435	-0.0466612
439	103044	0.22717	-0.0254511	0.0734044	-0.0466612
440	103788	0.244664	-0.0254511	0.0778109	-0.0466612
441	104532	0.24154	-0.0254511	0.0660713	-0.0466612
442	105276	0.21418	-0.0254511	0.0632433	-0.0466612
443	106020	0.245881	-0.0254511	0.0803758	-0.0466612
444	106764	0.207702	-0.0254511	0.0836642	-0.0466612
445	107508	0.231116	-0.0254511	0.073536	-0.0466612
446	108252	0.208722	-0.0254511	0.0814281	-0.0466612
447	108996	0.223092	-0.0254511	0.086262	-0.0466612
448	109740	0.231477	-0.0254511	0.0786659	-0.0466612
449	110484	0.220165	-0.0254511	0.0666961	-0.0466612
450	111228	0.208459	-0.0254511	0.0673209	-0.0466612
451	111414	0.19228	-0.0254511	0.0713328	-0.0466612
452	110670	0.247656	-0.0254511	0.0608757	-0.0466612
453	109926	0.234634	-0.0254511	0.0614347	-0.0466612
454	109182	0.211911	-0.0254511	0.0821516	-0.0466612
455	108438	0.234667	-0.0254511	0.0733716	-0.0466612
456	107694	0.243612	-0.0254511	0.090241	-0.0466612
457	106950	0.201191	-0.0254511	0.0756077	-0.0466612
458	106206	0.224407	-0.0254511	0.0693926	-0.0466612
459	105462	0.195239	-0.0254511	0.0641312	-0.0466612
460	104718	0.204743	-0.0254511	0.0725823	-0.0466612
461	103974	0.221481	-0.0254511	0.0711026	-0.0466612
462	103230	0.220461	-0.0254511	0.0776136	-0.0466612
463	102486	0.233187	-0.0254511	0.0748842	-0.0466612
464	101742	0.205236	-0.0254511	0.0635393	-0.0466612
465	100998	0.24302	-0.0254511	0.0731414	-0.0466612
466	100254	0.211648	-0.0254511	0.0698859	-0.0466612
467	99510	0.132267	-0.0254511	0.0455189	-0.0466612
468	98766	0.18567	-0.0254511	0.0642956	-0.0466612
469	98022	0.221185	-0.0254511	0.0637366	-0.0466612
470	97278	0.200073	-0.0254511	0.0679457	-0.0466612
471	96534	0.229735	-0.0254511	0.0739964	-0.0466612
472	95790	0.198725	-0.0254511	0.0621582	-0.0466612
473	95046	0.21839	-0.0254511	0.0645258	-0.0466612
474	94302	0.184552	-0.0254511	0.0627172	-0.0466612
475	93558	0.155844	-0.0254511	0.0635722	-0.0466612
476	92814	0.196884	-0.0254511	0.0616978	-0.0466612
477	92070	0.227367	-0.0254511	0.0724837	-0.0466612
478	91326	0.217732	-0.0254511	0.0611059	-0.0466612
479	90582	0.220297	-0.0254511	0.0745554	-0.0466612
480	89838	0.240849	-0.0254511	0.0830394	-0.0466612
481	89094	0.226742	-0.0254511	0.0720891	-0.0466612
482	88350	0.195765	-0.0254511	0.0737333	-0.0466612
483	87606	0.212043	-0.0254511	0.0870513	-0.0466612
484	86862	0.208294	-0.0254511	0.0674853	-0.0466612
485	86118	0.224802	-0.0254511	0.0852426	-0.0466612
486	85374	0.217304	-0.0254511	0.0744238	-0.0466612
487	84630	0.222599	-0.0254511	0.0722864	-0.0466612
488	83886	0.223947	-0.0254511	0.07324	-0.0466612
489	83142	0.191556	-0.0254511	0.0677484	-0.0466612
490	82398	0.206716	-0.0254511	0.0712012	-0.0466612
491	81654	0.217535	-0.0254511	0.0733058	-0.0466612
492	80910	0.211155	-0.0254511	0.0766928	-0.0466612
493	80166	0.226348	-0.0254511	0.0739964	-0.0466612
494	79422	0.224342	-0.0254511	0.0655781	-0.0466612
495	78678	0.232464	-0.0254511	0.0746869	-0.0466612
496	77934	0.216614	-0.0254511	0.0659398	-0.0466612
497	77190	0.164098	-0.0254511	0.0638681	-0.0466612
498	76446	0.192674	-0.0254511	0.0587382	-0.0466612
499	75702	0.206551	-0.0254511	0.0630789	-0.0466612
500	74958	0.187972	-0.0254511	0.0684061	-0.0466612
501	74214	0.198265	-0.0254511	0.0663015	-0.0466612
502	73470	0.222895	-0.0254511	0.0696228	-0.0466612
503	72726	0.2103	-0.0254511	0.0597905	-0.0466612
504	71982	0.184684	-0.0254511	0.0735031	-0.0466612
505	71238	0.18248	-0.0254511	0.0605797	-0.0466612
506	70494	0.175608	-0.0254511	0.0593301	-0.0466612
507	69750	0.160547	-0.0254511	0.0581463	-0.0466612
508	69006	0.225131	-0.0254511	0.0664988	-0.0466612
509	68262	0.201586	-0.0254511	0.0690638	-0.0466612
510	67518	0.226413	-0.0254511	0.0617635	-0.0466612
511	66774	0.233977	-0.0254511	0.0633091	-0.0466612
512	66030	0.183763	-0.0254511	0.0617964	-0.0466612
513	65286	0.210629	-0.0254511	0.0671565	-0.0466612
514	64542	0.239304	-0.0254511	0.0777122	-0.0466612
515	63798	0.209544	-0.0254511	0.0728454	-0.0466612
516	63054	0.236739	-0.0254511	0.063901	-0.0466612
517	62310	0.241376	-0.0254511	0.0737662	-0.0466612
518	61566	0.227235	-0.0254511	0.0769559	-0.0466612
519	60822	0.210958	-0.0254511	0.0528191	-0.0466612
520	60078	0.206716	-0.0254511	0.0611388	-0.0466612
521	59334	0.22227	-0.0254511	0.0642956	-0.0466612
522	58590	0.208853	-0.0254511	0.0641641	-0.0466612
523	57846	0.201783	-0.0254511	0.0761338	-0.0466612
524	57102	0.215397	-0.0254511	0.0597576	-0.0466612
525	56358	0.241014	-0.0254511	0.0606126	-0.0466612
526	55614	0.217633	-0.0254511	0.0670907	-0.0466612
527	54870	0.212766	-0.0254511	0.0623555	-0.0466612
528	54126	0.204085	-0.0254511	0.0702476	-0.0466612
529	53382	0.226413	-0.0254511	0.0698859	-0.0466612
530	52638	0.198166	-0.0254511	0.0631447	-0.0466612
531	51894	0.228386	-0.0254511	0.0596261	-0.0466612
532	51150	0.229077	-0.0254511	0.0826777	-0.0466612
533	50406	0.233418	-0.0254511	0.075805	-0.0466612
534	49662	0.235456	-0.0254511	0.0779424	-0.0466612
535	48918	0.242822	-0.0254511	0.0716945	-0.0466612
536	48174	0.236278	-0.0254511	0.0738319	-0.0466612
537	47430	0.245223	-0.0254511	0.0635722	-0.0466612
538	46686	0.23059	-0.0254511	0.09251	-0.0466612
539	45942	0.210728	-0.0254511	0.0724179	-0.0466612
540	45198	0.235193	-0.0254511	0.0608428	-0.0466612
541	44454	0.217173	-0.0254511	0.0643285	-0.0466612
542	43710	0.22079	-0.0254511	0.070708	-0.0466612
543	42966	0.228715	-0.0254511	0.0688007	-0.0466612
544	42222	0.251043	-0.0254511	0.07324	-0.0466612
545	41478	0.24177	-0.0254511	0.0736675	-0.0466612
546	40734	0.24029	-0.0254511	0.0758379	-0.0466612
547	39990	0.247985	-0.0254511	0.0628816	-0.0466612
548	39246	0.243151	-0.0254511	0.0799155	-0.0466612
549	38502	0.247788	-0.0254511	0.0829079	-0.0466612
550	37758	0.253806	-0.0254511	0.0700832	-0.0466612
551	37014	0.243381	-0.0254511	0.0697872	-0.0466612
552	36270	0.223388	-0.0254511	0.0713328	-0.0466612
553	35526	0.236048	-0.0254511	0.0719576	-0.0466612
554	34782	0.228617	-0.0254511	0.0784028	-0.0466612
555	34038	0.222928	-0.0254511	0.0696886	-0.0466612
556	33294	0.208459	-0.0254511	0.0753117	-0.0466612
557	32550	0.220461	-0.0254511	0.0707737	-0.0466612
558	31806	0.255581	-0.0254511	0.0628487	-0.0466612
559	31062	0.206354	-0.0254511	0.072122	-0.0466612
560	30318	0.205137	-0.0254511	0.059363	-0.0466612
561	29574	0.23345	-0.0254511	0.0709382	-0.0466612
562	28830	0.234404	-0.0254511	0.0795866	-0.0466612
563	28086	0.227992	-0.0254511	0.0723522	-0.0466612
564	27342	0.247755	-0.0254511	0.0685047	-0.0466612
565	26598	0.220922	-0.0254511	0.0813623	-0.0466612
566	25854	0.235851	-0.0254511	0.0780082	-0.0466612
567	25110	0.226183	-0.0254511	0.0746211	-0.0466612
568	24366	0.218949	-0.0254511	0.075805	-0.0466612
569	23622	0.234897	-0.0254511	0.0664988	-0.0466612
570	22878	0.224276	-0.0254511	0.0768573	-0.0466612
571	22134	0.241967	-0.0254511	0.0690309	-0.0466612
572	21390	0.227531	-0.0254511	0.0724179	-0.0466612
573	20646	0.234667	-0.0254511	0.0592315	-0.0466612
574	19902	0.247459	-0.0254511	0.0779753	-0.0466612
575	19158	0.209182	-0.0254511	0.0744896	-0.0466612
576	18414	0.219047	-0.0254511	0.0671565	-0.0466612
577	17670	0.244795	-0.0254511	0.0829737	-0.0466612
578	16926	0.233385	-0.0254511	0.0727468	-0.0466612
579	16182	0.226348	-0.0254511	0.0753117	-0.0466612
580	15438	0.226019	-0.0254511	0.0660385	-0.0466612
581	14694	0.214608	-0.0254511	0.0679128	-0.0466612
582	13950	0.208459	-0.0254511	0.0757392	-0.0466612
583	13206	0.204052	-0.0254511	0.0609743	-0.0466612
584	12462	0.224966	-0.0254511	0.0572256	-0.0466612
585	11718	0.248314	-0.0254511	0.0768901	-0.0466612
586	10974	0.229965	-0.0254511	0.0781068	-0.0466612
587	10230	0.207308	-0.0254511	0.0823817	-0.0466612
588	9486	0.233681	-0.0254511	0.0805074	-0.0466612
589	8742	0.225657	-0.0254511	0.0780411	-0.0466612
590	7998	0.223684	-0.0254511	0.0713656	-0.0466612
591	7254	0.220363	-0.0254511	0.0684061	-0.0466612
592	6510	0.212503	-0.0254511	0.073536	-0.0466612
593	5766	0.236081	-0.0254511	0.0761996	-0.0466612
594	5022	0.233549	-0.0254511	0.0719576	-0.0466612
595	4278	0.219606	-0.0254511	0.065874	-0.0466612
596	3534	0.219376	-0.0254511	0.0645258	-0.0466612
597	2790	0.222073	-0.0254511	0.0814281	-0.0466612
598	2046	0.221382	-0.0254511	0.0705107	-0.0466612
599	1302	0.202145	-0.0254511	0.0606126	-0.0466612
600	558	0.245716	-0.0245961	0.0776136	-0.0464047
