# Filename	27_delay.txt
# Date	2016-09-28
# Title	DL-Pro & DL-100 Locked delay scan.
# DL-Pro	365824.8 GHz
# DL-100	365808.9 GHz
# Static	-4000 mV Pulsed
# MWOn	On
# MWf	15931.6 MHz
# Attn	44 dB
# FixedAttn	6 dB
# B2	B2 = T2 + 2.050 us
# HP214B	HP 214B FIP at 5.5 on 100V setting ; Applied to Top ; Mesh & Vin of MCP @ +25V ; Vout of MCP @ +2025 V
# Oven	32 A
# Boxcar	Gate = 200 ns ; Amp = 25x ; Sensitivity = 5 mV
# Offset	+/- 30 mV IR/Oven offset.
# Bias	Top: 0 V ; Bot: -0.445 V ; IR: +0.055 V ; Oven: -0.055 V ; Vis: -0.010 V ; MW: +0.010 V
# Passes	4
i, step, norm, nbackground, signal, sbackground
0	0	0.260481	-0.0220871	-0.0152505	-0.0425112	
1	744	0.222533	-0.0220871	-0.00962736	-0.0425112	
2	1488	0.248544	-0.0220871	-0.013113	-0.0425112	
3	2232	0.238416	-0.0220871	-0.0152834	-0.0425112	
4	2976	0.250682	-0.0220871	-0.0122581	-0.0425112	
5	3720	0.233779	-0.0220871	-0.0132117	-0.0425112	
6	4464	0.231346	-0.0220871	-0.0174208	-0.0425112	
7	5208	0.211024	-0.0220871	-0.0140009	-0.0425112	
8	5952	0.231412	-0.0220871	-0.0133104	-0.0425112	
9	6696	0.237528	-0.0220871	-0.0147901	-0.0425112	
10	7440	0.246801	-0.0220871	-0.0117648	-0.0425112	
11	8184	0.262355	-0.0220871	-0.0102193	-0.0425112	
12	8928	0.268143	-0.0220871	-0.0134748	-0.0425112	
13	9672	0.26252	-0.0220871	-0.00929852	-0.0425112	
14	10416	0.248709	-0.0220871	-0.0180456	-0.0425112	
15	11160	0.253378	-0.0220871	-0.0101206	-0.0425112	
16	11904	0.245387	-0.0220871	-0.0100548	-0.0425112	
17	12648	0.258113	-0.0220871	-0.00985754	-0.0425112	
18	13392	0.227794	-0.0220871	-0.00656916	-0.0425112	
19	14136	0.305072	-0.0220871	-0.00561552	-0.0425112	
20	14880	0.265019	-0.0220871	-0.0158095	-0.0425112	
21	15624	0.269261	-0.0220871	-0.0120936	-0.0425112	
22	16368	0.285539	-0.0220871	-0.00653627	-0.0425112	
23	17112	0.256699	-0.0220871	-0.00650339	-0.0425112	
24	17856	0.278962	-0.0220871	-0.00686511	-0.0425112	
25	18600	0.263474	-0.0220871	-0.00581283	-0.0425112	
26	19344	0.276101	-0.0220871	-0.00426728	-0.0425112	
27	20088	0.273569	-0.0220871	-0.00699665	-0.0425112	
28	20832	0.27791	-0.0220871	-0.00814758	-0.0425112	
29	21576	0.271859	-0.0220871	-0.00956159	-0.0425112	
30	22320	0.229866	-0.0220871	-0.0111729	-0.0425112	
31	23064	0.244631	-0.0220871	-0.00966024	-0.0425112	
32	23808	0.265052	-0.0220871	-0.00998908	-0.0425112	
33	24552	0.249366	-0.0220871	-0.0120279	-0.0425112	
34	25296	0.251076	-0.0220871	-0.00860796	-0.0425112	
35	26040	0.250287	-0.0220871	-0.00847642	-0.0425112	
36	26784	0.27199	-0.0220871	-0.0091341	-0.0425112	
37	27528	0.239238	-0.0220871	-0.0151518	-0.0425112	
38	28272	0.241244	-0.0220871	-0.00768721	-0.0425112	
39	29016	0.268735	-0.0220871	-0.0139023	-0.0425112	
40	29760	0.25009	-0.0220871	-0.00923275	-0.0425112	
41	30504	0.251274	-0.0220871	-0.00380691	-0.0425112	
42	31248	0.265907	-0.0220871	-0.00758856	-0.0425112	
43	31992	0.258113	-0.0220871	-0.00732548	-0.0425112	
44	32736	0.274062	-0.0220871	-0.00768721	-0.0425112	
45	33480	0.222138	-0.0220871	-0.00919987	-0.0425112	
46	34224	0.241441	-0.0220871	-0.0103508	-0.0425112	
47	34968	0.244795	-0.0220871	-0.00772009	-0.0425112	
48	35712	0.229866	-0.0220871	-0.019361	-0.0425112	
49	36456	0.246341	-0.0220871	-0.00673357	-0.0425112	
50	37200	0.274358	-0.0220871	-0.0109427	-0.0425112	
51	37944	0.265808	-0.0220871	-0.0152176	-0.0425112	
52	38688	0.237857	-0.0220871	-0.0124554	-0.0425112	
53	39432	0.237528	-0.0220871	0.00457848	-0.0425112	
54	40176	0.239962	-0.0220871	-0.0135405	-0.0425112	
55	40920	0.240619	-0.0220871	-0.018802	-0.0425112	
56	41664	0.231872	-0.0220871	-0.0113373	-0.0425112	
57	42408	0.236706	-0.0220871	-0.00890391	-0.0425112	
58	43152	0.235226	-0.0220871	-0.00476054	-0.0425112	
59	43896	0.22638	-0.0220871	-0.00788451	-0.0425112	
60	44640	0.213424	-0.0220871	-0.0177497	-0.0425112	
61	45384	0.22809	-0.0220871	-0.016533	-0.0425112	
62	46128	0.222632	-0.0220871	-0.0214656	-0.0425112	
63	46872	0.209116	-0.0220871	-0.0101535	-0.0425112	
64	47616	0.21714	-0.0220871	-0.00969312	-0.0425112	
65	48360	0.218061	-0.0220871	-0.0158424	-0.0425112	
66	49104	0.229702	-0.0220871	-0.00827912	-0.0425112	
67	49848	0.219475	-0.0220871	-0.0151518	-0.0425112	
68	50592	0.239304	-0.0220871	-0.00919987	-0.0425112	
69	51336	0.206354	-0.0220871	-0.0158424	-0.0425112	
70	52080	0.212635	-0.0220871	-0.0103837	-0.0425112	
71	52824	0.238778	-0.0220871	-0.0109756	-0.0425112	
72	53568	0.234766	-0.0220871	-0.0132117	-0.0425112	
73	54312	0.23059	-0.0220871	-0.00791739	-0.0425112	
74	55056	0.238021	-0.0220871	-0.00995619	-0.0425112	
75	55800	0.234536	-0.0220871	-0.0122581	-0.0425112	
76	56544	0.239008	-0.0220871	-0.0181443	-0.0425112	
77	57288	0.21303	-0.0220871	-0.0176181	-0.0425112	
78	58032	0.23276	-0.0220871	-0.0133432	-0.0425112	
79	58776	0.244269	-0.0220871	-0.0214656	-0.0425112	
80	59520	0.258048	-0.0220871	-0.0070953	-0.0425112	
81	60264	0.234897	-0.0220871	-0.0133432	-0.0425112	
82	61008	0.261698	-0.0220871	-0.00959447	-0.0425112	
83	61752	0.263441	-0.0220871	-0.0112715	-0.0425112	
84	62496	0.237857	-0.0220871	-0.0240963	-0.0425112	
85	63240	0.25032	-0.0220871	-0.0134748	-0.0425112	
86	63984	0.240323	-0.0220871	-0.013705	-0.0425112	
87	64728	0.27324	-0.0220871	-0.0062732	-0.0425112	
88	65472	0.258015	-0.0220871	-0.00344519	-0.0425112	
89	66216	0.269656	-0.0220871	-0.00890391	-0.0425112	
90	66960	0.251339	-0.0220871	-0.00873949	-0.0425112	
91	67704	0.249301	-0.0220871	-0.00689799	-0.0425112	
92	68448	0.26469	-0.0220871	-0.0190321	-0.0425112	
93	69192	0.240093	-0.0220871	-0.0161712	-0.0425112	
94	69936	0.259034	-0.0220871	-0.0052538	-0.0425112	
95	70680	0.252589	-0.0220871	-0.0102193	-0.0425112	
96	71424	0.272977	-0.0220871	-0.00512226	-0.0425112	
97	72168	0.266992	-0.0220871	-0.0113373	-0.0425112	
98	72912	0.271234	-0.0220871	-0.0137707	-0.0425112	
99	73656	0.276002	-0.0220871	-0.00870661	-0.0425112	
100	74400	0.266959	-0.0220871	-0.00982466	-0.0425112	
101	75144	0.255516	-0.0220871	-0.00518803	-0.0425112	
102	75888	0.240257	-0.0220871	-0.00656916	-0.0425112	
103	76632	0.245124	-0.0220871	-0.0121923	-0.0425112	
104	77376	0.255581	-0.0220871	-0.0133761	-0.0425112	
105	78120	0.248117	-0.0220871	-0.00242579	-0.0425112	
106	78864	0.248018	-0.0220871	-0.00785163	-0.0425112	
107	79608	0.241277	-0.0220871	-0.00926563	-0.0425112	
108	80352	0.244236	-0.0220871	-0.00354384	-0.0425112	
109	81096	0.229011	-0.0220871	-0.01285	-0.0425112	
110	81840	0.242658	-0.0220871	-0.0135077	-0.0425112	
111	82584	0.250221	-0.0220871	-0.0155136	-0.0425112	
112	83328	0.262125	-0.0220871	-0.00860796	-0.0425112	
113	84072	0.247854	-0.0220871	-0.00778586	-0.0425112	
114	84816	0.243053	-0.0220871	-0.0150203	-0.0425112	
115	85560	0.222467	-0.0220871	-0.0108769	-0.0425112	
116	86304	0.234864	-0.0220871	-0.0141982	-0.0425112	
117	87048	0.215858	-0.0220871	-0.0122909	-0.0425112	
118	87792	0.227334	-0.0220871	-0.0222219	-0.0425112	
119	88536	0.229077	-0.0220871	-0.00499073	-0.0425112	
120	89280	0.243053	-0.0220871	-0.0155465	-0.0425112	
121	90024	0.255088	-0.0220871	-0.0130144	-0.0425112	
122	90768	0.232168	-0.0220871	-0.0104166	-0.0425112	
123	91512	0.140981	-0.0220871	-0.0148559	-0.0425112	
124	92256	0.251931	-0.0220871	-0.01992	-0.0425112	
125	93000	0.220396	-0.0220871	-0.012554	-0.0425112	
126	93744	0.244565	-0.0220871	-0.0179141	-0.0425112	
127	94488	0.240126	-0.0220871	-0.0127513	-0.0425112	
128	95232	0.262816	-0.0220871	-0.0113373	-0.0425112	
129	95976	0.230458	-0.0220871	-0.0105481	-0.0425112	
130	96720	0.20448	-0.0220871	-0.0195583	-0.0425112	
131	97464	0.197311	-0.0220871	-0.013113	-0.0425112	
132	98208	0.238087	-0.0220871	-0.0109756	-0.0425112	
133	98952	0.229044	-0.0220871	-0.0149874	-0.0425112	
134	99696	0.239172	-0.0220871	-0.0146915	-0.0425112	
135	100440	0.213917	-0.0220871	-0.0119292	-0.0425112	
136	101184	0.262783	-0.0220871	-0.00995619	-0.0425112	
137	101928	0.235983	-0.0220871	-0.0120608	-0.0425112	
138	102672	0.230557	-0.0220871	-0.00791739	-0.0425112	
139	103416	0.255614	-0.0220871	-0.00180099	-0.0425112	
140	104160	0.24907	-0.0220871	-0.00209695	-0.0425112	
141	104904	0.261336	-0.0220871	-0.00814758	-0.0425112	
142	105648	0.272319	-0.0220871	-0.00716106	-0.0425112	
143	106392	0.266598	-0.0220871	-0.0115346	-0.0425112	
144	107136	0.239534	-0.0220871	-0.0103179	-0.0425112	
145	107880	0.246242	-0.0220871	-0.0117648	-0.0425112	
146	108624	0.218554	-0.0220871	-0.0110742	-0.0425112	
147	109368	0.224999	-0.0220871	-0.0156122	-0.0425112	
148	110112	0.25568	-0.0220871	-0.0136063	-0.0425112	
149	110856	0.244335	-0.0220871	-0.0162699	-0.0425112	
150	111600	0.254924	-0.0220871	-0.0138036	-0.0425112	
151	111042	0.253641	-0.0220871	-0.0133104	-0.0425112	
152	110298	0.232793	-0.0220871	-0.0178483	-0.0425112	
153	109554	0.220922	-0.0220871	-0.0161055	-0.0425112	
154	108810	0.252096	-0.0220871	-0.0140996	-0.0425112	
155	108066	0.229998	-0.0220871	-0.00969312	-0.0425112	
156	107322	0.260876	-0.0220871	-0.0074899	-0.0425112	
157	106578	0.257883	-0.0220871	-0.00880526	-0.0425112	
158	105834	0.239731	-0.0220871	-0.0149545	-0.0425112	
159	105090	0.258245	-0.0220871	-0.0112058	-0.0425112	
160	104346	0.247097	-0.0220871	-0.0112058	-0.0425112	
161	103602	0.221382	-0.0220871	-0.0129815	-0.0425112	
162	102858	0.237725	-0.0220871	-0.00975889	-0.0425112	
163	102114	0.247196	-0.0220871	-0.0140667	-0.0425112	
164	101370	0.238679	-0.0220871	-0.0155465	-0.0425112	
165	100626	0.263178	-0.0220871	-0.0176181	-0.0425112	
166	99882	0.244565	-0.0220871	-0.0138694	-0.0425112	
167	99138	0.220955	-0.0220871	-0.0157438	-0.0425112	
168	98394	0.235785	-0.0220871	-0.0146915	-0.0425112	
169	97650	0.25351	-0.0220871	-0.012554	-0.0425112	
170	96906	0.236476	-0.0220871	-0.0179141	-0.0425112	
171	96162	0.231083	-0.0220871	-0.0187033	-0.0425112	
172	95418	0.227466	-0.0220871	-0.0150861	-0.0425112	
173	94674	0.268143	-0.0220871	-0.00857507	-0.0425112	
174	93930	0.237298	-0.0220871	-0.0152834	-0.0425112	
175	93186	0.213457	-0.0220871	-0.0126527	-0.0425112	
176	92442	0.23789	-0.0220871	-0.0161384	-0.0425112	
177	91698	0.25864	-0.0220871	-0.0116004	-0.0425112	
178	90954	0.250747	-0.0220871	-0.0104495	-0.0425112	
179	90210	0.234601	-0.0220871	-0.00630608	-0.0425112	
180	89466	0.187906	-0.0220871	-0.0105481	-0.0425112	
181	88722	0.23493	-0.0220871	-0.0153163	-0.0425112	
182	87978	0.212931	-0.0220871	-0.0137378	-0.0425112	
183	87234	0.241441	-0.0220871	-0.0136721	-0.0425112	
184	86490	0.274983	-0.0220871	-0.011995	-0.0425112	
185	85746	0.246078	-0.0220871	-0.00696376	-0.0425112	
186	85002	0.235687	-0.0220871	-0.0137378	-0.0425112	
187	84258	0.217568	-0.0220871	-0.0110742	-0.0425112	
188	83514	0.238219	-0.0220871	-0.0072926	-0.0425112	
189	82770	0.249925	-0.0220871	-0.0159411	-0.0425112	
190	82026	0.244302	-0.0220871	-0.0154478	-0.0425112	
191	81282	0.246637	-0.0220871	-0.00702953	-0.0425112	
192	80538	0.251964	-0.0220871	-0.0129486	-0.0425112	
193	79794	0.230359	-0.0220871	-0.00827912	-0.0425112	
194	79050	0.248182	-0.0220871	-0.00449747	-0.0425112	
195	78306	0.219705	-0.0220871	-0.0103837	-0.0425112	
196	77562	0.252227	-0.0220871	-0.0108769	-0.0425112	
197	76818	0.266302	-0.0220871	-0.0194596	-0.0425112	
198	76074	0.239633	-0.0220871	-0.0121923	-0.0425112	
199	75330	0.207538	-0.0220871	-0.015678	-0.0425112	
200	74586	0.223191	-0.0220871	-0.0141982	-0.0425112	
201	73842	0.192937	-0.0220871	-0.0182758	-0.0425112	
202	73098	0.209379	-0.0220871	-0.0192623	-0.0425112	
203	72354	0.246078	-0.0220871	-0.0153492	-0.0425112	
204	71610	0.25739	-0.0220871	-0.00538534	-0.0425112	
205	70866	0.22056	-0.0220871	-0.00857507	-0.0425112	
206	70122	0.242855	-0.0220871	-0.0164014	-0.0425112	
207	69378	0.239666	-0.0220871	-0.0170591	-0.0425112	
208	68634	0.260514	-0.0220871	-0.00946294	-0.0425112	
209	67890	0.220724	-0.0220871	-0.0104823	-0.0425112	
210	67146	0.246637	-0.0220871	-0.00683223	-0.0425112	
211	66402	0.248774	-0.0220871	-0.017388	-0.0425112	
212	65658	0.236739	-0.0220871	-0.00995619	-0.0425112	
213	64914	0.225328	-0.0220871	-0.00558264	-0.0425112	
214	64170	0.218258	-0.0220871	-0.00531957	-0.0425112	
215	63426	0.238843	-0.0220871	-0.0124554	-0.0425112	
216	62682	0.227334	-0.0220871	-0.014264	-0.0425112	
217	61938	0.258311	-0.0220871	-0.0156122	-0.0425112	
218	61194	0.24223	-0.0220871	-0.00778586	-0.0425112	
219	60450	0.218554	-0.0220871	-0.00324788	-0.0425112	
220	59706	0.266565	-0.0220871	-0.00617455	-0.0425112	
221	58962	0.270083	-0.0220871	-0.0122252	-0.0425112	
222	58218	0.244401	-0.0220871	-0.0070953	-0.0425112	
223	57474	0.222895	-0.0220871	-0.0180127	-0.0425112	
224	56730	0.246341	-0.0220871	-0.00541822	-0.0425112	
225	55986	0.252688	-0.0220871	-0.0159739	-0.0425112	
226	55242	0.254989	-0.0220871	-0.00975889	-0.0425112	
227	54498	0.260909	-0.0220871	-0.00854219	-0.0425112	
228	53754	0.257522	-0.0220871	-0.0114689	-0.0425112	
229	53010	0.259264	-0.0220871	-0.0165987	-0.0425112	
230	52266	0.275805	-0.0220871	-0.0150532	-0.0425112	
231	51522	0.259922	-0.0220871	-0.0130802	-0.0425112	
232	50778	0.235391	-0.0220871	-0.00620743	-0.0425112	
233	50034	0.263934	-0.0220871	-0.00795028	-0.0425112	
234	49290	0.257357	-0.0220871	-0.0127184	-0.0425112	
235	48546	0.2591	-0.0220871	-0.0110085	-0.0425112	
236	47802	0.274851	-0.0220871	-0.00966024	-0.0425112	
237	47058	0.267584	-0.0220871	-0.0156122	-0.0425112	
238	46314	0.277712	-0.0220871	-0.00699665	-0.0425112	
239	45570	0.249794	-0.0220871	-0.00962736	-0.0425112	
240	44826	0.260744	-0.0220871	-0.0177826	-0.0425112	
241	44082	0.240356	-0.0220871	-0.0151518	-0.0425112	
242	43338	0.254661	-0.0220871	-0.0103508	-0.0425112	
243	42594	0.272747	-0.0220871	-0.0150532	-0.0425112	
244	41850	0.274128	-0.0220871	-0.000781593	-0.0425112	
245	41106	0.271859	-0.0220871	-0.0130802	-0.0425112	
246	40362	0.252786	-0.0220871	-0.00278751	-0.0425112	
247	39618	0.22911	-0.0220871	-0.0127842	-0.0425112	
248	38874	0.239929	-0.0220871	-0.00906833	-0.0425112	
249	38130	0.242625	-0.0220871	-0.00426728	-0.0425112	
250	37386	0.239172	-0.0220871	-0.00702953	-0.0425112	
251	36642	0.276035	-0.0220871	-0.00291904	-0.0425112	
252	35898	0.272517	-0.0220871	-0.00821335	-0.0425112	
253	35154	0.28567	-0.0220871	-0.010285	-0.0425112	
254	34410	0.235687	-0.0220871	-0.00706241	-0.0425112	
255	33666	0.249399	-0.0220871	-0.00693088	-0.0425112	
256	32922	0.265743	-0.0220871	-0.00739125	-0.0425112	
257	32178	0.257357	-0.0220871	-0.0121265	-0.0425112	
258	31434	0.243842	-0.0220871	-0.00867372	-0.0425112	
259	30690	0.277219	-0.0220871	-0.00768721	-0.0425112	
260	29946	0.276726	-0.0220871	-0.0121923	-0.0425112	
261	29202	0.275016	-0.0220871	-0.00702953	-0.0425112	
262	28458	0.25716	-0.0220871	-0.00985754	-0.0425112	
263	27714	0.244302	-0.0220871	-0.00857507	-0.0425112	
264	26970	0.246209	-0.0220871	-0.0200844	-0.0425112	
265	26226	0.271399	-0.0220871	-0.00903545	-0.0425112	
266	25482	0.266926	-0.0220871	-0.00847642	-0.0425112	
267	24738	0.251537	-0.0220871	-0.00318212	-0.0425112	
268	23994	0.272845	-0.0220871	-0.0130802	-0.0425112	
269	23250	0.251372	-0.0220871	-0.0109427	-0.0425112	
270	22506	0.266269	-0.0220871	-0.0217615	-0.0425112	
271	21762	0.256272	-0.0220871	-0.0118635	-0.0425112	
272	21018	0.212536	-0.0220871	-0.0149874	-0.0425112	
273	20274	0.259955	-0.0220871	-0.00857507	-0.0425112	
274	19530	0.238219	-0.0220871	-0.00752279	-0.0425112	
275	18786	0.254398	-0.0220871	-0.0129486	-0.0425112	
276	18042	0.262092	-0.0220871	-0.0127513	-0.0425112	
277	17298	0.24496	-0.0220871	-0.00814758	-0.0425112	
278	16554	0.273898	-0.0220871	-0.0161055	-0.0425112	
279	15810	0.237528	-0.0220871	-0.0134748	-0.0425112	
280	15066	0.260744	-0.0220871	-0.0144284	-0.0425112	
281	14322	0.221514	-0.0220871	-0.013968	-0.0425112	
282	13578	0.239172	-0.0220871	-0.0178812	-0.0425112	
283	12834	0.266104	-0.0220871	-0.00834488	-0.0425112	
284	12090	0.24394	-0.0220871	-0.00725972	-0.0425112	
285	11346	0.25374	-0.0220871	-0.0163686	-0.0425112	
286	10602	0.235456	-0.0220871	-0.000913128	-0.0425112	
287	9858	0.254398	-0.0220871	-0.0111729	-0.0425112	
288	9114	0.254858	-0.0220871	-0.0201502	-0.0425112	
289	8370	0.274753	-0.0220871	-0.0167632	-0.0425112	
290	7626	0.232628	-0.0220871	-0.00601013	-0.0425112	
291	6882	0.237627	-0.0220871	-0.0141324	-0.0425112	
292	6138	0.223256	-0.0220871	-0.00883814	-0.0425112	
293	5394	0.260909	-0.0220871	-0.0176181	-0.0425112	
294	4650	0.270708	-0.0220871	-0.013968	-0.0425112	
295	3906	0.275213	-0.0220871	-0.00449747	-0.0425112	
296	3162	0.271464	-0.0220871	-0.0100877	-0.0425112	
297	2418	0.257094	-0.0220871	-0.00390556	-0.0425112	
298	1674	0.264723	-0.0220871	-0.00439882	-0.0425112	
299	930	0.246242	-0.0220871	-0.00676646	-0.0425112	
300	186	0.226808	-0.0220871	-0.01114	-0.0425112	
301	372	0.250221	-0.0220871	-0.0091341	-0.0425112	
302	1116	0.247328	-0.0220871	-0.0146586	-0.0425112	
303	1860	0.251438	-0.0220871	-0.0177826	-0.0425112	
304	2604	0.257686	-0.0220871	-0.0107783	-0.0425112	
305	3348	0.249925	-0.0220871	-0.00617455	-0.0425112	
306	4092	0.28156	-0.0220871	-0.00604301	-0.0425112	
307	4836	0.271793	-0.0220871	-0.00906833	-0.0425112	
308	5580	0.258574	-0.0220871	-0.0129815	-0.0425112	
309	6324	0.268077	-0.0220871	-0.014823	-0.0425112	
310	7068	0.22444	-0.0220871	-0.0177497	-0.0425112	
311	7812	0.262224	-0.0220871	-0.00719395	-0.0425112	
312	8556	0.249629	-0.0220871	-0.00854219	-0.0425112	
313	9300	0.266433	-0.0220871	-0.00722683	-0.0425112	
314	10044	0.259429	-0.0220871	-0.0183416	-0.0425112	
315	10788	0.258607	-0.0220871	-0.00939717	-0.0425112	
316	11532	0.247393	-0.0220871	-0.011436	-0.0425112	
317	12276	0.251372	-0.0220871	-0.0093314	-0.0425112	
318	13020	0.278403	-0.0220871	-0.00873949	-0.0425112	
319	13764	0.268571	-0.0220871	-0.00472766	-0.0425112	
320	14508	0.256173	-0.0220871	-0.00880526	-0.0425112	
321	15252	0.296522	-0.0220871	-0.0146586	-0.0425112	
322	15996	0.274391	-0.0220871	-0.00469477	-0.0425112	
323	16740	0.267584	-0.0220871	-0.0225178	-0.0425112	
324	17484	0.24394	-0.0220871	-0.00966024	-0.0425112	
325	18228	0.265019	-0.0220871	-0.015382	-0.0425112	
326	18972	0.259264	-0.0220871	-0.00867372	-0.0425112	
327	19716	0.24644	-0.0220871	-0.0101206	-0.0425112	
328	20460	0.271037	-0.0220871	-0.0119292	-0.0425112	
329	21204	0.251898	-0.0220871	-0.00998908	-0.0425112	
330	21948	0.25078	-0.0220871	-0.00380691	-0.0425112	
331	22692	0.234075	-0.0220871	-0.0149217	-0.0425112	
332	23436	0.241606	-0.0220871	-0.00554975	-0.0425112	
333	24180	0.231971	-0.0220871	-0.013705	-0.0425112	
334	24924	0.225953	-0.0220871	-0.00762144	-0.0425112	
335	25668	0.23687	-0.0220871	-0.0161712	-0.0425112	
336	26412	0.279587	-0.0220871	-0.00939717	-0.0425112	
337	27156	0.249103	-0.0220871	-0.00604301	-0.0425112	
338	27900	0.25568	-0.0220871	-0.00561552	-0.0425112	
339	28644	0.282283	-0.0220871	-0.0105481	-0.0425112	
340	29388	0.244368	-0.0220871	-0.00795028	-0.0425112	
341	30132	0.260317	-0.0220871	-0.0133432	-0.0425112	
342	30876	0.252425	-0.0220871	-0.00755567	-0.0425112	
343	31620	0.28202	-0.0220871	-0.00979178	-0.0425112	
344	32364	0.268702	-0.0220871	-0.00522092	-0.0425112	
345	33108	0.261468	-0.0220871	-0.010022	-0.0425112	
346	33852	0.254562	-0.0220871	-0.0114689	-0.0425112	
347	34596	0.235555	-0.0220871	-0.00249155	-0.0425112	
348	35340	0.27791	-0.0220871	-0.00393844	-0.0425112	
349	36084	0.264427	-0.0220871	-0.0113044	-0.0425112	
350	36828	0.243085	-0.0220871	-0.0129486	-0.0425112	
351	37572	0.252457	-0.0220871	-0.011436	-0.0425112	
352	38316	0.267321	-0.0220871	-0.00956159	-0.0425112	
353	39060	0.266696	-0.0220871	-0.00962736	-0.0425112	
354	39804	0.263013	-0.0220871	-0.00666781	-0.0425112	
355	40548	0.235884	-0.0220871	-0.00896968	-0.0425112	
356	41292	0.250747	-0.0220871	-0.00364249	-0.0425112	
357	42036	0.258048	-0.0220871	-0.0134748	-0.0425112	
358	42780	0.267518	-0.0220871	-0.00903545	-0.0425112	
359	43524	0.268867	-0.0220871	-0.00989043	-0.0425112	
360	44268	0.280705	-0.0220871	-0.0101206	-0.0425112	
361	45012	0.249498	-0.0220871	-0.00765432	-0.0425112	
362	45756	0.264033	-0.0220871	-0.013409	-0.0425112	
363	46500	0.267716	-0.0220871	-0.0158095	-0.0425112	
364	47244	0.264427	-0.0220871	-0.00998908	-0.0425112	
365	47988	0.24907	-0.0220871	-0.0168947	-0.0425112	
366	48732	0.279258	-0.0220871	-0.013113	-0.0425112	
367	49476	0.2542	-0.0220871	-0.00262309	-0.0425112	
368	50220	0.253181	-0.0220871	-0.0189335	-0.0425112	
369	50964	0.284651	-0.0220871	-0.0147901	-0.0425112	
370	51708	0.247032	-0.0220871	-0.00847642	-0.0425112	
371	52452	0.250616	-0.0220871	-0.0163028	-0.0425112	
372	53196	0.259166	-0.0220871	-0.0123567	-0.0425112	
373	53940	0.275575	-0.0220871	-0.0125211	-0.0425112	
374	54684	0.264493	-0.0220871	-0.0108441	-0.0425112	
375	55428	0.265447	-0.0220871	-0.00864084	-0.0425112	
376	56172	0.269524	-0.0220871	-0.00679934	-0.0425112	
377	56916	0.263342	-0.0220871	-0.0139023	-0.0425112	
378	57660	0.261336	-0.0220871	-0.00601013	-0.0425112	
379	58404	0.266269	-0.0220871	-0.010022	-0.0425112	
380	59148	0.273766	-0.0220871	-0.0102193	-0.0425112	
381	59892	0.289255	-0.0220871	-0.00808181	-0.0425112	
382	60636	0.273437	-0.0220871	-0.00847642	-0.0425112	
383	61380	0.266893	-0.0220871	-0.00772009	-0.0425112	
384	62124	0.277844	-0.0220871	-0.000650057	-0.0425112	
385	62868	0.286887	-0.0220871	-0.00604301	-0.0425112	
386	63612	0.285539	-0.0220871	-0.00364249	-0.0425112	
387	64356	0.281132	-0.0220871	-0.0131459	-0.0425112	
388	65100	0.251274	-0.0220871	-0.0142311	-0.0425112	
389	65844	0.247656	-0.0220871	-0.0123238	-0.0425112	
390	66588	0.275082	-0.0220871	-0.00775297	-0.0425112	
391	67332	0.258146	-0.0220871	-0.00331365	-0.0425112	
392	68076	0.282842	-0.0220871	-0.00982466	-0.0425112	
393	68820	0.270248	-0.0220871	-0.00479343	-0.0425112	
394	69564	0.246505	-0.0220871	-0.00548399	-0.0425112	
395	70308	0.270544	-0.0220871	-0.00170234	-0.0425112	
396	71052	0.290899	-0.0220871	-0.0052538	-0.0425112	
397	71796	0.294187	-0.0220871	-0.0030177	-0.0425112	
398	72540	0.271859	-0.0220871	-0.0102193	-0.0425112	
399	73284	0.26936	-0.0220871	-0.00610878	-0.0425112	
400	74028	0.265052	-0.0220871	-0.00887103	-0.0425112	
401	74772	0.256305	-0.0220871	-0.00706241	-0.0425112	
402	75516	0.264986	-0.0220871	-0.0148559	-0.0425112	
403	76260	0.277285	-0.0220871	-0.0130473	-0.0425112	
404	77004	0.285835	-0.0220871	-0.00439882	-0.0425112	
405	77748	0.27324	-0.0220871	-0.0064705	-0.0425112	
406	78492	0.267255	-0.0220871	-0.00587859	-0.0425112	
407	79236	0.264263	-0.0220871	-0.00581283	-0.0425112	
408	79980	0.263934	-0.0220871	-0.00397133	-0.0425112	
409	80724	0.263408	-0.0220871	-0.00410286	-0.0425112	
410	81468	0.253345	-0.0220871	-0.0115675	-0.0425112	
411	82212	0.231905	-0.0220871	-0.0148559	-0.0425112	
412	82956	0.266236	-0.0220871	-0.0081147	-0.0425112	
413	83700	0.24838	-0.0220871	-0.0113044	-0.0425112	
414	84444	0.287282	-0.0220871	-0.0155793	-0.0425112	
415	85188	0.265578	-0.0220871	-0.00972601	-0.0425112	
416	85932	0.262849	-0.0220871	-0.0141653	-0.0425112	
417	86676	0.259889	-0.0220871	-0.013968	-0.0425112	
418	87420	0.239468	-0.0220871	-0.0196898	-0.0425112	
419	88164	0.247689	-0.0220871	-0.0135405	-0.0425112	
420	88908	0.236443	-0.0220871	-0.00561552	-0.0425112	
421	89652	0.262027	-0.0220871	-0.0146257	-0.0425112	
422	90396	0.264855	-0.0220871	-0.0149545	-0.0425112	
423	91140	0.27472	-0.0220871	-0.00827912	-0.0425112	
424	91884	0.244401	-0.0220871	-0.0171906	-0.0425112	
425	92628	0.252326	-0.0220871	-0.0128829	-0.0425112	
426	93372	0.247919	-0.0220871	-0.0137378	-0.0425112	
427	94116	0.274029	-0.0220871	-0.00334654	-0.0425112	
428	94860	0.27347	-0.0220871	-0.0169276	-0.0425112	
429	95604	0.278403	-0.0220871	-0.0102521	-0.0425112	
430	96348	0.260646	-0.0220871	-0.0166645	-0.0425112	
431	97092	0.251833	-0.0220871	-0.00824623	-0.0425112	
432	97836	0.22444	-0.0220871	-0.0146257	-0.0425112	
433	98580	0.238284	-0.0220871	-0.0151518	-0.0425112	
434	99324	0.239896	-0.0220871	-0.0195583	-0.0425112	
435	100068	0.23983	-0.0220871	-0.0120279	-0.0425112	
436	100812	0.249695	-0.0220871	-0.0123896	-0.0425112	
437	101556	0.265545	-0.0220871	-0.0140996	-0.0425112	
438	102300	0.255614	-0.0220871	-0.0107783	-0.0425112	
439	103044	0.257357	-0.0220871	-0.0117319	-0.0425112	
440	103788	0.224079	-0.0220871	-0.0218273	-0.0425112	
441	104532	0.249333	-0.0220871	-0.00992331	-0.0425112	
442	105276	0.243973	-0.0220871	-0.00222848	-0.0425112	
443	106020	0.268307	-0.0220871	-0.0110414	-0.0425112	
444	106764	0.265019	-0.0220871	-0.00620743	-0.0425112	
445	107508	0.268077	-0.0220871	-0.013113	-0.0425112	
446	108252	0.247656	-0.0220871	-0.00620743	-0.0425112	
447	108996	0.26982	-0.0220871	-0.00426728	-0.0425112	
448	109740	0.225394	-0.0220871	-0.0125869	-0.0425112	
449	110484	0.259199	-0.0220871	-0.00801605	-0.0425112	
450	111228	0.259758	-0.0220871	-0.0130473	-0.0425112	
451	111414	0.24736	-0.0220871	-0.0144613	-0.0425112	
452	110670	0.26492	-0.0220871	-0.00778586	-0.0425112	
453	109926	0.258607	-0.0220871	-0.01285	-0.0425112	
454	109182	0.255384	-0.0220871	-0.0112387	-0.0425112	
455	108438	0.215562	-0.0220871	-0.0120608	-0.0425112	
456	107694	0.225361	-0.0220871	-0.00410286	-0.0425112	
457	106950	0.245256	-0.0220871	-0.00535245	-0.0425112	
458	106206	0.27199	-0.0220871	-0.00189964	-0.0425112	
459	105462	0.257324	-0.0220871	-0.00134062	-0.0425112	
460	104718	0.268275	-0.0220871	-0.00857507	-0.0425112	
461	103974	0.259593	-0.0220871	-0.00778586	-0.0425112	
462	103230	0.239008	-0.0220871	-0.0120936	-0.0425112	
463	102486	0.228682	-0.0220871	-0.00693088	-0.0425112	
464	101742	0.251339	-0.0220871	-0.010022	-0.0425112	
465	100998	0.232628	-0.0220871	-0.00985754	-0.0425112	
466	100254	0.219705	-0.0220871	-0.0178812	-0.0425112	
467	99510	0.260152	-0.0220871	-0.0110414	-0.0425112	
468	98766	0.265973	-0.0220871	-0.00722683	-0.0425112	
469	98022	0.267913	-0.0220871	-0.00946294	-0.0425112	
470	97278	0.251898	-0.0220871	-0.0162041	-0.0425112	
471	96534	0.266696	-0.0220871	-0.00916698	-0.0425112	
472	95790	0.234207	-0.0220871	-0.0127842	-0.0425112	
473	95046	0.255483	-0.0220871	-0.0133432	-0.0425112	
474	94302	0.256568	-0.0220871	-0.0127184	-0.0425112	
475	93558	0.250057	-0.0220871	-0.0164343	-0.0425112	
476	92814	0.25739	-0.0220871	-0.0152834	-0.0425112	
477	92070	0.25009	-0.0220871	-0.0218273	-0.0425112	
478	91326	0.257686	-0.0220871	-0.015119	-0.0425112	
479	90582	0.221612	-0.0220871	-0.00860796	-0.0425112	
480	89838	0.219771	-0.0220871	-0.0130473	-0.0425112	
481	89094	0.23059	-0.0220871	-0.00420152	-0.0425112	
482	88350	0.239633	-0.0220871	-0.0143298	-0.0425112	
483	87606	0.270675	-0.0220871	-0.00601013	-0.0425112	
484	86862	0.230392	-0.0220871	-0.0074899	-0.0425112	
485	86118	0.254266	-0.0220871	-0.0120279	-0.0425112	
486	85374	0.244401	-0.0220871	-0.00896968	-0.0425112	
487	84630	0.222928	-0.0220871	-0.00808181	-0.0425112	
488	83886	0.222467	-0.0220871	-0.0128171	-0.0425112	
489	83142	0.231083	-0.0220871	-0.0161712	-0.0425112	
490	82398	0.247919	-0.0220871	-0.0119292	-0.0425112	
491	81654	0.250254	-0.0220871	-0.0108441	-0.0425112	
492	80910	0.258672	-0.0220871	-0.0133432	-0.0425112	
493	80166	0.20711	-0.0220871	-0.014823	-0.0425112	
494	79422	0.240948	-0.0220871	-0.00966024	-0.0425112	
495	78678	0.23345	-0.0220871	-0.0183416	-0.0425112	
496	77934	0.231905	-0.0220871	-0.00989043	-0.0425112	
497	77190	0.252194	-0.0220871	-0.0122252	-0.0425112	
498	76446	0.251602	-0.0220871	-0.0102193	-0.0425112	
499	75702	0.269689	-0.0220871	-0.00801605	-0.0425112	
500	74958	0.261336	-0.0220871	-0.00949582	-0.0425112	
501	74214	0.240027	-0.0220871	-0.0146257	-0.0425112	
502	73470	0.231675	-0.0220871	-0.00702953	-0.0425112	
503	72726	0.211287	-0.0220871	-0.00827912	-0.0425112	
504	71982	0.240488	-0.0220871	-0.00610878	-0.0425112	
505	71238	0.25272	-0.0220871	-0.01114	-0.0425112	
506	70494	0.250978	-0.0220871	-0.0127184	-0.0425112	
507	69750	0.273076	-0.0220871	-0.0042344	-0.0425112	
508	69006	0.254858	-0.0220871	-0.0023929	-0.0425112	
509	68262	0.255351	-0.0220871	-0.00134062	-0.0425112	
510	67518	0.256601	-0.0220871	-0.0113702	-0.0425112	
511	66774	0.249268	-0.0220871	-0.00880526	-0.0425112	
512	66030	0.314181	-0.0220871	-0.00818047	-0.0425112	
513	65286	0.290208	-0.0220871	-0.00686511	-0.0425112	
514	64542	0.265447	-0.0220871	-0.00571417	-0.0425112	
515	63798	0.276233	-0.0220871	-0.00824623	-0.0425112	
516	63054	0.295503	-0.0220871	0.00194777	-0.0425112	
517	62310	0.279521	-0.0220871	0.00165181	-0.0425112	
518	61566	0.293168	-0.0220871	-0.00689799	-0.0425112	
519	60822	0.305039	-0.0220871	-0.0119621	-0.0425112	
520	60078	0.279028	-0.0220871	-0.00732548	-0.0425112	
521	59334	0.291063	-0.0220871	-0.0155136	-0.0425112	
522	58590	0.269886	-0.0220871	-0.00551687	-0.0425112	
523	57846	0.268209	-0.0220871	-0.00377403	-0.0425112	
524	57102	0.266104	-0.0220871	-0.0120936	-0.0425112	
525	56358	0.235719	-0.0220871	-0.0109427	-0.0425112	
526	55614	0.230984	-0.0220871	-0.0138365	-0.0425112	
527	54870	0.227926	-0.0220871	-0.0132775	-0.0425112	
528	54126	0.213424	-0.0220871	-0.0108769	-0.0425112	
529	53382	0.251011	-0.0220871	-0.0116662	-0.0425112	
530	52638	0.226348	-0.0220871	-0.010022	-0.0425112	
531	51894	0.227301	-0.0220871	-0.0188348	-0.0425112	
532	51150	0.193628	-0.0220871	-0.0124883	-0.0425112	
533	50406	0.187314	-0.0220871	-0.0129486	-0.0425112	
534	49662	0.20254	-0.0220871	-0.015119	-0.0425112	
535	48918	0.19468	-0.0220871	-0.0101206	-0.0425112	
536	48174	0.210793	-0.0220871	-0.0100877	-0.0425112	
537	47430	0.216943	-0.0220871	-0.0159411	-0.0425112	
538	46686	0.205006	-0.0220871	-0.0147572	-0.0425112	
539	45942	0.186065	-0.0220871	-0.0169933	-0.0425112	
540	45198	0.200369	-0.0220871	-0.0144613	-0.0425112	
541	44454	0.229998	-0.0220871	-0.0215313	-0.0425112	
542	43710	0.21737	-0.0220871	-0.0161712	-0.0425112	
543	42966	0.241145	-0.0220871	-0.00929852	-0.0425112	
544	42222	0.212175	-0.0220871	-0.0186704	-0.0425112	
545	41478	0.207308	-0.0220871	-0.0171906	-0.0425112	
546	40734	0.209511	-0.0220871	-0.0205448	-0.0425112	
547	39990	0.248643	-0.0220871	-0.00877237	-0.0425112	
548	39246	0.225032	-0.0220871	-0.00867372	-0.0425112	
549	38502	0.24542	-0.0220871	-0.0173551	-0.0425112	
550	37758	0.239567	-0.0220871	-0.0118635	-0.0425112	
551	37014	0.261796	-0.0220871	-0.0091341	-0.0425112	
552	36270	0.263342	-0.0220871	-0.0100548	-0.0425112	
553	35526	0.259626	-0.0220871	-0.0140667	-0.0425112	
554	34782	0.242033	-0.0220871	-0.0109427	-0.0425112	
555	34038	0.227433	-0.0220871	-0.0199858	-0.0425112	
556	33294	0.235358	-0.0220871	-0.0135734	-0.0425112	
557	32550	0.206453	-0.0220871	-0.0198214	-0.0425112	
558	31806	0.238482	-0.0220871	-0.00518803	-0.0425112	
559	31062	0.250715	-0.0220871	-0.0184074	-0.0425112	
560	30318	0.263638	-0.0220871	-0.0152834	-0.0425112	
561	29574	0.240521	-0.0220871	-0.0166645	-0.0425112	
562	28830	0.21543	-0.0220871	-0.0167303	-0.0425112	
563	28086	0.212405	-0.0220871	-0.00834488	-0.0425112	
564	27342	0.196982	-0.0220871	-0.0189335	-0.0425112	
565	26598	0.22227	-0.0220871	-0.0164014	-0.0425112	
566	25854	0.218949	-0.0220871	-0.0118635	-0.0425112	
567	25110	0.229767	-0.0220871	-0.00594436	-0.0425112	
568	24366	0.236772	-0.0220871	-0.0129815	-0.0425112	
569	23622	0.246736	-0.0220871	-0.0103508	-0.0425112	
570	22878	0.234799	-0.0220871	-0.0181443	-0.0425112	
571	22134	0.244565	-0.0220871	-0.00919987	-0.0425112	
572	21390	0.24907	-0.0220871	-0.0150861	-0.0425112	
573	20646	0.249498	-0.0220871	-0.0162699	-0.0425112	
574	19902	0.260646	-0.0220871	-0.0150861	-0.0425112	
575	19158	0.266499	-0.0220871	-0.0103837	-0.0425112	
576	18414	0.241441	-0.0220871	-0.0124225	-0.0425112	
577	17670	0.233155	-0.0220871	-0.0114031	-0.0425112	
578	16926	0.195272	-0.0220871	-0.00696376	-0.0425112	
579	16182	0.237725	-0.0220871	-0.0120279	-0.0425112	
580	15438	0.223256	-0.0220871	-0.00804893	-0.0425112	
581	14694	0.239238	-0.0220871	-0.00670069	-0.0425112	
582	13950	0.251865	-0.0220871	-0.0114689	-0.0425112	
583	13206	0.263967	-0.0220871	-0.0110742	-0.0425112	
584	12462	0.252984	-0.0220871	-0.0181443	-0.0425112	
585	11718	0.241474	-0.0220871	-0.0191308	-0.0425112	
586	10974	0.233089	-0.0220871	-0.0174537	-0.0425112	
587	10230	0.218094	-0.0220871	-0.0169276	-0.0425112	
588	9486	0.225229	-0.0220871	-0.0145599	-0.0425112	
589	8742	0.229044	-0.0220871	-0.0136721	-0.0425112	
590	7998	0.211681	-0.0220871	-0.00538534	-0.0425112	
591	7254	0.237166	-0.0220871	-0.00962736	-0.0425112	
592	6510	0.236969	-0.0220871	-0.00676646	-0.0425112	
593	5766	0.224605	-0.0220871	-0.0181443	-0.0425112	
594	5022	0.224966	-0.0220871	-0.0165987	-0.0425112	
595	4278	0.231017	-0.0220871	-0.0187362	-0.0425112	
596	3534	0.213917	-0.0220871	-0.00775297	-0.0425112	
597	2790	0.222665	-0.0220871	-0.00837777	-0.0425112	
598	2046	0.261369	-0.0220871	-0.00735837	-0.0425112	
599	1302	0.264394	-0.0220871	-0.000386986	-0.0425112	
600	558	0.203	-0.0208868	-0.0157109	-0.0431295	
