# Filename	32_delay.txt
# Date	2016-09-28
# Title	DL-Pro & DL-100 Locked delay scan.
# DL-Pro	365824.8 GHz
# DL-100	365808.9 GHz
# Static	-1500 mV Pulsed
# MWOn	On
# MWf	15931.6 MHz
# Attn	44 dB
# FixedAttn	6 dB
# B2	B2 = T2 + 2.050 us
# HP214B	HP 214B FIP at 5.5 on 100V setting ; Applied to Top ; Mesh & Vin of MCP @ +25V ; Vout of MCP @ +2025 V
# Oven	32 A
# Boxcar	Gate = 200 ns ; Amp = 25x ; Sensitivity = 5 mV
# Offset	+/- 30 mV IR/Oven offset.
# Bias	Top: 0 V ; Bot: -0.445 V ; IR: +0.055 V ; Oven: -0.055 V ; Vis: -0.010 V ; MW: +0.010 V
# Passes	4
i, step, norm, nbackground, signal, sbackground
0	0	0.214148	-0.0205284	0.0286166	-0.04358	
1	744	0.215331	-0.0205284	0.0329573	-0.04358	
2	1488	0.223618	-0.0205284	0.0267093	-0.04358	
3	2232	0.208788	-0.0205284	0.0288468	-0.04358	
4	2976	0.21862	-0.0205284	0.0247363	-0.04358	
5	3720	0.206551	-0.0205284	0.0171401	-0.04358	
6	4464	0.222303	-0.0205284	0.027926	-0.04358	
7	5208	0.202638	-0.0205284	0.025394	-0.04358	
8	5952	0.210793	-0.0205284	0.031905	-0.04358	
9	6696	0.198955	-0.0205284	0.0284522	-0.04358	
10	7440	0.197475	-0.0205284	0.0296689	-0.04358	
11	8184	0.189386	-0.0205284	0.0221056	-0.04358	
12	8928	0.206584	-0.0205284	0.0199681	-0.04358	
13	9672	0.213358	-0.0205284	0.0324969	-0.04358	
14	10416	0.198067	-0.0205284	0.030491	-0.04358	
15	11160	0.198462	-0.0205284	0.018883	-0.04358	
16	11904	0.196259	-0.0205284	0.0278603	-0.04358	
17	12648	0.202276	-0.0205284	0.0237827	-0.04358	
18	13392	0.180573	-0.0205284	0.0232236	-0.04358	
19	14136	0.184256	-0.0205284	0.0236511	-0.04358	
20	14880	0.189287	-0.0205284	0.0153973	-0.04358	
21	15624	0.187051	-0.0205284	0.0337136	-0.04358	
22	16368	0.19399	-0.0205284	0.0283206	-0.04358	
23	17112	0.179455	-0.0205284	0.0318063	-0.04358	
24	17856	0.178863	-0.0205284	0.023125	-0.04358	
25	18600	0.182711	-0.0205284	0.0295702	-0.04358	
26	19344	0.198988	-0.0205284	0.0214808	-0.04358	
27	20088	0.182743	-0.0205284	0.0209547	-0.04358	
28	20832	0.175969	-0.0205284	0.0155617	-0.04358	
29	21576	0.170839	-0.0205284	0.0229277	-0.04358	
30	22320	0.189583	-0.0205284	0.0248349	-0.04358	
31	23064	0.200994	-0.0205284	0.0225331	-0.04358	
32	23808	0.180705	-0.0205284	0.014049	-0.04358	
33	24552	0.191326	-0.0205284	0.0277616	-0.04358	
34	25296	0.173931	-0.0205284	0.0214808	-0.04358	
35	26040	0.183171	-0.0205284	0.0245061	-0.04358	
36	26784	0.204677	-0.0205284	0.0296031	-0.04358	
37	27528	0.202342	-0.0205284	0.0180609	-0.04358	
38	28272	0.198002	-0.0205284	0.0321681	-0.04358	
39	29016	0.170116	-0.0205284	0.0276301	-0.04358	
40	29760	0.182349	-0.0205284	0.0193762	-0.04358	
41	30504	0.17712	-0.0205284	0.0307212	-0.04358	
42	31248	0.170379	-0.0205284	0.0163509	-0.04358	
43	31992	0.162816	-0.0205284	0.0194749	-0.04358	
44	32736	0.155055	-0.0205284	0.0209547	-0.04358	
45	33480	0.177087	-0.0205284	0.0237169	-0.04358	
46	34224	0.169721	-0.0205284	0.02056	-0.04358	
47	34968	0.194647	-0.0205284	0.0207573	-0.04358	
48	35712	0.194384	-0.0205284	0.0260517	-0.04358	
49	36456	0.178995	-0.0205284	0.025953	-0.04358	
50	37200	0.190734	-0.0205284	0.0271368	-0.04358	
51	37944	0.198067	-0.0205284	0.0247692	-0.04358	
52	38688	0.190997	-0.0205284	0.0221056	-0.04358	
53	39432	0.201849	-0.0205284	0.0345357	-0.04358	
54	40176	0.197344	-0.0205284	0.0300306	-0.04358	
55	40920	0.199218	-0.0205284	0.022566	-0.04358	
56	41664	0.211911	-0.0205284	0.0289126	-0.04358	
57	42408	0.183401	-0.0205284	0.0269724	-0.04358	
58	43152	0.195733	-0.0205284	0.0238484	-0.04358	
59	43896	0.168801	-0.0205284	0.0255255	-0.04358	
60	44640	0.203427	-0.0205284	0.03276	-0.04358	
61	45384	0.188038	-0.0205284	0.0237498	-0.04358	
62	46128	0.204743	-0.0205284	0.0247034	-0.04358	
63	46872	0.196686	-0.0205284	0.0161865	-0.04358	
64	47616	0.201257	-0.0205284	0.0275643	-0.04358	
65	48360	0.203559	-0.0205284	0.0283535	-0.04358	
66	49104	0.194286	-0.0205284	0.0233881	-0.04358	
67	49848	0.197969	-0.0205284	0.0220069	-0.04358	
68	50592	0.20323	-0.0205284	0.0216781	-0.04358	
69	51336	0.183302	-0.0205284	0.0233552	-0.04358	
70	52080	0.190011	-0.0205284	0.0322667	-0.04358	
71	52824	0.196686	-0.0205284	0.0281891	-0.04358	
72	53568	0.198955	-0.0205284	0.0248349	-0.04358	
73	54312	0.188827	-0.0205284	0.026808	-0.04358	
74	55056	0.18054	-0.0205284	0.0326942	-0.04358	
75	55800	0.194582	-0.0205284	0.026512	-0.04358	
76	56544	0.201487	-0.0205284	0.0247363	-0.04358	
77	57288	0.200928	-0.0205284	0.0364758	-0.04358	
78	58032	0.191688	-0.0205284	0.0257557	-0.04358	
79	58776	0.188334	-0.0205284	0.0300306	-0.04358	
80	59520	0.187512	-0.0205284	0.0218425	-0.04358	
81	60264	0.182152	-0.0205284	0.0167126	-0.04358	
82	61008	0.192115	-0.0205284	0.0297675	-0.04358	
83	61752	0.187643	-0.0205284	0.032464	-0.04358	
84	62496	0.200698	-0.0205284	0.021711	-0.04358	
85	63240	0.198495	-0.0205284	0.035851	-0.04358	
86	63984	0.185867	-0.0205284	0.0294716	-0.04358	
87	64728	0.18419	-0.0205284	0.0284193	-0.04358	
88	65472	0.200862	-0.0205284	0.0275972	-0.04358	
89	66216	0.182283	-0.0205284	0.0261503	-0.04358	
90	66960	0.198692	-0.0205284	0.0298662	-0.04358	
91	67704	0.197903	-0.0205284	0.0209218	-0.04358	
92	68448	0.185703	-0.0205284	0.026512	-0.04358	
93	69192	0.197147	-0.0205284	0.0283535	-0.04358	
94	69936	0.186032	-0.0205284	0.0234867	-0.04358	
95	70680	0.203986	-0.0205284	0.0304581	-0.04358	
96	71424	0.188663	-0.0205284	0.0291756	-0.04358	
97	72168	0.188827	-0.0205284	0.0201326	-0.04358	
98	72912	0.189715	-0.0205284	0.022566	-0.04358	
99	73656	0.191063	-0.0205284	0.0288797	-0.04358	
100	74400	0.200764	-0.0205284	0.015463	-0.04358	
101	75144	0.190044	-0.0205284	0.0269395	-0.04358	
102	75888	0.204118	-0.0205284	0.0199024	-0.04358	
103	76632	0.197212	-0.0205284	0.0168113	-0.04358	
104	77376	0.178995	-0.0205284	0.0237169	-0.04358	
105	78120	0.198298	-0.0205284	0.026249	-0.04358	
106	78864	0.207308	-0.0205284	0.0258215	-0.04358	
107	79608	0.184749	-0.0205284	0.0248349	-0.04358	
108	80352	0.187413	-0.0205284	0.0314117	-0.04358	
109	81096	0.190701	-0.0205284	0.0233223	-0.04358	
110	81840	0.185111	-0.0205284	0.0229277	-0.04358	
111	82584	0.191885	-0.0205284	0.0322667	-0.04358	
112	83328	0.198199	-0.0205284	0.0215794	-0.04358	
113	84072	0.179751	-0.0205284	0.0159563	-0.04358	
114	84816	0.184453	-0.0205284	0.0106291	-0.04358	
115	85560	0.196456	-0.0205284	0.0219083	-0.04358	
116	86304	0.212766	-0.0205284	0.0336807	-0.04358	
117	87048	0.201027	-0.0205284	0.0232565	-0.04358	
118	87792	0.183204	-0.0205284	0.0262161	-0.04358	
119	88536	0.18498	-0.0205284	0.0205929	-0.04358	
120	89280	0.188005	-0.0205284	0.031609	-0.04358	
121	90024	0.203296	-0.0205284	0.0192447	-0.04358	
122	90768	0.204874	-0.0205284	0.0329573	-0.04358	
123	91512	0.200698	-0.0205284	0.0267422	-0.04358	
124	92256	0.188958	-0.0205284	0.0340096	-0.04358	
125	93000	0.193891	-0.0205284	0.02227	-0.04358	
126	93744	0.186558	-0.0205284	0.024243	-0.04358	
127	94488	0.187084	-0.0205284	0.025657	-0.04358	
128	95232	0.18225	-0.0205284	0.0230921	-0.04358	
129	95976	0.194351	-0.0205284	0.027367	-0.04358	
130	96720	0.201422	-0.0205284	0.0274328	-0.04358	
131	97464	0.194582	-0.0205284	0.017173	-0.04358	
132	98208	0.190603	-0.0205284	0.0206258	-0.04358	
133	98952	0.181264	-0.0205284	0.0232565	-0.04358	
134	99696	0.184815	-0.0205284	0.0249007	-0.04358	
135	100440	0.181362	-0.0205284	0.0211848	-0.04358	
136	101184	0.190142	-0.0205284	0.0188172	-0.04358	
137	101928	0.203658	-0.0205284	0.0182911	-0.04358	
138	102672	0.198692	-0.0205284	0.034174	-0.04358	
139	103416	0.188235	-0.0205284	0.029077	-0.04358	
140	104160	0.195174	-0.0205284	0.0161207	-0.04358	
141	104904	0.192806	-0.0205284	0.0303923	-0.04358	
142	105648	0.18544	-0.0205284	0.0317734	-0.04358	
143	106392	0.194845	-0.0205284	0.0195735	-0.04358	
144	107136	0.1835	-0.0205284	0.0221714	-0.04358	
145	107880	0.194351	-0.0205284	0.0286166	-0.04358	
146	108624	0.196423	-0.0205284	0.019146	-0.04358	
147	109368	0.192641	-0.0205284	0.02056	-0.04358	
148	110112	0.197311	-0.0205284	0.0157919	-0.04358	
149	110856	0.19958	-0.0205284	0.0289126	-0.04358	
150	111600	0.195404	-0.0205284	0.0222371	-0.04358	
151	111042	0.182513	-0.0205284	0.0206916	-0.04358	
152	110298	0.189254	-0.0205284	0.0272355	-0.04358	
153	109554	0.194121	-0.0205284	0.0253282	-0.04358	
154	108810	0.207374	-0.0205284	0.0270711	-0.04358	
155	108066	0.192543	-0.0205284	0.0216781	-0.04358	
156	107322	0.194154	-0.0205284	0.0287152	-0.04358	
157	106578	0.189978	-0.0205284	0.0201326	-0.04358	
158	105834	0.182842	-0.0205284	0.0263805	-0.04358	
159	105090	0.191589	-0.0205284	0.0286824	-0.04358	
160	104346	0.193332	-0.0205284	0.0284193	-0.04358	
161	103602	0.191688	-0.0205284	0.0252953	-0.04358	
162	102858	0.184618	-0.0205284	0.0280576	-0.04358	
163	102114	0.191523	-0.0205284	0.0159563	-0.04358	
164	101370	0.189649	-0.0205284	0.0226646	-0.04358	
165	100626	0.190241	-0.0205284	0.0183239	-0.04358	
166	99882	0.194976	-0.0205284	0.0246376	-0.04358	
167	99138	0.187018	-0.0205284	0.0295045	-0.04358	
168	98394	0.184322	-0.0205284	0.0204285	-0.04358	
169	97650	0.20277	-0.0205284	0.0293072	-0.04358	
170	96906	0.207045	-0.0205284	0.0278603	-0.04358	
171	96162	0.203658	-0.0205284	0.027367	-0.04358	
172	95418	0.191754	-0.0205284	0.0274657	-0.04358	
173	94674	0.202178	-0.0205284	0.0226975	-0.04358	
174	93930	0.205664	-0.0205284	0.0358182	-0.04358	
175	93186	0.184848	-0.0205284	0.0244075	-0.04358	
176	92442	0.209971	-0.0205284	0.0251309	-0.04358	
177	91698	0.201158	-0.0205284	0.0299977	-0.04358	
178	90954	0.208952	-0.0205284	0.02056	-0.04358	
179	90210	0.202441	-0.0205284	0.0208889	-0.04358	
180	89466	0.204874	-0.0205284	0.0349632	-0.04358	
181	88722	0.198889	-0.0205284	0.012931	-0.04358	
182	87978	0.197706	-0.0205284	0.0275643	-0.04358	
183	87234	0.201783	-0.0205284	0.0271368	-0.04358	
184	86490	0.187939	-0.0205284	0.0184226	-0.04358	
185	85746	0.201685	-0.0205284	0.0229935	-0.04358	
186	85002	0.194976	-0.0205284	0.0153315	-0.04358	
187	84258	0.209018	-0.0205284	0.0319379	-0.04358	
188	83514	0.18761	-0.0205284	0.0217767	-0.04358	
189	82770	0.176627	-0.0205284	0.0222042	-0.04358	
190	82026	0.203263	-0.0205284	0.0152329	-0.04358	
191	81282	0.19787	-0.0205284	0.0284193	-0.04358	
192	80538	0.197015	-0.0205284	0.0328257	-0.04358	
193	79794	0.194746	-0.0205284	0.0228948	-0.04358	
194	79050	0.195239	-0.0205284	0.018587	-0.04358	
195	78306	0.191491	-0.0205284	0.0218425	-0.04358	
196	77562	0.21007	-0.0205284	0.0182253	-0.04358	
197	76818	0.172089	-0.0205284	0.0196064	-0.04358	
198	76074	0.205499	-0.0205284	0.0296031	-0.04358	
199	75330	0.185243	-0.0205284	0.0202641	-0.04358	
200	74586	0.204414	-0.0205284	0.0289783	-0.04358	
201	73842	0.194812	-0.0205284	0.0151671	-0.04358	
202	73098	0.19251	-0.0205284	0.021711	-0.04358	
203	72354	0.184289	-0.0205284	0.0197379	-0.04358	
204	71610	0.187314	-0.0205284	0.0134242	-0.04358	
205	70866	0.190833	-0.0205284	0.0166797	-0.04358	
206	70122	0.18544	-0.0205284	0.0286166	-0.04358	
207	69378	0.192773	-0.0205284	0.0264463	-0.04358	
208	68634	0.196324	-0.0205284	0.0226317	-0.04358	
209	67890	0.195897	-0.0205284	0.0225988	-0.04358	
210	67146	0.196226	-0.0205284	0.0223687	-0.04358	
211	66402	0.186722	-0.0205284	0.0191132	-0.04358	
212	65658	0.179817	-0.0205284	0.023684	-0.04358	
213	64914	0.182941	-0.0205284	0.0234867	-0.04358	
214	64170	0.185111	-0.0205284	0.0194749	-0.04358	
215	63426	0.191523	-0.0205284	0.0166797	-0.04358	
216	62682	0.206749	-0.0205284	0.0219741	-0.04358	
217	61938	0.183007	-0.0205284	0.0213493	-0.04358	
218	61194	0.199251	-0.0205284	0.0203299	-0.04358	
219	60450	0.168768	-0.0205284	0.0164167	-0.04358	
220	59706	0.186229	-0.0205284	0.0273999	-0.04358	
221	58962	0.185111	-0.0205284	0.025953	-0.04358	
222	58218	0.172253	-0.0205284	0.0241773	-0.04358	
223	57474	0.184289	-0.0205284	0.0234209	-0.04358	
224	56730	0.183039	-0.0205284	0.0363772	-0.04358	
225	55986	0.180869	-0.0205284	0.0222371	-0.04358	
226	55242	0.176463	-0.0205284	0.0201326	-0.04358	
227	54498	0.164098	-0.0205284	0.0188501	-0.04358	
228	53754	0.17472	-0.0205284	0.0171401	-0.04358	
229	53010	0.175904	-0.0205284	0.0248678	-0.04358	
230	52266	0.166992	-0.0205284	0.0128981	-0.04358	
231	51522	0.183763	-0.0205284	0.016614	-0.04358	
232	50778	0.190208	-0.0205284	0.0261503	-0.04358	
233	50034	0.168209	-0.0205284	0.0215137	-0.04358	
234	49290	0.178797	-0.0205284	0.0225002	-0.04358	
235	48546	0.193661	-0.0205284	0.022566	-0.04358	
236	47802	0.174851	-0.0205284	0.0263805	-0.04358	
237	47058	0.176923	-0.0205284	0.0196722	-0.04358	
238	46314	0.193036	-0.0205284	0.0136544	-0.04358	
239	45570	0.183796	-0.0205284	0.019442	-0.04358	
240	44826	0.195404	-0.0205284	0.0160878	-0.04358	
241	44082	0.201323	-0.0205284	0.0136873	-0.04358	
242	43338	0.176298	-0.0205284	0.0117143	-0.04358	
243	42594	0.153707	-0.0205284	0.00914934	-0.04358	
244	41850	0.174161	-0.0205284	0.0232894	-0.04358	
245	41106	0.163572	-0.0205284	0.00872185	-0.04358	
246	40362	0.164756	-0.0205284	0.0128652	-0.04358	
247	39618	0.175081	-0.0205284	0.010958	-0.04358	
248	38874	0.18054	-0.0205284	0.0121089	-0.04358	
249	38130	0.179587	-0.0205284	0.0155617	-0.04358	
250	37386	0.154693	-0.0205284	0.0211848	-0.04358	
251	36642	0.152885	-0.0205284	0.0133585	-0.04358	
252	35898	0.162388	-0.0205284	0.0172388	-0.04358	
253	35154	0.172812	-0.0205284	0.0162851	-0.04358	
254	34410	0.17278	-0.0205284	0.0226975	-0.04358	
255	33666	0.182645	-0.0205284	0.0213493	-0.04358	
256	32922	0.179422	-0.0205284	0.0183568	-0.04358	
257	32178	0.154792	-0.0205284	0.0136544	-0.04358	
258	31434	0.187281	-0.0205284	0.0157919	-0.04358	
259	30690	0.179817	-0.0205284	0.0113854	-0.04358	
260	29946	0.17666	-0.0205284	0.00960971	-0.04358	
261	29202	0.176134	-0.0205284	0.0148054	-0.04358	
262	28458	0.192378	-0.0205284	0.0219083	-0.04358	
263	27714	0.177975	-0.0205284	0.0174361	-0.04358	
264	26970	0.176035	-0.0205284	0.0262818	-0.04358	
265	26226	0.180672	-0.0205284	0.0135887	-0.04358	
266	25482	0.164887	-0.0205284	0.0218425	-0.04358	
267	24738	0.198363	-0.0205284	0.0162851	-0.04358	
268	23994	0.174687	-0.0205284	0.0212835	-0.04358	
269	23250	0.18863	-0.0205284	0.0225988	-0.04358	
270	22506	0.198067	-0.0205284	0.0187185	-0.04358	
271	21762	0.20494	-0.0205284	0.0191789	-0.04358	
272	21018	0.187084	-0.0205284	0.0187514	-0.04358	
273	20274	0.17495	-0.0205284	0.0150027	-0.04358	
274	19530	0.175575	-0.0205284	0.0141806	-0.04358	
275	18786	0.182283	-0.0205284	0.0198695	-0.04358	
276	18042	0.199777	-0.0205284	0.0277287	-0.04358	
277	17298	0.177712	-0.0205284	0.0233552	-0.04358	
278	16554	0.190011	-0.0205284	0.0222042	-0.04358	
279	15810	0.188827	-0.0205284	0.0221056	-0.04358	
280	15066	0.162454	-0.0205284	0.0176991	-0.04358	
281	14322	0.16982	-0.0205284	0.0208889	-0.04358	
282	13578	0.185736	-0.0205284	0.0182582	-0.04358	
283	12834	0.181428	-0.0205284	0.0182582	-0.04358	
284	12090	0.171925	-0.0205284	0.0127337	-0.04358	
285	11346	0.184684	-0.0205284	0.0205272	-0.04358	
286	10602	0.179291	-0.0205284	0.0203627	-0.04358	
287	9858	0.180935	-0.0205284	0.0221385	-0.04358	
288	9114	0.179718	-0.0205284	0.0160878	-0.04358	
289	8370	0.185703	-0.0205284	0.0263805	-0.04358	
290	7626	0.170971	-0.0205284	0.017173	-0.04358	
291	6882	0.176463	-0.0205284	0.027663	-0.04358	
292	6138	0.187183	-0.0205284	0.0122404	-0.04358	
293	5394	0.189912	-0.0205284	0.0137531	-0.04358	
294	4650	0.178732	-0.0205284	0.02227	-0.04358	
295	3906	0.184355	-0.0205284	0.0173045	-0.04358	
296	3162	0.197969	-0.0205284	0.011517	-0.04358	
297	2418	0.159363	-0.0205284	0.0111553	-0.04358	
298	1674	0.184782	-0.0205284	0.0177978	-0.04358	
299	930	0.192872	-0.0205284	0.0299977	-0.04358	
300	186	0.196555	-0.0205284	0.0185212	-0.04358	
301	372	0.175641	-0.0205284	0.0215137	-0.04358	
302	1116	0.180639	-0.0205284	0.0196064	-0.04358	
303	1860	0.188663	-0.0205284	0.0178307	-0.04358	
304	2604	0.180935	-0.0205284	0.0154959	-0.04358	
305	3348	0.174358	-0.0205284	0.0195735	-0.04358	
306	4092	0.179619	-0.0205284	0.0146081	-0.04358	
307	4836	0.178732	-0.0205284	0.0219083	-0.04358	
308	5580	0.189353	-0.0205284	0.0182582	-0.04358	
309	6324	0.19103	-0.0205284	0.017732	-0.04358	
310	7068	0.198955	-0.0205284	0.0191789	-0.04358	
311	7812	0.177614	-0.0205284	0.0119445	-0.04358	
312	8556	0.190405	-0.0205284	0.0225002	-0.04358	
313	9300	0.186394	-0.0205284	0.0183897	-0.04358	
314	10044	0.17301	-0.0205284	0.025394	-0.04358	
315	10788	0.185177	-0.0205284	0.0207902	-0.04358	
316	11532	0.192378	-0.0205284	0.0261174	-0.04358	
317	12276	0.197508	-0.0205284	0.0248349	-0.04358	
318	13020	0.179455	-0.0205284	0.0184226	-0.04358	
319	13764	0.183993	-0.0205284	0.0220727	-0.04358	
320	14508	0.175049	-0.0205284	0.0255584	-0.04358	
321	15252	0.196851	-0.0205284	0.0188172	-0.04358	
322	15996	0.179554	-0.0205284	0.0160878	-0.04358	
323	16740	0.16686	-0.0205284	0.0234867	-0.04358	
324	17484	0.18419	-0.0205284	0.0212506	-0.04358	
325	18228	0.208294	-0.0205284	0.0348645	-0.04358	
326	18972	0.188038	-0.0205284	0.0203627	-0.04358	
327	19716	0.184388	-0.0205284	0.0224673	-0.04358	
328	20460	0.17324	-0.0205284	0.0184555	-0.04358	
329	21204	0.195535	-0.0205284	0.0257886	-0.04358	
330	21948	0.1835	-0.0205284	0.0221056	-0.04358	
331	22692	0.195831	-0.0205284	0.0205272	-0.04358	
332	23436	0.205433	-0.0205284	0.0248349	-0.04358	
333	24180	0.178469	-0.0205284	0.0231579	-0.04358	
334	24924	0.190373	-0.0205284	0.0171401	-0.04358	
335	25668	0.182349	-0.0205284	0.0286166	-0.04358	
336	26412	0.179159	-0.0205284	0.0276301	-0.04358	
337	27156	0.205269	-0.0205284	0.0224015	-0.04358	
338	27900	0.205203	-0.0205284	0.0346343	-0.04358	
339	28644	0.200271	-0.0205284	0.0286824	-0.04358	
340	29388	0.192839	-0.0205284	0.0199353	-0.04358	
341	30132	0.203691	-0.0205284	0.0256899	-0.04358	
342	30876	0.197377	-0.0205284	0.02227	-0.04358	
343	31620	0.176824	-0.0205284	0.0256899	-0.04358	
344	32364	0.179981	-0.0205284	0.0216452	-0.04358	
345	33108	0.199843	-0.0205284	0.0288797	-0.04358	
346	33852	0.182941	-0.0205284	0.0241115	-0.04358	
347	34596	0.208294	-0.0205284	0.0278603	-0.04358	
348	35340	0.195601	-0.0205284	0.0238813	-0.04358	
349	36084	0.193891	-0.0205284	0.0234867	-0.04358	
350	36828	0.181954	-0.0205284	0.0193762	-0.04358	
351	37572	0.187972	-0.0205284	0.0266764	-0.04358	
352	38316	0.175081	-0.0205284	0.0241773	-0.04358	
353	39060	0.201685	-0.0205284	0.0179293	-0.04358	
354	39804	0.183138	-0.0205284	0.0212835	-0.04358	
355	40548	0.209971	-0.0205284	0.021711	-0.04358	
356	41292	0.199909	-0.0205284	0.0145423	-0.04358	
357	42036	0.191359	-0.0205284	0.0197379	-0.04358	
358	42780	0.192543	-0.0205284	0.0245061	-0.04358	
359	43524	0.18248	-0.0205284	0.0232894	-0.04358	
360	44268	0.201849	-0.0205284	0.0162194	-0.04358	
361	45012	0.197739	-0.0205284	0.0316748	-0.04358	
362	45756	0.206551	-0.0205284	0.0251309	-0.04358	
363	46500	0.198528	-0.0205284	0.0254269	-0.04358	
364	47244	0.20448	-0.0205284	0.0220727	-0.04358	
365	47988	0.192937	-0.0205284	0.0180938	-0.04358	
366	48732	0.198034	-0.0205284	0.0277287	-0.04358	
367	49476	0.202046	-0.0205284	0.0239142	-0.04358	
368	50220	0.204348	-0.0205284	0.0196393	-0.04358	
369	50964	0.206453	-0.0205284	0.0270053	-0.04358	
370	51708	0.18544	-0.0205284	0.0234538	-0.04358	
371	52452	0.209182	-0.0205284	0.0326613	-0.04358	
372	53196	0.180376	-0.0205284	0.0256242	-0.04358	
373	53940	0.183138	-0.0205284	0.0110237	-0.04358	
374	54684	0.192115	-0.0205284	0.0368047	-0.04358	
375	55428	0.207571	-0.0205284	0.0257557	-0.04358	
376	56172	0.201487	-0.0205284	0.0255913	-0.04358	
377	56916	0.198857	-0.0205284	0.0148711	-0.04358	
378	57660	0.176824	-0.0205284	0.019442	-0.04358	
379	58404	0.193069	-0.0205284	0.0238155	-0.04358	
380	59148	0.192148	-0.0205284	0.0305239	-0.04358	
381	59892	0.18248	-0.0205284	0.0221056	-0.04358	
382	60636	0.194351	-0.0205284	0.0239142	-0.04358	
383	61380	0.197936	-0.0205284	0.0234867	-0.04358	
384	62124	0.188334	-0.0205284	0.0303266	-0.04358	
385	62868	0.196423	-0.0205284	0.02934	-0.04358	
386	63612	0.206124	-0.0205284	0.0294058	-0.04358	
387	64356	0.201454	-0.0205284	0.0236511	-0.04358	
388	65100	0.193562	-0.0205284	0.0201326	-0.04358	
389	65844	0.202704	-0.0205284	0.0276958	-0.04358	
390	66588	0.198034	-0.0205284	0.0318392	-0.04358	
391	67332	0.19639	-0.0205284	0.0182582	-0.04358	
392	68076	0.205039	-0.0205284	0.0254597	-0.04358	
393	68820	0.187347	-0.0205284	0.00918222	-0.04358	
394	69564	0.210761	-0.0205284	0.0200339	-0.04358	
395	70308	0.186098	-0.0205284	0.0265449	-0.04358	
396	71052	0.190537	-0.0205284	0.0164824	-0.04358	
397	71796	0.176956	-0.0205284	0.0174032	-0.04358	
398	72540	0.167715	-0.0205284	0.0257557	-0.04358	
399	73284	0.197936	-0.0205284	0.0249007	-0.04358	
400	74028	0.188268	-0.0205284	0.0242759	-0.04358	
401	74772	0.190932	-0.0205284	0.0263147	-0.04358	
402	75516	0.191556	-0.0205284	0.018587	-0.04358	
403	76260	0.180902	-0.0205284	0.0196064	-0.04358	
404	77004	0.191754	-0.0205284	0.0207573	-0.04358	
405	77748	0.178173	-0.0205284	0.0167126	-0.04358	
406	78492	0.18396	-0.0205284	0.0255255	-0.04358	
407	79236	0.185144	-0.0205284	0.025657	-0.04358	
408	79980	0.210432	-0.0205284	0.0246048	-0.04358	
409	80724	0.179093	-0.0205284	0.0169099	-0.04358	
410	81468	0.179652	-0.0205284	0.0196064	-0.04358	
411	82212	0.178107	-0.0205284	0.0164824	-0.04358	
412	82956	0.196916	-0.0205284	0.0184226	-0.04358	
413	83700	0.196029	-0.0205284	0.0264134	-0.04358	
414	84444	0.201093	-0.0205284	0.0154302	-0.04358	
415	85188	0.193562	-0.0205284	0.0263476	-0.04358	
416	85932	0.195535	-0.0205284	0.0232236	-0.04358	
417	86676	0.197739	-0.0205284	0.0218754	-0.04358	
418	87420	0.208327	-0.0205284	0.0306883	-0.04358	
419	88164	0.179587	-0.0205284	0.0320365	-0.04358	
420	88908	0.190438	-0.0205284	0.0171401	-0.04358	
421	89652	0.195765	-0.0205284	0.0279589	-0.04358	
422	90396	0.201257	-0.0205284	0.0116156	-0.04358	
423	91140	0.211221	-0.0205284	0.0295373	-0.04358	
424	91884	0.204743	-0.0205284	0.02398	-0.04358	
425	92628	0.189123	-0.0205284	0.0188501	-0.04358	
426	93372	0.19103	-0.0205284	0.0235854	-0.04358	
427	94116	0.176627	-0.0205284	0.0295702	-0.04358	
428	94860	0.181987	-0.0205284	0.019146	-0.04358	
429	95604	0.184947	-0.0205284	0.0164824	-0.04358	
430	96348	0.19491	-0.0205284	0.0266764	-0.04358	
431	97092	0.197212	-0.0205284	0.0268409	-0.04358	
432	97836	0.184026	-0.0205284	0.0243746	-0.04358	
433	98580	0.188202	-0.0205284	0.0243746	-0.04358	
434	99324	0.206354	-0.0205284	0.022829	-0.04358	
435	100068	0.170576	-0.0205284	0.0249665	-0.04358	
436	100812	0.191984	-0.0205284	0.0192776	-0.04358	
437	101556	0.187051	-0.0205284	0.0273341	-0.04358	
438	102300	0.189583	-0.0205284	0.0190474	-0.04358	
439	103044	0.193464	-0.0205284	0.0281233	-0.04358	
440	103788	0.19491	-0.0205284	0.021415	-0.04358	
441	104532	0.201685	-0.0205284	0.0250651	-0.04358	
442	105276	0.188893	-0.0205284	0.026512	-0.04358	
443	106020	0.205368	-0.0205284	0.0160878	-0.04358	
444	106764	0.189518	-0.0205284	0.0120431	-0.04358	
445	107508	0.186295	-0.0205284	0.0257886	-0.04358	
446	108252	0.188926	-0.0205284	0.0246048	-0.04358	
447	108996	0.202803	-0.0205284	0.0208889	-0.04358	
448	109740	0.206453	-0.0205284	0.0244075	-0.04358	
449	110484	0.196522	-0.0205284	0.0248678	-0.04358	
450	111228	0.182382	-0.0205284	0.0180609	-0.04358	
451	111414	0.187216	-0.0205284	0.0307869	-0.04358	
452	110670	0.180836	-0.0205284	0.0253611	-0.04358	
453	109926	0.193003	-0.0205284	0.0203956	-0.04358	
454	109182	0.2152	-0.0205284	0.024539	-0.04358	
455	108438	0.203954	-0.0205284	0.0300306	-0.04358	
456	107694	0.199679	-0.0205284	0.0223029	-0.04358	
457	106950	0.197936	-0.0205284	0.0256242	-0.04358	
458	106206	0.196292	-0.0205284	0.0200997	-0.04358	
459	105462	0.192707	-0.0205284	0.0290441	-0.04358	
460	104718	0.200073	-0.0205284	0.0223687	-0.04358	
461	103974	0.180442	-0.0205284	0.0249994	-0.04358	
462	103230	0.184947	-0.0205284	0.0244075	-0.04358	
463	102486	0.190011	-0.0205284	0.0209875	-0.04358	
464	101742	0.209642	-0.0205284	0.0260517	-0.04358	
465	100998	0.194253	-0.0205284	0.0184555	-0.04358	
466	100254	0.207308	-0.0205284	0.0277287	-0.04358	
467	99510	0.182513	-0.0205284	0.0131612	-0.04358	
468	98766	0.183894	-0.0205284	0.0271697	-0.04358	
469	98022	0.19126	-0.0205284	0.0199024	-0.04358	
470	97278	0.186196	-0.0205284	0.0169099	-0.04358	
471	96534	0.203263	-0.0205284	0.0268409	-0.04358	
472	95790	0.194286	-0.0205284	0.0213493	-0.04358	
473	95046	0.202079	-0.0205284	0.0244732	-0.04358	
474	94302	0.189978	-0.0205284	0.0197379	-0.04358	
475	93558	0.204381	-0.0205284	0.0233223	-0.04358	
476	92814	0.188235	-0.0205284	0.0259201	-0.04358	
477	92070	0.19547	-0.0205284	0.0215466	-0.04358	
478	91326	0.18202	-0.0205284	0.0202312	-0.04358	
479	90582	0.19445	-0.0205284	0.0290441	-0.04358	
480	89838	0.189978	-0.0205284	0.0244075	-0.04358	
481	89094	0.19491	-0.0205284	0.0266107	-0.04358	
482	88350	0.180113	-0.0205284	0.0173045	-0.04358	
483	87606	0.178896	-0.0205284	0.0187185	-0.04358	
484	86862	0.173372	-0.0205284	0.0154302	-0.04358	
485	86118	0.190077	-0.0205284	0.0134571	-0.04358	
486	85374	0.19228	-0.0205284	0.0188172	-0.04358	
487	84630	0.174194	-0.0205284	0.021152	-0.04358	
488	83886	0.174391	-0.0205284	0.0184555	-0.04358	
489	83142	0.174325	-0.0205284	0.0162523	-0.04358	
490	82398	0.176002	-0.0205284	0.0176991	-0.04358	
491	81654	0.176167	-0.0205284	0.0172059	-0.04358	
492	80910	0.177975	-0.0205284	0.0243746	-0.04358	
493	80166	0.166926	-0.0205284	0.0218754	-0.04358	
494	79422	0.179587	-0.0205284	0.0233881	-0.04358	
495	78678	0.188367	-0.0205284	0.0181924	-0.04358	
496	77934	0.178074	-0.0205284	0.0205929	-0.04358	
497	77190	0.174259	-0.0205284	0.0117472	-0.04358	
498	76446	0.178764	-0.0205284	0.0164496	-0.04358	
499	75702	0.169129	-0.0205284	0.0133256	-0.04358	
500	74958	0.182875	-0.0205284	0.0260188	-0.04358	
501	74214	0.178929	-0.0205284	0.0214479	-0.04358	
502	73470	0.177022	-0.0205284	0.0264134	-0.04358	
503	72726	0.178107	-0.0205284	0.0211191	-0.04358	
504	71982	0.189682	-0.0205284	0.021152	-0.04358	
505	71238	0.175608	-0.0205284	0.0158576	-0.04358	
506	70494	0.177942	-0.0205284	0.0118787	-0.04358	
507	69750	0.190899	-0.0205284	0.0195406	-0.04358	
508	69006	0.190866	-0.0205284	0.0255913	-0.04358	
509	68262	0.183204	-0.0205284	0.0235196	-0.04358	
510	67518	0.193496	-0.0205284	0.0274328	-0.04358	
511	66774	0.175575	-0.0205284	0.0208889	-0.04358	
512	66030	0.196324	-0.0205284	0.031609	-0.04358	
513	65286	0.184782	-0.0205284	0.0234867	-0.04358	
514	64542	0.185835	-0.0205284	0.0255584	-0.04358	
515	63798	0.191885	-0.0205284	0.0183897	-0.04358	
516	63054	0.189682	-0.0205284	0.0278274	-0.04358	
517	62310	0.188926	-0.0205284	0.0252296	-0.04358	
518	61566	0.185835	-0.0205284	0.0152986	-0.04358	
519	60822	0.184585	-0.0205284	0.0213821	-0.04358	
520	60078	0.173404	-0.0205284	0.0204614	-0.04358	
521	59334	0.200106	-0.0205284	0.019146	-0.04358	
522	58590	0.179784	-0.0205284	0.0260845	-0.04358	
523	57846	0.174687	-0.0205284	0.0265449	-0.04358	
524	57102	0.197311	-0.0205284	0.0163838	-0.04358	
525	56358	0.18373	-0.0205284	0.0243746	-0.04358	
526	55614	0.186163	-0.0205284	0.0243417	-0.04358	
527	54870	0.190438	-0.0205284	0.0293072	-0.04358	
528	54126	0.174161	-0.0205284	0.0263805	-0.04358	
529	53382	0.177581	-0.0205284	0.0205272	-0.04358	
530	52638	0.183697	-0.0205284	0.0241773	-0.04358	
531	51894	0.184684	-0.0205284	0.0289454	-0.04358	
532	51150	0.182415	-0.0205284	0.0200997	-0.04358	
533	50406	0.192313	-0.0205284	0.0206916	-0.04358	
534	49662	0.186525	-0.0205284	0.0204285	-0.04358	
535	48918	0.189748	-0.0205284	0.0285508	-0.04358	
536	48174	0.182743	-0.0205284	0.0237827	-0.04358	
537	47430	0.186098	-0.0205284	0.0158905	-0.04358	
538	46686	0.18932	-0.0205284	0.0247363	-0.04358	
539	45942	0.205039	-0.0205284	0.0219083	-0.04358	
540	45198	0.187643	-0.0205284	0.0247692	-0.04358	
541	44454	0.200468	-0.0205284	0.0268409	-0.04358	
542	43710	0.193628	-0.0205284	0.0229277	-0.04358	
543	42966	0.188695	-0.0205284	0.0203956	-0.04358	
544	42222	0.177975	-0.0205284	0.0136215	-0.04358	
545	41478	0.188597	-0.0205284	0.0225988	-0.04358	
546	40734	0.18396	-0.0205284	0.0197051	-0.04358	
547	39990	0.184782	-0.0205284	0.0261832	-0.04358	
548	39246	0.187314	-0.0205284	0.029932	-0.04358	
549	38502	0.169129	-0.0205284	0.0107606	-0.04358	
550	37758	0.173667	-0.0205284	0.017173	-0.04358	
551	37014	0.1713	-0.0205284	0.0107278	-0.04358	
552	36270	0.162947	-0.0205284	0.0146081	-0.04358	
553	35526	0.168866	-0.0205284	0.0197051	-0.04358	
554	34782	0.174555	-0.0205284	0.015463	-0.04358	
555	34038	0.183598	-0.0205284	0.00970836	-0.04358	
556	33294	0.17153	-0.0205284	0.021711	-0.04358	
557	32550	0.175049	-0.0205284	0.0088205	-0.04358	
558	31806	0.174983	-0.0205284	0.0185541	-0.04358	
559	31062	0.175739	-0.0205284	0.0111553	-0.04358	
560	30318	0.145782	-0.0205284	0.0135887	-0.04358	
561	29574	0.168998	-0.0205284	0.0205929	-0.04358	
562	28830	0.166236	-0.0205284	0.015759	-0.04358	
563	28086	0.166038	-0.0205284	0.0118129	-0.04358	
564	27342	0.179422	-0.0205284	0.0218425	-0.04358	
565	26598	0.168702	-0.0205284	0.026512	-0.04358	
566	25854	0.173865	-0.0205284	0.0162851	-0.04358	
567	25110	0.159429	-0.0205284	0.0209218	-0.04358	
568	24366	0.16686	-0.0205284	0.00911645	-0.04358	
569	23622	0.169886	-0.0205284	0.0156275	-0.04358	
570	22878	0.181132	-0.0205284	0.0189487	-0.04358	
571	22134	0.16492	-0.0205284	0.0202312	-0.04358	
572	21390	0.185802	-0.0205284	0.0267422	-0.04358	
573	20646	0.18715	-0.0205284	0.0241115	-0.04358	
574	19902	0.172484	-0.0205284	0.018587	-0.04358	
575	19158	0.180474	-0.0205284	0.0231579	-0.04358	
576	18414	0.173733	-0.0205284	0.0257886	-0.04358	
577	17670	0.188498	-0.0205284	0.0274985	-0.04358	
578	16926	0.191885	-0.0205284	0.0255255	-0.04358	
579	16182	0.206321	-0.0205284	0.0223687	-0.04358	
580	15438	0.184388	-0.0205284	0.0126679	-0.04358	
581	14694	0.180343	-0.0205284	0.0313788	-0.04358	
582	13950	0.165348	-0.0205284	0.0156275	-0.04358	
583	13206	0.163013	-0.0205284	0.0213164	-0.04358	
584	12462	0.196785	-0.0205284	0.0290441	-0.04358	
585	11718	0.194647	-0.0205284	0.0215137	-0.04358	
586	10974	0.207012	-0.0205284	0.0273341	-0.04358	
587	10230	0.183237	-0.0205284	0.0251309	-0.04358	
588	9486	0.184815	-0.0205284	0.023125	-0.04358	
589	8742	0.178534	-0.0205284	0.0259201	-0.04358	
590	7998	0.17985	-0.0205284	0.0198037	-0.04358	
591	7254	0.194253	-0.0205284	0.0238484	-0.04358	
592	6510	0.179225	-0.0205284	0.019146	-0.04358	
593	5766	0.201981	-0.0205284	0.0263147	-0.04358	
594	5022	0.199185	-0.0205284	0.01178	-0.04358	
595	4278	0.180178	-0.0205284	0.0172059	-0.04358	
596	3534	0.175279	-0.0205284	0.0195406	-0.04358	
597	2790	0.174457	-0.0205284	0.017732	-0.04358	
598	2046	0.167847	-0.0205284	0.0202312	-0.04358	
599	1302	0.181724	-0.0205284	0.0264463	-0.04358	
600	558	0.203658	-0.0199825	0.0410138	-0.0419686	
