# 2016-09-28-Wednesday
# DL-Pro & DL-100 Locked delay scan.
# DL-Pro @ 365824.8 GHz & DL-100 @ 365808.9 GHz
# B2 = T2 + 2.050 us
# HP 214B FIP at 5.5 on 100V setting ; Applied to Top ; Mesh & Vin of MCP @ +25V ; Vout of MCP @ +2025 V
# Oven @ 32 A
# MW On ; f = 15931.6 MHz; Attn = 44 dB (38+6)
# Static 8000 mV Pulsed
# Gate = 200 ns ; Amp = 25x ; Sensitivity = 5 mV
# +/- 30 mV IR/Oven offset.
# Top: 0 V ; Bot: -0.445 V ; IR: +0.055 V ; Oven: -0.055 V ; Vis: -0.010 V ; MW: +0.010 V
# i, step, norm, norm bkgnd, signal, signal bkgnd
# 4 passes
0	0	0.151635	-0.0254379	-0.0397819	-0.0489959	
1	744	0.148577	-0.0254379	-0.0397819	-0.0489959	
2	1488	0.170215	-0.0254379	-0.042873	-0.0489959	
3	2232	0.199448	-0.0254379	-0.0429058	-0.0489959	
4	2976	0.141014	-0.0254379	-0.0402094	-0.0489959	
5	3720	0.168768	-0.0254379	-0.0406369	-0.0489959	
6	4464	0.182546	-0.0254379	-0.0422482	-0.0489959	
7	5208	0.139929	-0.0254379	-0.0399463	-0.0489959	
8	5952	0.156042	-0.0254379	-0.0417878	-0.0489959	
9	6696	0.178534	-0.0254379	-0.0398476	-0.0489959	
10	7440	0.165512	-0.0254379	-0.0421166	-0.0489959	
11	8184	0.155877	-0.0254379	-0.0372498	-0.0489959	
12	8928	0.185407	-0.0254379	-0.038039	-0.0489959	
13	9672	0.166696	-0.0254379	-0.0368552	-0.0489959	
14	10416	0.172122	-0.0254379	-0.0474109	-0.0489959	
15	11160	0.160415	-0.0254379	-0.0441225	-0.0489959	
16	11904	0.169689	-0.0254379	-0.0401765	-0.0489959	
17	12648	0.170642	-0.0254379	-0.0365264	-0.0489959	
18	13392	0.158968	-0.0254379	-0.0424126	-0.0489959	
19	14136	0.177383	-0.0254379	-0.0356385	-0.0489959	
20	14880	0.163671	-0.0254379	-0.0447473	-0.0489959	
21	15624	0.169458	-0.0254379	-0.0372498	-0.0489959	
22	16368	0.175936	-0.0254379	-0.0408342	-0.0489959	
23	17112	0.172418	-0.0254379	-0.0427743	-0.0489959	
24	17856	0.166236	-0.0254379	-0.038335	-0.0489959	
25	18600	0.170215	-0.0254379	-0.0390913	-0.0489959	
26	19344	0.165545	-0.0254379	-0.0338957	-0.0489959	
27	20088	0.187051	-0.0254379	-0.0416563	-0.0489959	
28	20832	0.164526	-0.0254379	-0.0399792	-0.0489959	
29	21576	0.179751	-0.0254379	-0.0456681	-0.0489959	
30	22320	0.184223	-0.0254379	-0.0335997	-0.0489959	
31	23064	0.177416	-0.0254379	-0.0378088	-0.0489959	
32	23808	0.189452	-0.0254379	-0.0362304	-0.0489959	
33	24552	0.188005	-0.0254379	-0.039749	-0.0489959	
34	25296	0.184552	-0.0254379	-0.0410972	-0.0489959	
35	26040	0.183302	-0.0254379	-0.0379404	-0.0489959	
36	26784	0.185374	-0.0254379	-0.033238	-0.0489959	
37	27528	0.178797	-0.0254379	-0.0424783	-0.0489959	
38	28272	0.186196	-0.0254379	-0.040604	-0.0489959	
39	29016	0.167058	-0.0254379	-0.0384665	-0.0489959	
40	29760	0.175147	-0.0254379	-0.0401107	-0.0489959	
41	30504	0.201553	-0.0254379	-0.0412616	-0.0489959	
42	31248	0.189682	-0.0254379	-0.0408999	-0.0489959	
43	31992	0.193266	-0.0254379	-0.0400449	-0.0489959	
44	32736	0.181198	-0.0254379	-0.0421495	-0.0489959	
45	33480	0.172319	-0.0254379	-0.0331722	-0.0489959	
46	34224	0.18202	-0.0254379	-0.0402094	-0.0489959	
47	34968	0.175016	-0.0254379	-0.0444514	-0.0489959	
48	35712	0.179784	-0.0254379	-0.0405711	-0.0489959	
49	36456	0.175706	-0.0254379	-0.040867	-0.0489959	
50	37200	0.190997	-0.0254379	-0.0467533	-0.0489959	
51	37944	0.187216	-0.0254379	-0.0417878	-0.0489959	
52	38688	0.181033	-0.0254379	-0.0381706	-0.0489959	
53	39432	0.171201	-0.0254379	-0.0419851	-0.0489959	
54	40176	0.155022	-0.0254379	-0.0387625	-0.0489959	
55	40920	0.18054	-0.0254379	-0.0380061	-0.0489959	
56	41664	0.177679	-0.0254379	-0.0404724	-0.0489959	
57	42408	0.177745	-0.0254379	-0.0402094	-0.0489959	
58	43152	0.197804	-0.0254379	-0.0379404	-0.0489959	
59	43896	0.169787	-0.0254379	-0.0376773	-0.0489959	
60	44640	0.169261	-0.0254379	-0.0410972	-0.0489959	
61	45384	0.176364	-0.0254379	-0.0416234	-0.0489959	
62	46128	0.178929	-0.0254379	-0.0376773	-0.0489959	
63	46872	0.191227	-0.0254379	-0.0443856	-0.0489959	
64	47616	0.188958	-0.0254379	-0.0336326	-0.0489959	
65	48360	0.184782	-0.0254379	-0.034652	-0.0489959	
66	49104	0.197903	-0.0254379	-0.0427414	-0.0489959	
67	49848	0.181001	-0.0254379	-0.0388282	-0.0489959	
68	50592	0.183927	-0.0254379	-0.0411959	-0.0489959	
69	51336	0.194943	-0.0254379	-0.0368223	-0.0489959	
70	52080	0.170774	-0.0254379	-0.0455037	-0.0489959	
71	52824	0.172714	-0.0254379	-0.0379733	-0.0489959	
72	53568	0.187906	-0.0254379	-0.0385323	-0.0489959	
73	54312	0.194253	-0.0254379	-0.0396832	-0.0489959	
74	55056	0.189123	-0.0254379	-0.0372169	-0.0489959	
75	55800	0.192115	-0.0254379	-0.037184	-0.0489959	
76	56544	0.18373	-0.0254379	-0.040308	-0.0489959	
77	57288	0.168176	-0.0254379	-0.0466546	-0.0489959	
78	58032	0.181823	-0.0254379	-0.0393544	-0.0489959	
79	58776	0.187742	-0.0254379	-0.0423797	-0.0489959	
80	59520	0.185078	-0.0254379	-0.0344218	-0.0489959	
81	60264	0.186459	-0.0254379	-0.0362633	-0.0489959	
82	61008	0.188663	-0.0254379	-0.0409328	-0.0489959	
83	61752	0.161599	-0.0254379	-0.0338957	-0.0489959	
84	62496	0.153871	-0.0254379	-0.0357043	-0.0489959	
85	63240	0.157916	-0.0254379	-0.0367237	-0.0489959	
86	63984	0.164592	-0.0254379	-0.0396503	-0.0489959	
87	64728	0.152589	-0.0254379	-0.0430374	-0.0489959	
88	65472	0.164296	-0.0254379	-0.041163	-0.0489959	
89	66216	0.168702	-0.0254379	-0.0446158	-0.0489959	
90	66960	0.171694	-0.0254379	-0.0444843	-0.0489959	
91	67704	0.159231	-0.0254379	-0.0423797	-0.0489959	
92	68448	0.147426	-0.0254379	-0.0396175	-0.0489959	
93	69192	0.165578	-0.0254379	-0.0393215	-0.0489959	
94	69936	0.176561	-0.0254379	-0.0458654	-0.0489959	
95	70680	0.192937	-0.0254379	-0.0407684	-0.0489959	
96	71424	0.190932	-0.0254379	-0.0412288	-0.0489959	
97	72168	0.179619	-0.0254379	-0.0361975	-0.0489959	
98	72912	0.186032	-0.0254379	-0.0424126	-0.0489959	
99	73656	0.160317	-0.0254379	-0.0407355	-0.0489959	
100	74400	0.178041	-0.0254379	-0.0449446	-0.0489959	
101	75144	0.172155	-0.0254379	-0.0399463	-0.0489959	
102	75888	0.177186	-0.0254379	-0.037776	-0.0489959	
103	76632	0.177975	-0.0254379	-0.0387296	-0.0489959	
104	77376	0.176265	-0.0254379	-0.0399792	-0.0489959	
105	78120	0.18567	-0.0254379	-0.0357043	-0.0489959	
106	78864	0.160054	-0.0254379	-0.0434978	-0.0489959	
107	79608	0.158113	-0.0254379	-0.0364606	-0.0489959	
108	80352	0.162158	-0.0254379	-0.0435635	-0.0489959	
109	81096	0.153181	-0.0254379	-0.0431031	-0.0489959	
110	81840	0.151734	-0.0254379	-0.043432	-0.0489959	
111	82584	0.178896	-0.0254379	-0.0416234	-0.0489959	
112	83328	0.1664	-0.0254379	-0.0370196	-0.0489959	
113	84072	0.175739	-0.0254379	-0.0381706	-0.0489959	
114	84816	0.16229	-0.0254379	-0.0410643	-0.0489959	
115	85560	0.163704	-0.0254379	-0.0414918	-0.0489959	
116	86304	0.180047	-0.0254379	-0.0345533	-0.0489959	
117	87048	0.167551	-0.0254379	-0.0376115	-0.0489959	
118	87792	0.165545	-0.0254379	-0.0390255	-0.0489959	
119	88536	0.186032	-0.0254379	-0.0333037	-0.0489959	
120	89280	0.186295	-0.0254379	-0.0393215	-0.0489959	
121	90024	0.167715	-0.0254379	-0.0413603	-0.0489959	
122	90768	0.154036	-0.0254379	-0.038894	-0.0489959	
123	91512	0.171596	-0.0254379	-0.0393215	-0.0489959	
124	92256	0.152129	-0.0254379	-0.0404067	-0.0489959	
125	93000	0.163539	-0.0254379	-0.039453	-0.0489959	
126	93744	0.169097	-0.0254379	-0.0403738	-0.0489959	
127	94488	0.161698	-0.0254379	-0.0378417	-0.0489959	
128	95232	0.166006	-0.0254379	-0.0381377	-0.0489959	
129	95976	0.172747	-0.0254379	-0.0411301	-0.0489959	
130	96720	0.168538	-0.0254379	-0.0378417	-0.0489959	
131	97464	0.163704	-0.0254379	-0.0427414	-0.0489959	
132	98208	0.18396	-0.0254379	-0.0353097	-0.0489959	
133	98952	0.178107	-0.0254379	-0.0429058	-0.0489959	
134	99696	0.178732	-0.0254379	-0.0387296	-0.0489959	
135	100440	0.186361	-0.0254379	-0.0327447	-0.0489959	
136	101184	0.183138	-0.0254379	-0.0357043	-0.0489959	
137	101928	0.174917	-0.0254379	-0.0325803	-0.0489959	
138	102672	0.16617	-0.0254379	-0.0362304	-0.0489959	
139	103416	0.171596	-0.0254379	-0.0358358	-0.0489959	
140	104160	0.170905	-0.0254379	-0.0371512	-0.0489959	
141	104904	0.176232	-0.0254379	-0.0400449	-0.0489959	
142	105648	0.178107	-0.0254379	-0.0381706	-0.0489959	
143	106392	0.170248	-0.0254379	-0.0424455	-0.0489959	
144	107136	0.186887	-0.0254379	-0.0375458	-0.0489959	
145	107880	0.17107	-0.0254379	-0.03748	-0.0489959	
146	108624	0.178732	-0.0254379	-0.035507	-0.0489959	
147	109368	0.168735	-0.0254379	-0.0371512	-0.0489959	
148	110112	0.177252	-0.0254379	-0.0413274	-0.0489959	
149	110856	0.181165	-0.0254379	-0.0435964	-0.0489959	
150	111600	0.169129	-0.0254379	-0.0413932	-0.0489959	
151	111042	0.175673	-0.0254379	-0.041163	-0.0489959	
152	110298	0.187117	-0.0254379	-0.0408013	-0.0489959	
153	109554	0.169491	-0.0254379	-0.0390255	-0.0489959	
154	108810	0.190175	-0.0254379	-0.0330407	-0.0489959	
155	108066	0.180836	-0.0254379	-0.0354741	-0.0489959	
156	107322	0.165052	-0.0254379	-0.0391571	-0.0489959	
157	106578	0.170182	-0.0254379	-0.0403738	-0.0489959	
158	105834	0.179291	-0.0254379	-0.0403409	-0.0489959	
159	105090	0.179488	-0.0254379	-0.0397819	-0.0489959	
160	104346	0.185703	-0.0254379	-0.0351124	-0.0489959	
161	103602	0.174391	-0.0254379	-0.0423797	-0.0489959	
162	102858	0.182711	-0.0254379	-0.0405053	-0.0489959	
163	102114	0.15272	-0.0254379	-0.038894	-0.0489959	
164	101370	0.172023	-0.0254379	-0.0339614	-0.0489959	
165	100626	0.191556	-0.0254379	-0.0386638	-0.0489959	
166	99882	0.184947	-0.0254379	-0.0363948	-0.0489959	
167	99138	0.18327	-0.0254379	-0.0376773	-0.0489959	
168	98394	0.192313	-0.0254379	-0.042873	-0.0489959	
169	97650	0.170215	-0.0254379	-0.0385652	-0.0489959	
170	96906	0.177942	-0.0254379	-0.0420837	-0.0489959	
171	96162	0.161336	-0.0254379	-0.0409328	-0.0489959	
172	95418	0.179356	-0.0254379	-0.0409986	-0.0489959	
173	94674	0.174292	-0.0254379	-0.038335	-0.0489959	
174	93930	0.169984	-0.0254379	-0.0406697	-0.0489959	
175	93186	0.181231	-0.0254379	-0.0394859	-0.0489959	
176	92442	0.173931	-0.0254379	-0.0367894	-0.0489959	
177	91698	0.159692	-0.0254379	-0.0335339	-0.0489959	
178	90954	0.158705	-0.0254379	-0.0395846	-0.0489959	
179	90210	0.170609	-0.0254379	-0.0390584	-0.0489959	
180	89466	0.189386	-0.0254379	-0.0400449	-0.0489959	
181	88722	0.182349	-0.0254379	-0.0419193	-0.0489959	
182	87978	0.162684	-0.0254379	-0.0401107	-0.0489959	
183	87234	0.16834	-0.0254379	-0.0346849	-0.0489959	
184	86490	0.161928	-0.0254379	-0.044846	-0.0489959	
185	85746	0.150451	-0.0254379	-0.0421166	-0.0489959	
186	85002	0.149037	-0.0254379	-0.0419851	-0.0489959	
187	84258	0.156634	-0.0254379	-0.0354083	-0.0489959	
188	83514	0.170839	-0.0254379	-0.0409986	-0.0489959	
189	82770	0.164657	-0.0254379	-0.0376773	-0.0489959	
190	82026	0.169097	-0.0254379	-0.0361318	-0.0489959	
191	81282	0.175312	-0.0254379	-0.0418207	-0.0489959	
192	80538	0.172648	-0.0254379	-0.0384007	-0.0489959	
193	79794	0.181691	-0.0254379	-0.0390255	-0.0489959	
194	79050	0.194582	-0.0254379	-0.0382692	-0.0489959	
195	78306	0.160251	-0.0254379	-0.0399792	-0.0489959	
196	77562	0.175871	-0.0254379	-0.0370854	-0.0489959	
197	76818	0.172944	-0.0254379	-0.0413932	-0.0489959	
198	76074	0.175608	-0.0254379	-0.0399463	-0.0489959	
199	75330	0.173536	-0.0254379	-0.0399792	-0.0489959	
200	74586	0.168965	-0.0254379	-0.042018	-0.0489959	
201	73842	0.165677	-0.0254379	-0.0418536	-0.0489959	
202	73098	0.165578	-0.0254379	-0.0405711	-0.0489959	
203	72354	0.154628	-0.0254379	-0.03748	-0.0489959	
204	71610	0.175114	-0.0254379	-0.0429058	-0.0489959	
205	70866	0.170708	-0.0254379	-0.03748	-0.0489959	
206	70122	0.179324	-0.0254379	-0.0343889	-0.0489959	
207	69378	0.179159	-0.0254379	-0.0398148	-0.0489959	
208	68634	0.174917	-0.0254379	-0.042281	-0.0489959	
209	67890	0.183302	-0.0254379	-0.0418536	-0.0489959	
210	67146	0.182152	-0.0254379	-0.0386967	-0.0489959	
211	66402	0.178863	-0.0254379	-0.0387954	-0.0489959	
212	65658	0.183533	-0.0254379	-0.0357043	-0.0489959	
213	64914	0.189024	-0.0254379	-0.0403409	-0.0489959	
214	64170	0.173635	-0.0254379	-0.0382363	-0.0489959	
215	63426	0.181724	-0.0254379	-0.0404724	-0.0489959	
216	62682	0.182447	-0.0254379	-0.0407355	-0.0489959	
217	61938	0.178732	-0.0254379	-0.0435306	-0.0489959	
218	61194	0.193365	-0.0254379	-0.0441225	-0.0489959	
219	60450	0.197936	-0.0254379	-0.0447473	-0.0489959	
220	59706	0.188301	-0.0254379	-0.0349808	-0.0489959	
221	58962	0.181856	-0.0254379	-0.0325145	-0.0489959	
222	58218	0.176035	-0.0254379	-0.0361646	-0.0489959	
223	57474	0.188202	-0.0254379	-0.0395517	-0.0489959	
224	56730	0.19639	-0.0254379	-0.0412616	-0.0489959	
225	55986	0.18248	-0.0254379	-0.0349151	-0.0489959	
226	55242	0.19468	-0.0254379	-0.0365593	-0.0489959	
227	54498	0.187512	-0.0254379	-0.0376444	-0.0489959	
228	53754	0.18327	-0.0254379	-0.0411959	-0.0489959	
229	53010	0.172549	-0.0254379	-0.0430045	-0.0489959	
230	52266	0.189222	-0.0254379	-0.0404724	-0.0489959	
231	51522	0.191984	-0.0254379	-0.0368552	-0.0489959	
232	50778	0.176265	-0.0254379	-0.0365921	-0.0489959	
233	50034	0.171168	-0.0254379	-0.0342245	-0.0489959	
234	49290	0.192346	-0.0254379	-0.0370525	-0.0489959	
235	48546	0.182546	-0.0254379	-0.0307059	-0.0489959	
236	47802	0.18669	-0.0254379	-0.0336326	-0.0489959	
237	47058	0.187281	-0.0254379	-0.0401436	-0.0489959	
238	46314	0.163079	-0.0254379	-0.03919	-0.0489959	
239	45570	0.190603	-0.0254379	-0.0365593	-0.0489959	
240	44826	0.183302	-0.0254379	-0.0384665	-0.0489959	
241	44082	0.168439	-0.0254379	-0.0338957	-0.0489959	
242	43338	0.179488	-0.0254379	-0.03577	-0.0489959	
243	42594	0.169853	-0.0254379	-0.0387954	-0.0489959	
244	41850	0.174325	-0.0254379	-0.0403409	-0.0489959	
245	41106	0.175312	-0.0254379	-0.0359673	-0.0489959	
246	40362	0.162717	-0.0254379	-0.0380061	-0.0489959	
247	39618	0.167683	-0.0254379	-0.0383021	-0.0489959	
248	38874	0.154693	-0.0254379	-0.043136	-0.0489959	
249	38130	0.176594	-0.0254379	-0.0445829	-0.0489959	
250	37386	0.164263	-0.0254379	-0.0416234	-0.0489959	
251	36642	0.15956	-0.0254379	-0.0411301	-0.0489959	
252	35898	0.159396	-0.0254379	-0.0406697	-0.0489959	
253	35154	0.159396	-0.0254379	-0.0413932	-0.0489959	
254	34410	0.158574	-0.0254379	-0.0393544	-0.0489959	
255	33666	0.158344	-0.0254379	-0.042281	-0.0489959	
256	32922	0.163835	-0.0254379	-0.0351781	-0.0489959	
257	32178	0.173931	-0.0254379	-0.0406369	-0.0489959	
258	31434	0.169984	-0.0254379	-0.0384994	-0.0489959	
259	30690	0.154003	-0.0254379	-0.0389598	-0.0489959	
260	29946	0.157489	-0.0254379	-0.0420837	-0.0489959	
261	29202	0.166137	-0.0254379	-0.0402422	-0.0489959	
262	28458	0.152655	-0.0254379	-0.0446816	-0.0489959	
263	27714	0.134536	-0.0254379	-0.047115	-0.0489959	
264	26970	0.151306	-0.0254379	-0.0404067	-0.0489959	
265	26226	0.138383	-0.0254379	-0.0363291	-0.0489959	
266	25482	0.140718	-0.0254379	-0.0384007	-0.0489959	
267	24738	0.163967	-0.0254379	-0.0410972	-0.0489959	
268	23994	0.149794	-0.0254379	-0.0440568	-0.0489959	
269	23250	0.173372	-0.0254379	-0.0402751	-0.0489959	
270	22506	0.160382	-0.0254379	-0.0438924	-0.0489959	
271	21762	0.168143	-0.0254379	-0.0347835	-0.0489959	
272	21018	0.160349	-0.0254379	-0.0427743	-0.0489959	
273	20274	0.158442	-0.0254379	-0.0420509	-0.0489959	
274	19530	0.165644	-0.0254379	-0.0382692	-0.0489959	
275	18786	0.177679	-0.0254379	-0.0382692	-0.0489959	
276	18042	0.16788	-0.0254379	-0.0393873	-0.0489959	
277	17298	0.17541	-0.0254379	-0.0330078	-0.0489959	
278	16554	0.176298	-0.0254379	-0.0369867	-0.0489959	
279	15810	0.158311	-0.0254379	-0.0434978	-0.0489959	
280	15066	0.159593	-0.0254379	-0.0362633	-0.0489959	
281	14322	0.180606	-0.0254379	-0.032942	-0.0489959	
282	13578	0.165808	-0.0254379	-0.0399134	-0.0489959	
283	12834	0.173076	-0.0254379	-0.0328105	-0.0489959	
284	12090	0.179455	-0.0254379	-0.0405053	-0.0489959	
285	11346	0.163704	-0.0254379	-0.0452406	-0.0489959	
286	10602	0.16423	-0.0254379	-0.038039	-0.0489959	
287	9858	0.173076	-0.0254379	-0.0397819	-0.0489959	
288	9114	0.155088	-0.0254379	-0.0386309	-0.0489959	
289	8370	0.169754	-0.0254379	-0.0382692	-0.0489959	
290	7626	0.171201	-0.0254379	-0.0417549	-0.0489959	
291	6882	0.155516	-0.0254379	-0.0394859	-0.0489959	
292	6138	0.148544	-0.0254379	-0.0377102	-0.0489959	
293	5394	0.153016	-0.0254379	-0.0435306	-0.0489959	
294	4650	0.163605	-0.0254379	-0.0454708	-0.0489959	
295	3906	0.142691	-0.0254379	-0.0429387	-0.0489959	
296	3162	0.165249	-0.0254379	-0.0431689	-0.0489959	
297	2418	0.174786	-0.0254379	-0.0380061	-0.0489959	
298	1674	0.159067	-0.0254379	-0.043432	-0.0489959	
299	930	0.167189	-0.0254379	-0.0409986	-0.0489959	
300	186	0.151372	-0.0254379	-0.0400778	-0.0489959	
301	372	0.16252	-0.0254379	-0.0440239	-0.0489959	
302	1116	0.169524	-0.0254379	-0.0407026	-0.0489959	
303	1860	0.173503	-0.0254379	-0.0354412	-0.0489959	
304	2604	0.173306	-0.0254379	-0.0384665	-0.0489959	
305	3348	0.166071	-0.0254379	-0.0435635	-0.0489959	
306	4092	0.174424	-0.0254379	-0.0416891	-0.0489959	
307	4836	0.177646	-0.0254379	-0.0439581	-0.0489959	
308	5580	0.181395	-0.0254379	-0.041722	-0.0489959	
309	6324	0.175969	-0.0254379	-0.0361975	-0.0489959	
310	7068	0.163145	-0.0254379	-0.0390255	-0.0489959	
311	7812	0.181888	-0.0254379	-0.0375129	-0.0489959	
312	8556	0.175673	-0.0254379	-0.0364277	-0.0489959	
313	9300	0.177909	-0.0254379	-0.0408342	-0.0489959	
314	10044	0.174522	-0.0254379	-0.0415576	-0.0489959	
315	10788	0.170543	-0.0254379	-0.0334024	-0.0489959	
316	11532	0.158935	-0.0254379	-0.0407026	-0.0489959	
317	12276	0.169787	-0.0254379	-0.03748	-0.0489959	
318	13020	0.168472	-0.0254379	-0.038039	-0.0489959	
319	13764	0.164131	-0.0254379	-0.0391571	-0.0489959	
320	14508	0.16765	-0.0254379	-0.0444843	-0.0489959	
321	15252	0.179488	-0.0254379	-0.0433662	-0.0489959	
322	15996	0.156666	-0.0254379	-0.0436951	-0.0489959	
323	16740	0.153608	-0.0254379	-0.0393544	-0.0489959	
324	17484	0.144236	-0.0254379	-0.0466875	-0.0489959	
325	18228	0.148182	-0.0254379	-0.0405053	-0.0489959	
326	18972	0.161961	-0.0254379	-0.0476411	-0.0489959	
327	19716	0.146933	-0.0254379	-0.0436951	-0.0489959	
328	20460	0.14108	-0.0254379	-0.0444514	-0.0489959	
329	21204	0.163901	-0.0254379	-0.0446158	-0.0489959	
330	21948	0.158837	-0.0254379	-0.0419193	-0.0489959	
331	22692	0.157456	-0.0254379	-0.0407355	-0.0489959	
332	23436	0.154628	-0.0254379	-0.0408999	-0.0489959	
333	24180	0.143085	-0.0254379	-0.0437279	-0.0489959	
334	24924	0.161796	-0.0254379	-0.0390913	-0.0489959	
335	25668	0.176232	-0.0254379	-0.0403409	-0.0489959	
336	26412	0.168899	-0.0254379	-0.0393873	-0.0489959	
337	27156	0.172056	-0.0254379	-0.0449775	-0.0489959	
338	27900	0.15739	-0.0254379	-0.0393544	-0.0489959	
339	28644	0.147591	-0.0254379	-0.0478055	-0.0489959	
340	29388	0.159725	-0.0254379	-0.0430703	-0.0489959	
341	30132	0.16469	-0.0254379	-0.0398476	-0.0489959	
342	30876	0.15443	-0.0254379	-0.0403738	-0.0489959	
343	31620	0.147525	-0.0254379	-0.0434649	-0.0489959	
344	32364	0.141902	-0.0254379	-0.0438595	-0.0489959	
345	33108	0.174588	-0.0254379	-0.0381706	-0.0489959	
346	33852	0.174424	-0.0254379	-0.0433991	-0.0489959	
347	34596	0.16617	-0.0254379	-0.0400778	-0.0489959	
348	35340	0.166367	-0.0254379	-0.0447145	-0.0489959	
349	36084	0.169261	-0.0254379	-0.0406369	-0.0489959	
350	36828	0.174522	-0.0254379	-0.0435635	-0.0489959	
351	37572	0.157028	-0.0254379	-0.0452406	-0.0489959	
352	38316	0.168669	-0.0254379	-0.0416563	-0.0489959	
353	39060	0.153181	-0.0254379	-0.0423468	-0.0489959	
354	39804	0.155384	-0.0254379	-0.043136	-0.0489959	
355	40548	0.168932	-0.0254379	-0.0458325	-0.0489959	
356	41292	0.138646	-0.0254379	-0.0428072	-0.0489959	
357	42036	0.150747	-0.0254379	-0.043136	-0.0489959	
358	42780	0.156469	-0.0254379	-0.0380061	-0.0489959	
359	43524	0.169228	-0.0254379	-0.0396175	-0.0489959	
360	44268	0.149103	-0.0254379	-0.0458983	-0.0489959	
361	45012	0.168834	-0.0254379	-0.0450104	-0.0489959	
362	45756	0.152227	-0.0254379	-0.0465231	-0.0489959	
363	46500	0.141014	-0.0254379	-0.0455037	-0.0489959	
364	47244	0.144138	-0.0254379	-0.0480686	-0.0489959	
365	47988	0.162257	-0.0254379	-0.0456352	-0.0489959	
366	48732	0.145387	-0.0254379	-0.0422153	-0.0489959	
367	49476	0.15009	-0.0254379	-0.0412616	-0.0489959	
368	50220	0.156765	-0.0254379	-0.0451091	-0.0489959	
369	50964	0.155252	-0.0254379	-0.0429716	-0.0489959	
370	51708	0.13345	-0.0254379	-0.0438924	-0.0489959	
371	52452	0.149366	-0.0254379	-0.0399792	-0.0489959	
372	53196	0.15351	-0.0254379	-0.0444185	-0.0489959	
373	53940	0.159922	-0.0254379	-0.0415576	-0.0489959	
374	54684	0.145552	-0.0254379	-0.0412945	-0.0489959	
375	55428	0.139041	-0.0254379	-0.0431031	-0.0489959	
376	56172	0.166269	-0.0254379	-0.0433004	-0.0489959	
377	56916	0.175345	-0.0254379	-0.0441554	-0.0489959	
378	57660	0.161796	-0.0254379	-0.0389269	-0.0489959	
379	58404	0.156173	-0.0254379	-0.0409328	-0.0489959	
380	59148	0.155088	-0.0254379	-0.0418864	-0.0489959	
381	59892	0.183105	-0.0254379	-0.0405711	-0.0489959	
382	60636	0.162158	-0.0254379	-0.0428072	-0.0489959	
383	61380	0.151865	-0.0254379	-0.047378	-0.0489959	
384	62124	0.164328	-0.0254379	-0.0400449	-0.0489959	
385	62868	0.150879	-0.0254379	-0.0432676	-0.0489959	
386	63612	0.139698	-0.0254379	-0.0389927	-0.0489959	
387	64356	0.155154	-0.0254379	-0.0397161	-0.0489959	
388	65100	0.167025	-0.0254379	-0.0354083	-0.0489959	
389	65844	0.14884	-0.0254379	-0.0433991	-0.0489959	
390	66588	0.148478	-0.0254379	-0.0452077	-0.0489959	
391	67332	0.172582	-0.0254379	-0.0390584	-0.0489959	
392	68076	0.16617	-0.0254379	-0.0436293	-0.0489959	
393	68820	0.16298	-0.0254379	-0.0435635	-0.0489959	
394	69564	0.151372	-0.0254379	-0.0437279	-0.0489959	
395	70308	0.165874	-0.0254379	-0.0479042	-0.0489959	
396	71052	0.170576	-0.0254379	-0.043991	-0.0489959	
397	71796	0.1713	-0.0254379	-0.0441554	-0.0489959	
398	72540	0.184157	-0.0254379	-0.0390913	-0.0489959	
399	73284	0.163013	-0.0254379	-0.0429716	-0.0489959	
400	74028	0.165742	-0.0254379	-0.0452406	-0.0489959	
401	74772	0.159758	-0.0254379	-0.0416891	-0.0489959	
402	75516	0.152786	-0.0254379	-0.0356385	-0.0489959	
403	76260	0.175509	-0.0254379	-0.0435964	-0.0489959	
404	77004	0.175673	-0.0254379	-0.0397161	-0.0489959	
405	77748	0.157949	-0.0254379	-0.0442541	-0.0489959	
406	78492	0.16686	-0.0254379	-0.0384007	-0.0489959	
407	79236	0.177515	-0.0254379	-0.0463258	-0.0489959	
408	79980	0.156962	-0.0254379	-0.0435964	-0.0489959	
409	80724	0.162816	-0.0254379	-0.0454708	-0.0489959	
410	81468	0.166926	-0.0254379	-0.0399463	-0.0489959	
411	82212	0.149235	-0.0254379	-0.0444185	-0.0489959	
412	82956	0.161369	-0.0254379	-0.0385981	-0.0489959	
413	83700	0.158475	-0.0254379	-0.0437937	-0.0489959	
414	84444	0.169952	-0.0254379	-0.0397161	-0.0489959	
415	85188	0.148972	-0.0254379	-0.0384994	-0.0489959	
416	85932	0.160711	-0.0254379	-0.0436293	-0.0489959	
417	86676	0.152359	-0.0254379	-0.0455366	-0.0489959	
418	87420	0.16275	-0.0254379	-0.0397161	-0.0489959	
419	88164	0.16811	-0.0254379	-0.0456681	-0.0489959	
420	88908	0.187018	-0.0254379	-0.0424126	-0.0489959	
421	89652	0.168209	-0.0254379	-0.0347835	-0.0489959	
422	90396	0.163473	-0.0254379	-0.0430045	-0.0489959	
423	91140	0.148215	-0.0254379	-0.0408999	-0.0489959	
424	91884	0.169228	-0.0254379	-0.0400121	-0.0489959	
425	92628	0.163112	-0.0254379	-0.0368552	-0.0489959	
426	93372	0.17028	-0.0254379	-0.0407684	-0.0489959	
427	94116	0.162882	-0.0254379	-0.0436951	-0.0489959	
428	94860	0.175904	-0.0254379	-0.0412288	-0.0489959	
429	95604	0.17814	-0.0254379	-0.0443856	-0.0489959	
430	96348	0.171925	-0.0254379	-0.043136	-0.0489959	
431	97092	0.178238	-0.0254379	-0.0380061	-0.0489959	
432	97836	0.177449	-0.0254379	-0.0370525	-0.0489959	
433	98580	0.176298	-0.0254379	-0.0436951	-0.0489959	
434	99324	0.167058	-0.0254379	-0.0416891	-0.0489959	
435	100068	0.168538	-0.0254379	-0.0429716	-0.0489959	
436	100812	0.171366	-0.0254379	-0.0370525	-0.0489959	
437	101556	0.167452	-0.0254379	-0.0388611	-0.0489959	
438	102300	0.176232	-0.0254379	-0.0390913	-0.0489959	
439	103044	0.158311	-0.0254379	-0.0361318	-0.0489959	
440	103788	0.160415	-0.0254379	-0.0432676	-0.0489959	
441	104532	0.164822	-0.0254379	-0.0424455	-0.0489959	
442	105276	0.156634	-0.0254379	-0.0415905	-0.0489959	
443	106020	0.148018	-0.0254379	-0.0471479	-0.0489959	
444	106764	0.162125	-0.0254379	-0.0390913	-0.0489959	
445	107508	0.159067	-0.0254379	-0.0407684	-0.0489959	
446	108252	0.176364	-0.0254379	-0.0451748	-0.0489959	
447	108996	0.138942	-0.0254379	-0.0437608	-0.0489959	
448	109740	0.159166	-0.0254379	-0.0441554	-0.0489959	
449	110484	0.161402	-0.0254379	-0.0409328	-0.0489959	
450	111228	0.17107	-0.0254379	-0.0450433	-0.0489959	
451	111414	0.166597	-0.0254379	-0.0380719	-0.0489959	
452	110670	0.166367	-0.0254379	-0.0409657	-0.0489959	
453	109926	0.168965	-0.0254379	-0.0449775	-0.0489959	
454	109182	0.169491	-0.0254379	-0.040867	-0.0489959	
455	108438	0.152194	-0.0254379	-0.0452735	-0.0489959	
456	107694	0.159527	-0.0254379	-0.0407355	-0.0489959	
457	106950	0.181823	-0.0254379	-0.0454708	-0.0489959	
458	106206	0.178534	-0.0254379	-0.0387625	-0.0489959	
459	105462	0.170083	-0.0254379	-0.0453392	-0.0489959	
460	104718	0.177153	-0.0254379	-0.0420837	-0.0489959	
461	103974	0.168932	-0.0254379	-0.0372827	-0.0489959	
462	103230	0.188761	-0.0254379	-0.0392557	-0.0489959	
463	102486	0.158705	-0.0254379	-0.0451419	-0.0489959	
464	101742	0.160086	-0.0254379	-0.0416891	-0.0489959	
465	100998	0.180705	-0.0254379	-0.0420837	-0.0489959	
466	100254	0.175772	-0.0254379	-0.0398476	-0.0489959	
467	99510	0.168439	-0.0254379	-0.0382363	-0.0489959	
468	98766	0.166104	-0.0254379	-0.0414261	-0.0489959	
469	98022	0.154332	-0.0254379	-0.0348822	-0.0489959	
470	97278	0.175838	-0.0254379	-0.0347178	-0.0489959	
471	96534	0.165841	-0.0254379	-0.0450762	-0.0489959	
472	95790	0.172056	-0.0254379	-0.0400121	-0.0489959	
473	95046	0.166466	-0.0254379	-0.0431689	-0.0489959	
474	94302	0.168834	-0.0254379	-0.0435964	-0.0489959	
475	93558	0.17005	-0.0254379	-0.0415247	-0.0489959	
476	92814	0.167288	-0.0254379	-0.0434649	-0.0489959	
477	92070	0.156798	-0.0254379	-0.0373156	-0.0489959	
478	91326	0.166696	-0.0254379	-0.0387954	-0.0489959	
479	90582	0.171497	-0.0254379	-0.0432676	-0.0489959	
480	89838	0.157423	-0.0254379	-0.0379733	-0.0489959	
481	89094	0.13493	-0.0254379	-0.0444185	-0.0489959	
482	88350	0.168735	-0.0254379	-0.0429058	-0.0489959	
483	87606	0.169129	-0.0254379	-0.0354741	-0.0489959	
484	86862	0.166269	-0.0254379	-0.0437279	-0.0489959	
485	86118	0.168735	-0.0254379	-0.0408013	-0.0489959	
486	85374	0.157521	-0.0254379	-0.0425112	-0.0489959	
487	84630	0.173437	-0.0254379	-0.0415247	-0.0489959	
488	83886	0.180146	-0.0254379	-0.0451091	-0.0489959	
489	83142	0.148478	-0.0254379	-0.0389269	-0.0489959	
490	82398	0.171892	-0.0254379	-0.0404067	-0.0489959	
491	81654	0.162717	-0.0254379	-0.043136	-0.0489959	
492	80910	0.166565	-0.0254379	-0.0370854	-0.0489959	
493	80166	0.157291	-0.0254379	-0.0451419	-0.0489959	
494	79422	0.175838	-0.0254379	-0.0421166	-0.0489959	
495	78678	0.149366	-0.0254379	-0.043991	-0.0489959	
496	77934	0.160218	-0.0254379	-0.0410315	-0.0489959	
497	77190	0.16686	-0.0254379	-0.0418536	-0.0489959	
498	76446	0.176561	-0.0254379	-0.0392557	-0.0489959	
499	75702	0.15568	-0.0254379	-0.0433991	-0.0489959	
500	74958	0.166795	-0.0254379	-0.0414918	-0.0489959	
501	74214	0.165775	-0.0254379	-0.039749	-0.0489959	
502	73470	0.161237	-0.0254379	-0.0480028	-0.0489959	
503	72726	0.166038	-0.0254379	-0.0438266	-0.0489959	
504	71982	0.174292	-0.0254379	-0.0453721	-0.0489959	
505	71238	0.174654	-0.0254379	-0.0407026	-0.0489959	
506	70494	0.157653	-0.0254379	-0.0429387	-0.0489959	
507	69750	0.161796	-0.0254379	-0.0386638	-0.0489959	
508	69006	0.180639	-0.0254379	-0.0424455	-0.0489959	
509	68262	0.173207	-0.0254379	-0.0466546	-0.0489959	
510	67518	0.166104	-0.0254379	-0.0390255	-0.0489959	
511	66774	0.167156	-0.0254379	-0.0419193	-0.0489959	
512	66030	0.164394	-0.0254379	-0.0404724	-0.0489959	
513	65286	0.177318	-0.0254379	-0.0394201	-0.0489959	
514	64542	0.166203	-0.0254379	-0.0419851	-0.0489959	
515	63798	0.177022	-0.0254379	-0.0386967	-0.0489959	
516	63054	0.160876	-0.0254379	-0.0394201	-0.0489959	
517	62310	0.174226	-0.0254379	-0.0396175	-0.0489959	
518	61566	0.173108	-0.0254379	-0.0365264	-0.0489959	
519	60822	0.178863	-0.0254379	-0.0434978	-0.0489959	
520	60078	0.18156	-0.0254379	-0.0467533	-0.0489959	
521	59334	0.170149	-0.0254379	-0.0440568	-0.0489959	
522	58590	0.17153	-0.0254379	-0.0444514	-0.0489959	
523	57846	0.165315	-0.0254379	-0.0367566	-0.0489959	
524	57102	0.160777	-0.0254379	-0.037184	-0.0489959	
525	56358	0.156831	-0.0254379	-0.0422482	-0.0489959	
526	55614	0.155318	-0.0254379	-0.0451419	-0.0489959	
527	54870	0.166729	-0.0254379	-0.0363291	-0.0489959	
528	54126	0.163638	-0.0254379	-0.0421166	-0.0489959	
529	53382	0.159922	-0.0254379	-0.0405053	-0.0489959	
530	52638	0.159626	-0.0254379	-0.0417549	-0.0489959	
531	51894	0.160317	-0.0254379	-0.0427414	-0.0489959	
532	51150	0.17028	-0.0254379	-0.0416563	-0.0489959	
533	50406	0.156469	-0.0254379	-0.0407684	-0.0489959	
534	49662	0.15249	-0.0254379	-0.0413274	-0.0489959	
535	48918	0.156173	-0.0254379	-0.0398805	-0.0489959	
536	48174	0.152622	-0.0254379	-0.0416891	-0.0489959	
537	47430	0.17495	-0.0254379	-0.0420837	-0.0489959	
538	46686	0.175608	-0.0254379	-0.0384336	-0.0489959	
539	45942	0.190011	-0.0254379	-0.0411959	-0.0489959	
540	45198	0.173372	-0.0254379	-0.044287	-0.0489959	
541	44454	0.169064	-0.0254379	-0.0405382	-0.0489959	
542	43710	0.17107	-0.0254379	-0.0404724	-0.0489959	
543	42966	0.189024	-0.0254379	-0.0386309	-0.0489959	
544	42222	0.169623	-0.0254379	-0.0386967	-0.0489959	
545	41478	0.184881	-0.0254379	-0.035211	-0.0489959	
546	40734	0.182974	-0.0254379	-0.0422153	-0.0489959	
547	39990	0.182086	-0.0254379	-0.0407684	-0.0489959	
548	39246	0.190077	-0.0254379	-0.0404395	-0.0489959	
549	38502	0.172747	-0.0254379	-0.0353097	-0.0489959	
550	37758	0.171793	-0.0254379	-0.0360002	-0.0489959	
551	37014	0.173898	-0.0254379	-0.038335	-0.0489959	
552	36270	0.189419	-0.0254379	-0.0440897	-0.0489959	
553	35526	0.181362	-0.0254379	-0.0452077	-0.0489959	
554	34782	0.171793	-0.0254379	-0.0373485	-0.0489959	
555	34038	0.187709	-0.0254379	-0.043136	-0.0489959	
556	33294	0.187183	-0.0254379	-0.0382363	-0.0489959	
557	32550	0.156436	-0.0254379	-0.047378	-0.0489959	
558	31806	0.17107	-0.0254379	-0.0413274	-0.0489959	
559	31062	0.16765	-0.0254379	-0.0435635	-0.0489959	
560	30318	0.177679	-0.0254379	-0.0412616	-0.0489959	
561	29574	0.166466	-0.0254379	-0.0470492	-0.0489959	
562	28830	0.176594	-0.0254379	-0.0437279	-0.0489959	
563	28086	0.166893	-0.0254379	-0.0420837	-0.0489959	
564	27342	0.173141	-0.0254379	-0.0423139	-0.0489959	
565	26598	0.160514	-0.0254379	-0.0396832	-0.0489959	
566	25854	0.171464	-0.0254379	-0.0379733	-0.0489959	
567	25110	0.175049	-0.0254379	-0.0393873	-0.0489959	
568	24366	0.174062	-0.0254379	-0.0398476	-0.0489959	
569	23622	0.178732	-0.0254379	-0.0391242	-0.0489959	
570	22878	0.163967	-0.0254379	-0.0439252	-0.0489959	
571	22134	0.162586	-0.0254379	-0.0430703	-0.0489959	
572	21390	0.166893	-0.0254379	-0.0404395	-0.0489959	
573	20646	0.174128	-0.0254379	-0.0408999	-0.0489959	
574	19902	0.178699	-0.0254379	-0.0347178	-0.0489959	
575	19158	0.170511	-0.0254379	-0.0451419	-0.0489959	
576	18414	0.180113	-0.0254379	-0.0435635	-0.0489959	
577	17670	0.194647	-0.0254379	-0.0346849	-0.0489959	
578	16926	0.179159	-0.0254379	-0.0323172	-0.0489959	
579	16182	0.175345	-0.0254379	-0.0393215	-0.0489959	
580	15438	0.169524	-0.0254379	-0.0349808	-0.0489959	
581	14694	0.182447	-0.0254379	-0.0406369	-0.0489959	
582	13950	0.173273	-0.0254379	-0.0378746	-0.0489959	
583	13206	0.178107	-0.0254379	-0.0424783	-0.0489959	
584	12462	0.166696	-0.0254379	-0.0424455	-0.0489959	
585	11718	0.170346	-0.0254379	-0.0456352	-0.0489959	
586	10974	0.166433	-0.0254379	-0.0399463	-0.0489959	
587	10230	0.157554	-0.0254379	-0.038335	-0.0489959	
588	9486	0.147163	-0.0254379	-0.0407026	-0.0489959	
589	8742	0.150616	-0.0254379	-0.0422153	-0.0489959	
590	7998	0.155351	-0.0254379	-0.0418864	-0.0489959	
591	7254	0.157193	-0.0254379	-0.0430703	-0.0489959	
592	6510	0.145091	-0.0254379	-0.0420509	-0.0489959	
593	5766	0.169097	-0.0254379	-0.0483646	-0.0489959	
594	5022	0.16663	-0.0254379	-0.0423797	-0.0489959	
595	4278	0.143118	-0.0254379	-0.0422482	-0.0489959	
596	3534	0.149958	-0.0254379	-0.042281	-0.0489959	
597	2790	0.170675	-0.0254379	-0.0439252	-0.0489959	
598	2046	0.162323	-0.0254379	-0.0433991	-0.0489959	
599	1302	0.168998	-0.0254379	-0.0378417	-0.0489959	
600	558	0.172451	-0.0260101	-0.0449775	-0.048575	
