# Filename	5_delay.txt
# Date	2016-09-28
# Title	DL-Pro & DL-100 Locked delay scan.
# DL-Pro	365824.8 GHz
# DL-100	365808.9 GHz
# Static	-2000 mV Pulsed
# MWOn	On
# MWf	15931.6 MHz
# Attn	44 dB
# FixedAttn	6 dB
# B2	B2 = T2 + 2.050 us
# HP214B	HP 214B FIP at 5.5 on 100V setting ; Applied to Top ; Mesh & Vin of MCP @ +25V ; Vout of MCP @ +2025 V
# Oven	32 A
# Boxcar	Gate = 200 ns ; Amp = 25x ; Sensitivity = 5 mV
# Offset	+/- 30 mV IR/Oven offset.
# Bias	Top: 0 V ; Bot: -0.440 V ; IR: +0.050 V ; Oven: -0.050 V ; Vis: -0.010 V ; MW: +0.010 V
# Passes	4
i	step	norm	nbackground	signal	sbackground
0	0	0.274457	-0.0261811	0.0226646	-0.0510676
1	744	0.283335	-0.0261811	0.0232565	-0.0510676
2	1488	0.304579	-0.0261811	0.0240786	-0.0510676
3	2232	0.301323	-0.0261811	0.0218425	-0.0510676
4	2976	0.289912	-0.0261811	0.0184226	-0.0510676
5	3720	0.286854	-0.0261811	0.0155617	-0.0510676
6	4464	0.309215	-0.0261811	0.0264134	-0.0510676
7	5208	0.293464	-0.0261811	0.03105	-0.0510676
8	5952	0.281954	-0.0261811	0.0199681	-0.0510676
9	6696	0.279488	-0.0261811	0.0197708	-0.0510676
10	7440	0.277022	-0.0261811	0.0130296	-0.0510676
11	8184	0.279981	-0.0261811	0.0190474	-0.0510676
12	8928	0.293069	-0.0261811	0.0157919	-0.0510676
13	9672	0.285473	-0.0261811	0.0161207	-0.0510676
14	10416	0.299021	-0.0261811	0.0219412	-0.0510676
15	11160	0.268899	-0.0261811	0.0130954	-0.0510676
16	11904	0.280507	-0.0261811	0.00829436	-0.0510676
17	12648	0.278074	-0.0261811	0.02056	-0.0510676
18	13392	0.28567	-0.0261811	0.0147067	-0.0510676
19	14136	0.272188	-0.0261811	0.0222371	-0.0510676
20	14880	0.310037	-0.0261811	0.0246048	-0.0510676
21	15624	0.318061	-0.0261811	0.0306554	-0.0510676
22	16368	0.283237	-0.0261811	0.0196722	-0.0510676
23	17112	0.267847	-0.0261811	0.011221	-0.0510676
24	17856	0.268373	-0.0261811	0.0211191	-0.0510676
25	18600	0.261796	-0.0261811	0.0185541	-0.0510676
26	19344	0.272056	-0.0261811	0.0130625	-0.0510676
27	20088	0.28544	-0.0261811	0.0248678	-0.0510676
28	20832	0.286032	-0.0261811	0.022566	-0.0510676
29	21576	0.270445	-0.0261811	0.00849166	-0.0510676
30	22320	0.262224	-0.0261811	0.0141477	-0.0510676
31	23064	0.263178	-0.0261811	0.0145094	-0.0510676
32	23808	0.249794	-0.0261811	0.0188172	-0.0510676
33	24552	0.270412	-0.0261811	0.0155617	-0.0510676
34	25296	0.251043	-0.0261811	0.0207245	-0.0510676
35	26040	0.299909	-0.0261811	0.0160221	-0.0510676
36	26784	0.284519	-0.0261811	0.0143121	-0.0510676
37	27528	0.274753	-0.0261811	0.0120431	-0.0510676
38	28272	0.296259	-0.0261811	0.0210533	-0.0510676
39	29016	0.278206	-0.0261811	0.0137202	-0.0510676
40	29760	0.244763	-0.0261811	0.0144765	-0.0510676
41	30504	0.274227	-0.0261811	0.0242759	-0.0510676
42	31248	0.266532	-0.0261811	0.0219083	-0.0510676
43	31992	0.299054	-0.0261811	0.025394	-0.0510676
44	32736	0.265216	-0.0261811	0.0266436	-0.0510676
45	33480	0.273865	-0.0261811	0.0247034	-0.0510676
46	34224	0.291984	-0.0261811	0.0232236	-0.0510676
47	34968	0.278107	-0.0261811	0.0209875	-0.0510676
48	35712	0.280803	-0.0261811	0.0206587	-0.0510676
49	36456	0.274851	-0.0261811	0.0277616	-0.0510676
50	37200	0.286492	-0.0261811	0.0225002	-0.0510676
51	37944	0.283237	-0.0261811	0.0266107	-0.0510676
52	38688	0.283368	-0.0261811	0.025953	-0.0510676
53	39432	0.278206	-0.0261811	0.0262161	-0.0510676
54	40176	0.265315	-0.0261811	0.0228619	-0.0510676
55	40920	0.27495	-0.0261811	0.0216781	-0.0510676
56	41664	0.253378	-0.0261811	0.0098399	-0.0510676
57	42408	0.269031	-0.0261811	0.0175347	-0.0510676
58	43152	0.276496	-0.0261811	0.0225988	-0.0510676
59	43896	0.264131	-0.0261811	0.0226317	-0.0510676
60	44640	0.282908	-0.0261811	0.0247692	-0.0510676
61	45384	0.294516	-0.0261811	0.0151671	-0.0510676
62	46128	0.285177	-0.0261811	0.0263147	-0.0510676
63	46872	0.307801	-0.0261811	0.0245719	-0.0510676
64	47616	0.269426	-0.0261811	0.0162194	-0.0510676
65	48360	0.296358	-0.0261811	0.0245719	-0.0510676
66	49104	0.297969	-0.0261811	0.0230592	-0.0510676
67	49848	0.290044	-0.0261811	0.0254597	-0.0510676
68	50592	0.288794	-0.0261811	0.0211191	-0.0510676
69	51336	0.288531	-0.0261811	0.0247692	-0.0510676
70	52080	0.294582	-0.0261811	0.02056	-0.0510676
71	52824	0.301882	-0.0261811	0.0196722	-0.0510676
72	53568	0.291754	-0.0261811	0.0169757	-0.0510676
73	54312	0.287314	-0.0261811	0.0270711	-0.0510676
74	55056	0.288663	-0.0261811	0.0300306	-0.0510676
75	55800	0.307275	-0.0261811	0.0279918	-0.0510676
76	56544	0.276759	-0.0261811	0.024539	-0.0510676
77	57288	0.29616	-0.0261811	0.0218425	-0.0510676
78	58032	0.289024	-0.0261811	0.0263805	-0.0510676
79	58776	0.291458	-0.0261811	0.0297346	-0.0510676
80	59520	0.298692	-0.0261811	0.0258215	-0.0510676
81	60264	0.302211	-0.0261811	0.0255584	-0.0510676
82	61008	0.302704	-0.0261811	0.0270382	-0.0510676
83	61752	0.276233	-0.0261811	0.0192447	-0.0510676
84	62496	0.264723	-0.0261811	0.0337465	-0.0510676
85	63240	0.253345	-0.0261811	0.0210204	-0.0510676
86	63984	0.270116	-0.0261811	0.0160221	-0.0510676
87	64728	0.27883	-0.0261811	0.0272355	-0.0510676
88	65472	0.264065	-0.0261811	0.0209875	-0.0510676
89	66216	0.271267	-0.0261811	0.0219741	-0.0510676
90	66960	0.29182	-0.0261811	0.0175018	-0.0510676
91	67704	0.290767	-0.0261811	0.0330888	-0.0510676
92	68448	0.224736	-0.0261811	0.0183897	-0.0510676
93	69192	0.263539	-0.0261811	0.0219083	-0.0510676
94	69936	0.240192	-0.0261811	0.0165811	-0.0510676
95	70680	0.266236	-0.0261811	0.0187843	-0.0510676
96	71424	0.276693	-0.0261811	0.0223687	-0.0510676
97	72168	0.239896	-0.0261811	0.0179293	-0.0510676
98	72912	0.249991	-0.0261811	0.0166469	-0.0510676
99	73656	0.265249	-0.0261811	0.0173045	-0.0510676
100	74400	0.270741	-0.0261811	0.0207573	-0.0510676
101	75144	0.256535	-0.0261811	0.0192118	-0.0510676
102	75888	0.275871	-0.0261811	0.0195735	-0.0510676
103	76632	0.280672	-0.0261811	0.0227961	-0.0510676
104	77376	0.284486	-0.0261811	0.0249665	-0.0510676
105	78120	0.275673	-0.0261811	0.0234867	-0.0510676
106	78864	0.276496	-0.0261811	0.0217439	-0.0510676
107	79608	0.279784	-0.0261811	0.0209218	-0.0510676
108	80352	0.248281	-0.0261811	0.0225988	-0.0510676
109	81096	0.263441	-0.0261811	0.00750514	-0.0510676
110	81840	0.280902	-0.0261811	0.0162194	-0.0510676
111	82584	0.27814	-0.0261811	0.0162851	-0.0510676
112	83328	0.270938	-0.0261811	0.0176005	-0.0510676
113	84072	0.260119	-0.0261811	0.0189487	-0.0510676
114	84816	0.277778	-0.0261811	0.0147725	-0.0510676
115	85560	0.26081	-0.0261811	0.020001	-0.0510676
116	86304	0.250978	-0.0261811	0.0153644	-0.0510676
117	87048	0.254266	-0.0261811	0.00681458	-0.0510676
118	87792	0.233582	-0.0261811	0.0224015	-0.0510676
119	88536	0.265184	-0.0261811	0.0159234	-0.0510676
120	89280	0.255088	-0.0261811	0.0253611	-0.0510676
121	90024	0.265677	-0.0261811	0.0144436	-0.0510676
122	90768	0.248446	-0.0261811	0.0141148	-0.0510676
123	91512	0.227663	-0.0261811	0.0123391	-0.0510676
124	92256	0.249827	-0.0261811	0.0158248	-0.0510676
125	93000	0.236048	-0.0261811	0.00826147	-0.0510676
126	93744	0.241244	-0.0261811	0.0106949	-0.0510676
127	94488	0.260415	-0.0261811	0.01178	-0.0510676
128	95232	0.269952	-0.0261811	0.0205929	-0.0510676
129	95976	0.260119	-0.0261811	0.0189816	-0.0510676
130	96720	0.272484	-0.0261811	0.0176334	-0.0510676
131	97464	0.24667	-0.0261811	0.0209875	-0.0510676
132	98208	0.255516	-0.0261811	0.012931	-0.0510676
133	98952	0.258344	-0.0261811	0.014049	-0.0510676
134	99696	0.235917	-0.0261811	0.0218425	-0.0510676
135	100440	0.239698	-0.0261811	0.0103989	-0.0510676
136	101184	0.253345	-0.0261811	0.0145752	-0.0510676
137	101928	0.247426	-0.0261811	0.0107935	-0.0510676
138	102672	0.25591	-0.0261811	0.0180938	-0.0510676
139	103416	0.205532	-0.0261811	0.0135229	-0.0510676
140	104160	0.18613	-0.0261811	0.0152	-0.0510676
141	104904	0.226512	-0.0261811	0.00688035	-0.0510676
142	105648	0.217041	-0.0261811	0.016318	-0.0510676
143	106392	0.219212	-0.0261811	0.0121089	-0.0510676
144	107136	0.233352	-0.0261811	0.0108264	-0.0510676
145	107880	0.255121	-0.0261811	0.00628844	-0.0510676
146	108624	0.234075	-0.0261811	0.000862601	-0.0510676
147	109368	0.202704	-0.0261811	0.0067817	-0.0510676
148	110112	0.228781	-0.0261811	0.00786687	-0.0510676
149	110856	0.230458	-0.0261811	0.0150027	-0.0510676
150	111600	0.240816	-0.0261811	0.00632133	-0.0510676
151	111042	0.229702	-0.0261811	0.014049	-0.0510676
152	110298	0.247722	-0.0261811	0.0114512	-0.0510676
153	109554	0.246703	-0.0261811	0.0162851	-0.0510676
154	108810	0.217732	-0.0261811	0.0130625	-0.0510676
155	108066	0.239534	-0.0261811	-2.52634E-5	-0.0510676
156	107322	0.230294	-0.0261811	0.00431541	-0.0510676
157	106578	0.214674	-0.0261811	0.0207573	-0.0510676
158	105834	0.228255	-0.0261811	0.022566	-0.0510676
159	105090	0.238054	-0.0261811	0.0131283	-0.0510676
160	104346	0.252753	-0.0261811	0.0187843	-0.0510676
161	103602	0.237693	-0.0261811	0.0136873	-0.0510676
162	102858	0.229241	-0.0261811	0.00951106	-0.0510676
163	102114	0.228025	-0.0261811	0.0117472	-0.0510676
164	101370	0.22227	-0.0261811	0.0131612	-0.0510676
165	100626	0.242625	-0.0261811	0.0142463	-0.0510676
166	99882	0.251142	-0.0261811	0.00895204	-0.0510676
167	99138	0.232497	-0.0261811	0.0159563	-0.0510676
168	98394	0.239962	-0.0261811	0.0129639	-0.0510676
169	97650	0.246999	-0.0261811	0.00812994	-0.0510676
170	96906	0.236969	-0.0261811	0.00694612	-0.0510676
171	96162	0.244401	-0.0261811	0.00921511	-0.0510676
172	95418	0.238317	-0.0261811	0.0155288	-0.0510676
173	94674	0.234371	-0.0261811	0.0131283	-0.0510676
174	93930	0.250517	-0.0261811	0.0159563	-0.0510676
175	93186	0.246473	-0.0261811	0.00300005	-0.0510676
176	92442	0.262355	-0.0261811	0.00832724	-0.0510676
177	91698	0.256009	-0.0261811	0.00618979	-0.0510676
178	90954	0.251701	-0.0261811	0.012372	-0.0510676
179	90210	0.210234	-0.0261811	0.0148054	-0.0510676
180	89466	0.260284	-0.0261811	0.0117472	-0.0510676
181	88722	0.242822	-0.0261811	0.0146409	-0.0510676
182	87978	0.288794	-0.0261811	0.0218096	-0.0510676
183	87234	0.259955	-0.0261811	0.0180609	-0.0510676
184	86490	0.227268	-0.0261811	0.00803129	-0.0510676
185	85746	0.250649	-0.0261811	0.00198065	-0.0510676
186	85002	0.256995	-0.0261811	0.0135229	-0.0510676
187	84258	0.24131	-0.0261811	0.019442	-0.0510676
188	83514	0.234536	-0.0261811	0.0185212	-0.0510676
189	82770	0.258377	-0.0261811	0.00645286	-0.0510676
190	82026	0.258574	-0.0261811	0.0164496	-0.0510676
191	81282	0.280277	-0.0261811	0.0218096	-0.0510676
192	80538	0.268603	-0.0261811	0.0142135	-0.0510676
193	79794	0.263802	-0.0261811	0.0183568	-0.0510676
194	79050	0.268571	-0.0261811	0.0165482	-0.0510676
195	78306	0.269393	-0.0261811	0.0235196	-0.0510676
196	77562	0.284749	-0.0261811	0.0210862	-0.0510676
197	76818	0.266729	-0.0261811	0.0203299	-0.0510676
198	76074	0.267387	-0.0261811	0.0366731	-0.0510676
199	75330	0.269886	-0.0261811	0.02227	-0.0510676
200	74586	0.286821	-0.0261811	0.0195406	-0.0510676
201	73842	0.279718	-0.0261811	0.028222	-0.0510676
202	73098	0.282316	-0.0261811	0.0205929	-0.0510676
203	72354	0.289551	-0.0261811	0.024243	-0.0510676
204	71610	0.28669	-0.0261811	0.020856	-0.0510676
205	70866	0.281428	-0.0261811	0.0251967	-0.0510676
206	70122	0.299942	-0.0261811	0.021711	-0.0510676
207	69378	0.293464	-0.0261811	0.0231908	-0.0510676
208	68634	0.273865	-0.0261811	0.022829	-0.0510676
209	67890	0.266269	-0.0261811	0.0200997	-0.0510676
210	67146	0.272089	-0.0261811	0.0249994	-0.0510676
211	66402	0.282645	-0.0261811	0.02934	-0.0510676
212	65658	0.28327	-0.0261811	0.0239471	-0.0510676
213	64914	0.293793	-0.0261811	0.0102016	-0.0510676
214	64170	0.275246	-0.0261811	0.0241115	-0.0510676
215	63426	0.261731	-0.0261811	0.0135229	-0.0510676
216	62682	0.267321	-0.0261811	0.0135229	-0.0510676
217	61938	0.272023	-0.0261811	0.0203627	-0.0510676
218	61194	0.264592	-0.0261811	0.0177649	-0.0510676
219	60450	0.2737	-0.0261811	0.0123391	-0.0510676
220	59706	0.272944	-0.0261811	0.0235854	-0.0510676
221	58962	0.275082	-0.0261811	0.0229606	-0.0510676
222	58218	0.269524	-0.0261811	0.0197708	-0.0510676
223	57474	0.270281	-0.0261811	0.0162194	-0.0510676
224	56730	0.247163	-0.0261811	0.0140162	-0.0510676
225	55986	0.274194	-0.0261811	0.0182582	-0.0510676
226	55242	0.282612	-0.0261811	0.00974125	-0.0510676
227	54498	0.278008	-0.0261811	0.0254269	-0.0510676
228	53754	0.288202	-0.0261811	0.0187843	-0.0510676
229	53010	0.285309	-0.0261811	0.0164824	-0.0510676
230	52266	0.297311	-0.0261811	0.0198037	-0.0510676
231	51522	0.264361	-0.0261811	0.0184884	-0.0510676
232	50778	0.270609	-0.0261811	0.0208231	-0.0510676
233	50034	0.26252	-0.0261811	0.0187185	-0.0510676
234	49290	0.295272	-0.0261811	0.0127008	-0.0510676
235	48546	0.279916	-0.0261811	0.0234209	-0.0510676
236	47802	0.263375	-0.0261811	0.0227961	-0.0510676
237	47058	0.285604	-0.0261811	0.0190474	-0.0510676
238	46314	0.271201	-0.0261811	0.0176663	-0.0510676
239	45570	0.267551	-0.0261811	0.0112868	-0.0510676
240	44826	0.265611	-0.0261811	0.0128323	-0.0510676
241	44082	0.229011	-0.0261811	0.00937953	-0.0510676
242	43338	0.271563	-0.0261811	0.0111881	-0.0510676
243	42594	0.280573	-0.0261811	0.0183568	-0.0510676
244	41850	0.25157	-0.0261811	0.0212835	-0.0510676
245	41106	0.258837	-0.0261811	0.0240786	-0.0510676
246	40362	0.26811	-0.0261811	0.0232236	-0.0510676
247	39618	0.250978	-0.0261811	0.0113526	-0.0510676
248	38874	0.264164	-0.0261811	0.00566365	-0.0510676
249	38130	0.267222	-0.0261811	0.0182253	-0.0510676
250	37386	0.266992	-0.0261811	0.0237498	-0.0510676
251	36642	0.247295	-0.0261811	0.012076	-0.0510676
252	35898	0.274194	-0.0261811	0.0214479	-0.0510676
253	35154	0.262915	-0.0261811	0.0251638	-0.0510676
254	34410	0.274884	-0.0261811	0.0145752	-0.0510676
255	33666	0.259363	-0.0261811	0.0230592	-0.0510676
256	32922	0.242329	-0.0261811	0.0177649	-0.0510676
257	32178	0.255318	-0.0261811	0.0215137	-0.0510676
258	31434	0.28521	-0.0261811	0.0212835	-0.0510676
259	30690	0.270774	-0.0261811	0.017469	-0.0510676
260	29946	0.268012	-0.0261811	0.0141477	-0.0510676
261	29202	0.28521	-0.0261811	0.0177978	-0.0510676
262	28458	0.273141	-0.0261811	0.0116156	-0.0510676
263	27714	0.282974	-0.0261811	0.0172717	-0.0510676
264	26970	0.24838	-0.0261811	0.0209547	-0.0510676
265	26226	0.289419	-0.0261811	0.0243417	-0.0510676
266	25482	0.281001	-0.0261811	0.0212506	-0.0510676
267	24738	0.285111	-0.0261811	0.0173703	-0.0510676
268	23994	0.294582	-0.0261811	0.0236511	-0.0510676
269	23250	0.264493	-0.0261811	0.016055	-0.0510676
270	22506	0.279028	-0.0261811	0.0226646	-0.0510676
271	21762	0.281231	-0.0261811	0.0188501	-0.0510676
272	21018	0.277647	-0.0261811	0.021711	-0.0510676
273	20274	0.283894	-0.0261811	0.00944529	-0.0510676
274	19530	0.290965	-0.0261811	0.0289783	-0.0510676
275	18786	0.263474	-0.0261811	0.0197051	-0.0510676
276	18042	0.272845	-0.0261811	0.0116156	-0.0510676
277	17298	0.275838	-0.0261811	0.010662	-0.0510676
278	16554	0.25591	-0.0261811	0.0249665	-0.0510676
279	15810	0.285013	-0.0261811	0.0144436	-0.0510676
280	15066	0.284717	-0.0261811	0.0294387	-0.0510676
281	14322	0.289879	-0.0261811	0.0195406	-0.0510676
282	13578	0.291754	-0.0261811	0.0155946	-0.0510676
283	12834	0.304743	-0.0261811	0.0207245	-0.0510676
284	12090	0.291425	-0.0261811	0.0216781	-0.0510676
285	11346	0.281165	-0.0261811	0.0233223	-0.0510676
286	10602	0.283105	-0.0261811	0.0225331	-0.0510676
287	9858	0.299909	-0.0261811	0.0176663	-0.0510676
288	9114	0.282152	-0.0261811	0.0135229	-0.0510676
289	8370	0.279061	-0.0261811	0.0191789	-0.0510676
290	7626	0.307735	-0.0261811	0.0224673	-0.0510676
291	6882	0.282448	-0.0261811	0.0313131	-0.0510676
292	6138	0.314641	-0.0261811	0.0182582	-0.0510676
293	5394	0.272648	-0.0261811	0.0180938	-0.0510676
294	4650	0.262125	-0.0261811	0.0218425	-0.0510676
295	3906	0.293924	-0.0261811	0.0209875	-0.0510676
296	3162	0.292477	-0.0261811	0.0225002	-0.0510676
297	2418	0.296555	-0.0261811	0.0160878	-0.0510676
298	1674	0.27643	-0.0261811	0.0276301	-0.0510676
299	930	0.289912	-0.0261811	0.0202641	-0.0510676
300	186	0.290504	-0.0261811	0.0234538	-0.0510676
301	372	0.275016	-0.0261811	0.0247034	-0.0510676
302	1116	0.265019	-0.0261811	0.0168113	-0.0510676
303	1860	0.270281	-0.0261811	0.0149698	-0.0510676
304	2604	0.285604	-0.0261811	0.0286824	-0.0510676
305	3348	0.281066	-0.0261811	0.0200339	-0.0510676
306	4092	0.277581	-0.0261811	0.0248349	-0.0510676
307	4836	0.289945	-0.0261811	0.0230263	-0.0510676
308	5580	0.27666	-0.0261811	0.0162194	-0.0510676
309	6324	0.294023	-0.0261811	0.0202312	-0.0510676
310	7068	0.276002	-0.0261811	0.0176334	-0.0510676
311	7812	0.307111	-0.0261811	0.0165482	-0.0510676
312	8556	0.293234	-0.0261811	0.0169428	-0.0510676
313	9300	0.308755	-0.0261811	0.0232894	-0.0510676
314	10044	0.267748	-0.0261811	0.0143779	-0.0510676
315	10788	0.269985	-0.0261811	0.0222371	-0.0510676
316	11532	0.295141	-0.0261811	0.0210533	-0.0510676
317	12276	0.285144	-0.0261811	0.0210862	-0.0510676
318	13020	0.277055	-0.0261811	0.0210204	-0.0510676
319	13764	0.301323	-0.0261811	0.0194091	-0.0510676
320	14508	0.28133	-0.0261811	0.0195406	-0.0510676
321	15252	0.294417	-0.0261811	0.0216781	-0.0510676
322	15996	0.301751	-0.0261811	0.0364101	-0.0510676
323	16740	0.295864	-0.0261811	0.0270382	-0.0510676
324	17484	0.297508	-0.0261811	0.0254269	-0.0510676
325	18228	0.30231	-0.0261811	0.024243	-0.0510676
326	18972	0.299547	-0.0261811	0.0231579	-0.0510676
327	19716	0.30083	-0.0261811	0.0246376	-0.0510676
328	20460	0.299218	-0.0261811	0.0202641	-0.0510676
329	21204	0.305006	-0.0261811	0.0256899	-0.0510676
330	21948	0.296686	-0.0261811	0.033023	-0.0510676
331	22692	0.304874	-0.0261811	0.0260845	-0.0510676
332	23436	0.292839	-0.0261811	0.0348316	-0.0510676
333	24180	0.276824	-0.0261811	0.0194091	-0.0510676
334	24924	0.284848	-0.0261811	0.0221714	-0.0510676
335	25668	0.283072	-0.0261811	0.0263147	-0.0510676
336	26412	0.281395	-0.0261811	0.0213164	-0.0510676
337	27156	0.290438	-0.0261811	0.0180938	-0.0510676
338	27900	0.301224	-0.0261811	0.028781	-0.0510676
339	28644	0.287018	-0.0261811	0.0272684	-0.0510676
340	29388	0.270609	-0.0261811	0.0231908	-0.0510676
341	30132	0.276364	-0.0261811	0.0165482	-0.0510676
342	30876	0.256305	-0.0261811	0.0221385	-0.0510676
343	31620	0.272385	-0.0261811	0.0203299	-0.0510676
344	32364	0.283204	-0.0261811	0.0274328	-0.0510676
345	33108	0.277614	-0.0261811	0.0192447	-0.0510676
346	33852	0.289715	-0.0261811	0.0251967	-0.0510676
347	34596	0.258672	-0.0261811	0.0210533	-0.0510676
348	35340	0.290307	-0.0261811	0.0193105	-0.0510676
349	36084	0.247591	-0.0261811	0.010958	-0.0510676
350	36828	0.260448	-0.0261811	0.0157261	-0.0510676
351	37572	0.29399	-0.0261811	0.0205929	-0.0510676
352	38316	0.277318	-0.0261811	0.0218096	-0.0510676
353	39060	0.279751	-0.0261811	0.0165482	-0.0510676
354	39804	0.290734	-0.0261811	0.0200339	-0.0510676
355	40548	0.288959	-0.0261811	0.0179622	-0.0510676
356	41292	0.281724	-0.0261811	0.0239142	-0.0510676
357	42036	0.284256	-0.0261811	0.0231908	-0.0510676
358	42780	0.309478	-0.0261811	0.0127994	-0.0510676
359	43524	0.275378	-0.0261811	0.0231908	-0.0510676
360	44268	0.289649	-0.0261811	0.0196722	-0.0510676
361	45012	0.28419	-0.0261811	0.0204614	-0.0510676
362	45756	0.275312	-0.0261811	0.0248678	-0.0510676
363	46500	0.267847	-0.0261811	0.0193762	-0.0510676
364	47244	0.287347	-0.0261811	0.0183897	-0.0510676
365	47988	0.268373	-0.0261811	0.0228619	-0.0510676
366	48732	0.268505	-0.0261811	0.01349	-0.0510676
367	49476	0.274621	-0.0261811	0.0213493	-0.0510676
368	50220	0.281823	-0.0261811	0.0159563	-0.0510676
369	50964	0.273865	-0.0261811	0.0173374	-0.0510676
370	51708	0.277745	-0.0261811	0.0100701	-0.0510676
371	52452	0.255253	-0.0261811	0.0106949	-0.0510676
372	53196	0.251635	-0.0261811	0.0121089	-0.0510676
373	53940	0.209807	-0.0261811	0.00300005	-0.0510676
374	54684	0.234042	-0.0261811	0.0169428	-0.0510676
375	55428	0.287939	-0.0261811	0.0172388	-0.0510676
376	56172	0.258081	-0.0261811	0.0133585	-0.0510676
377	56916	0.255549	-0.0261811	0.0162194	-0.0510676
378	57660	0.235062	-0.0261811	0.00247391	-0.0510676
379	58404	0.218784	-0.0261811	0.00503885	-0.0510676
380	59148	0.242066	-0.0261811	0.0161536	-0.0510676
381	59892	0.238745	-0.0261811	0.000566646	-0.0510676
382	60636	0.2542	-0.0261811	0.00530192	-0.0510676
383	61380	0.233253	-0.0261811	0.01178	-0.0510676
384	62124	0.234733	-0.0261811	0.0116814	-0.0510676
385	62868	0.236542	-0.0261811	0.00543346	-0.0510676
386	63612	0.216877	-0.0261811	0.0214808	-0.0510676
387	64356	0.261007	-0.0261811	0.0147067	-0.0510676
388	65100	0.256634	-0.0261811	-0.00903545	-0.0510676
389	65844	0.269064	-0.0261811	0.0096426	-0.0510676
390	66588	0.219146	-0.0261811	0.00842589	-0.0510676
391	67332	0.274851	-0.0261811	0.0156932	-0.0510676
392	68076	0.249399	-0.0261811	0.0167126	-0.0510676
393	68820	0.249597	-0.0261811	0.0171401	-0.0510676
394	69564	0.197081	-0.0261811	0.00668305	-0.0510676
395	70308	0.27084	-0.0261811	0.0209547	-0.0510676
396	71052	0.222862	-0.0261811	0.0123391	-0.0510676
397	71796	0.250254	-0.0261811	0.0179622	-0.0510676
398	72540	0.265611	-0.0261811	0.025953	-0.0510676
399	73284	0.264065	-0.0261811	0.0185541	-0.0510676
400	74028	0.261566	-0.0261811	0.0302937	-0.0510676
401	74772	0.271859	-0.0261811	0.0142463	-0.0510676
402	75516	0.277088	-0.0261811	0.0192447	-0.0510676
403	76260	0.209478	-0.0261811	0.0193762	-0.0510676
404	77004	0.268275	-0.0261811	0.0111881	-0.0510676
405	77748	0.282316	-0.0261811	0.0177649	-0.0510676
406	78492	0.265479	-0.0261811	0.0170086	-0.0510676
407	79236	0.278666	-0.0261811	0.0175676	-0.0510676
408	79980	0.258475	-0.0261811	0.0110566	-0.0510676
409	80724	0.289518	-0.0261811	0.0167784	-0.0510676
410	81468	0.258607	-0.0261811	0.0229935	-0.0510676
411	82212	0.257061	-0.0261811	0.0227304	-0.0510676
412	82956	0.271267	-0.0261811	0.0198037	-0.0510676
413	83700	0.263967	-0.0261811	0.0175018	-0.0510676
414	84444	0.276463	-0.0261811	0.0282878	-0.0510676
415	85188	0.275049	-0.0261811	0.0127666	-0.0510676
416	85932	0.280179	-0.0261811	0.0108922	-0.0510676
417	86676	0.26913	-0.0261811	0.0212835	-0.0510676
418	87420	0.268373	-0.0261811	0.0176005	-0.0510676
419	88164	0.250978	-0.0261811	0.0261832	-0.0510676
420	88908	0.269985	-0.0261811	0.0161536	-0.0510676
421	89652	0.269623	-0.0261811	0.018587	-0.0510676
422	90396	0.272155	-0.0261811	0.0299648	-0.0510676
423	91140	0.256732	-0.0261811	0.0183239	-0.0510676
424	91884	0.256864	-0.0261811	0.0200339	-0.0510676
425	92628	0.279652	-0.0261811	0.0139833	-0.0510676
426	93372	0.279751	-0.0261811	0.027926	-0.0510676
427	94116	0.289945	-0.0261811	0.0210862	-0.0510676
428	94860	0.263079	-0.0261811	0.0226975	-0.0510676
429	95604	0.275378	-0.0261811	0.0219412	-0.0510676
430	96348	0.281823	-0.0261811	0.0202641	-0.0510676
431	97092	0.280507	-0.0261811	0.0184555	-0.0510676
432	97836	0.294154	-0.0261811	0.0260188	-0.0510676
433	98580	0.287545	-0.0261811	0.0189487	-0.0510676
434	99324	0.256963	-0.0261811	0.0131941	-0.0510676
435	100068	0.274194	-0.0261811	0.0220398	-0.0510676
436	100812	0.284125	-0.0261811	0.0154302	-0.0510676
437	101556	0.288268	-0.0261811	0.022829	-0.0510676
438	102300	0.306321	-0.0261811	0.0270382	-0.0510676
439	103044	0.290997	-0.0261811	0.0287481	-0.0510676
440	103788	0.282283	-0.0261811	0.0215137	-0.0510676
441	104532	0.286459	-0.0261811	0.0212835	-0.0510676
442	105276	0.267518	-0.0261811	0.0235525	-0.0510676
443	106020	0.273076	-0.0261811	0.0303923	-0.0510676
444	106764	0.271004	-0.0261811	0.0116485	-0.0510676
445	107508	0.27449	-0.0261811	0.02056	-0.0510676
446	108252	0.262092	-0.0261811	0.0233223	-0.0510676
447	108996	0.26275	-0.0261811	0.0265449	-0.0510676
448	109740	0.265545	-0.0261811	0.0183897	-0.0510676
449	110484	0.277942	-0.0261811	0.0222371	-0.0510676
450	111228	0.268143	-0.0261811	0.0128981	-0.0510676
451	111414	0.285276	-0.0261811	0.0137202	-0.0510676
452	110670	0.28156	-0.0261811	0.0203956	-0.0510676
453	109926	0.273964	-0.0261811	0.0212177	-0.0510676
454	109182	0.255976	-0.0261811	0.022566	-0.0510676
455	108438	0.273437	-0.0261811	0.0331217	-0.0510676
456	107694	0.265677	-0.0261811	0.0186199	-0.0510676
457	106950	0.259725	-0.0261811	0.023684	-0.0510676
458	106206	0.271333	-0.0261811	0.0173374	-0.0510676
459	105462	0.239238	-0.0261811	0.0199353	-0.0510676
460	104718	0.283204	-0.0261811	0.0285837	-0.0510676
461	103974	0.279554	-0.0261811	0.0177649	-0.0510676
462	103230	0.280968	-0.0261811	0.0189487	-0.0510676
463	102486	0.282809	-0.0261811	0.0212506	-0.0510676
464	101742	0.276824	-0.0261811	0.0242102	-0.0510676
465	100998	0.268307	-0.0261811	0.0223687	-0.0510676
466	100254	0.281921	-0.0261811	0.0200339	-0.0510676
467	99510	0.264065	-0.0261811	0.0261174	-0.0510676
468	98766	0.27176	-0.0261811	0.0219083	-0.0510676
469	98022	0.300402	-0.0261811	0.026808	-0.0510676
470	97278	0.279521	-0.0261811	0.0162523	-0.0510676
471	96534	0.269097	-0.0261811	0.0155617	-0.0510676
472	95790	0.281626	-0.0261811	0.0211191	-0.0510676
473	95046	0.284421	-0.0261811	0.0167126	-0.0510676
474	94302	0.264657	-0.0261811	0.0148054	-0.0510676
475	93558	0.283533	-0.0261811	0.01349	-0.0510676
476	92814	0.264427	-0.0261811	0.0214479	-0.0510676
477	92070	0.282941	-0.0261811	0.0193762	-0.0510676
478	91326	0.27837	-0.0261811	0.0241115	-0.0510676
479	90582	0.247459	-0.0261811	0.0107935	-0.0510676
480	89838	0.265578	-0.0261811	0.0259859	-0.0510676
481	89094	0.264526	-0.0261811	0.00753803	-0.0510676
482	88350	0.289287	-0.0261811	0.0139833	-0.0510676
483	87606	0.291721	-0.0261811	0.0191132	-0.0510676
484	86862	0.270445	-0.0261811	0.0175347	-0.0510676
485	86118	0.253543	-0.0261811	0.0142463	-0.0510676
486	85374	0.266926	-0.0261811	0.0275314	-0.0510676
487	84630	0.260086	-0.0261811	0.0258215	-0.0510676
488	83886	0.262947	-0.0261811	0.0191789	-0.0510676
489	83142	0.264296	-0.0261811	0.00806417	-0.0510676
490	82398	0.241408	-0.0261811	0.0205272	-0.0510676
491	81654	0.276167	-0.0261811	0.0213821	-0.0510676
492	80910	0.275049	-0.0261811	0.0216781	-0.0510676
493	80166	0.290636	-0.0261811	0.0205929	-0.0510676
494	79422	0.28521	-0.0261811	0.0165153	-0.0510676
495	78678	0.268538	-0.0261811	0.0198366	-0.0510676
496	77934	0.28669	-0.0261811	0.0150684	-0.0510676
497	77190	0.265118	-0.0261811	0.0216781	-0.0510676
498	76446	0.270379	-0.0261811	0.0237498	-0.0510676
499	75702	0.270379	-0.0261811	0.0298991	-0.0510676
500	74958	0.276594	-0.0261811	0.0203956	-0.0510676
501	74214	0.275706	-0.0261811	0.0125364	-0.0510676
502	73470	0.260974	-0.0261811	0.0256242	-0.0510676
503	72726	0.26834	-0.0261811	0.0230921	-0.0510676
504	71982	0.250978	-0.0261811	0.0113197	-0.0510676
505	71238	0.250287	-0.0261811	0.00740649	-0.0510676
506	70494	0.269557	-0.0261811	0.0232236	-0.0510676
507	69750	0.265973	-0.0261811	0.0183568	-0.0510676
508	69006	0.263769	-0.0261811	0.0203627	-0.0510676
509	68262	0.275969	-0.0261811	0.0228619	-0.0510676
510	67518	0.278633	-0.0261811	0.0244732	-0.0510676
511	66774	0.25226	-0.0261811	0.0135558	-0.0510676
512	66030	0.272418	-0.0261811	0.0187843	-0.0510676
513	65286	0.280343	-0.0261811	0.0192776	-0.0510676
514	64542	0.269919	-0.0261811	0.0240129	-0.0510676
515	63798	0.283533	-0.0261811	0.0213164	-0.0510676
516	63054	0.257752	-0.0261811	0.00918222	-0.0510676
517	62310	0.256239	-0.0261811	0.0151671	-0.0510676
518	61566	0.262849	-0.0261811	0.0146081	-0.0510676
519	60822	0.260284	-0.0261811	0.0206916	-0.0510676
520	60078	0.249399	-0.0261811	0.0152986	-0.0510676
521	59334	0.254003	-0.0261811	0.0132269	-0.0510676
522	58590	0.264065	-0.0261811	0.0167455	-0.0510676
523	57846	0.2908	-0.0261811	0.0145423	-0.0510676
524	57102	0.256239	-0.0261811	0.00937953	-0.0510676
525	56358	0.277285	-0.0261811	0.0222371	-0.0510676
526	55614	0.247689	-0.0261811	0.0140819	-0.0510676
527	54870	0.249761	-0.0261811	0.0182911	-0.0510676
528	54126	0.274917	-0.0261811	0.0188501	-0.0510676
529	53382	0.26206	-0.0261811	0.0218754	-0.0510676
530	52638	0.267979	-0.0261811	0.013786	-0.0510676
531	51894	0.273668	-0.0261811	0.0153644	-0.0510676
532	51150	0.261764	-0.0261811	0.00763668	-0.0510676
533	50406	0.278107	-0.0261811	0.0136873	-0.0510676
534	49662	0.214312	-0.0261811	0.00944529	-0.0510676
535	48918	0.272944	-0.0261811	0.0166797	-0.0510676
536	48174	0.246966	-0.0261811	0.0076038	-0.0510676
537	47430	0.23641	-0.0261811	0.0128981	-0.0510676
538	46686	0.254233	-0.0261811	0.0192447	-0.0510676
539	45942	0.252885	-0.0261811	0.00967548	-0.0510676
540	45198	0.251734	-0.0261811	0.0158576	-0.0510676
541	44454	0.241211	-0.0261811	0.0078011	-0.0510676
542	43710	0.260777	-0.0261811	0.0157261	-0.0510676
543	42966	0.248413	-0.0261811	0.00954395	-0.0510676
544	42222	0.250156	-0.0261811	0.0108922	-0.0510676
545	41478	0.280968	-0.0261811	0.0187185	-0.0510676
546	40734	0.269656	-0.0261811	0.0200668	-0.0510676
547	39990	0.266532	-0.0261811	0.0196393	-0.0510676
548	39246	0.251701	-0.0261811	0.0103989	-0.0510676
549	38502	0.280803	-0.0261811	0.0221056	-0.0510676
550	37758	0.274654	-0.0261811	0.0167455	-0.0510676
551	37014	0.271464	-0.0261811	0.0218754	-0.0510676
552	36270	0.303066	-0.0261811	0.0242759	-0.0510676
553	35526	0.283303	-0.0261811	0.0170744	-0.0510676
554	34782	0.287018	-0.0261811	0.0243088	-0.0510676
555	34038	0.279258	-0.0261811	0.0167455	-0.0510676
556	33294	0.274819	-0.0261811	0.0253611	-0.0510676
557	32550	0.260185	-0.0261811	0.0163838	-0.0510676
558	31806	0.262092	-0.0261811	0.0109251	-0.0510676
559	31062	0.274095	-0.0261811	0.0196064	-0.0510676
560	30318	0.264296	-0.0261811	0.0291099	-0.0510676
561	29574	0.28498	-0.0261811	0.0320365	-0.0510676
562	28830	0.275016	-0.0261811	0.0252953	-0.0510676
563	28086	0.286591	-0.0261811	0.01178	-0.0510676
564	27342	0.270774	-0.0261811	0.0143779	-0.0510676
565	26598	0.259527	-0.0261811	0.0224344	-0.0510676
566	25854	0.289814	-0.0261811	0.016318	-0.0510676
567	25110	0.25078	-0.0261811	0.0133256	-0.0510676
568	24366	0.255285	-0.0261811	0.0118129	-0.0510676
569	23622	0.276101	-0.0261811	0.0251638	-0.0510676
570	22878	0.257291	-0.0261811	0.012372	-0.0510676
571	22134	0.261205	-0.0261811	0.0133585	-0.0510676
572	21390	0.27666	-0.0261811	0.018028	-0.0510676
573	20646	0.24838	-0.0261811	0.0140819	-0.0510676
574	19902	0.26127	-0.0261811	0.0196722	-0.0510676
575	19158	0.267354	-0.0261811	0.0144436	-0.0510676
576	18414	0.267946	-0.0261811	0.0112868	-0.0510676
577	17670	0.255187	-0.0261811	0.0267422	-0.0510676
578	16926	0.249794	-0.0261811	0.0182253	-0.0510676
579	16182	0.268012	-0.0261811	0.0178307	-0.0510676
580	15438	0.251011	-0.0261811	0.0162523	-0.0510676
581	14694	0.252392	-0.0261811	0.00661728	-0.0510676
582	13950	0.270149	-0.0261811	0.00875473	-0.0510676
583	13206	0.254661	-0.0261811	0.0177978	-0.0510676
584	12462	0.256601	-0.0261811	0.016318	-0.0510676
585	11718	0.216745	-0.0261811	0.0147396	-0.0510676
586	10974	0.247985	-0.0261811	0.00789975	-0.0510676
587	10230	0.22398	-0.0261811	-0.000288334	-0.0510676
588	9486	0.152589	-0.0261811	-0.00561552	-0.0510676
589	8742	0.202803	-0.0261811	0.00119144	-0.0510676
590	7998	0.227531	-0.0261811	0.0167126	-0.0510676
591	7254	0.222434	-0.0261811	0.0183568	-0.0510676
592	6510	0.221086	-0.0261811	-0.000288334	-0.0510676
593	5766	0.25055	-0.0261811	0.00839301	-0.0510676
594	5022	0.267058	-0.0261811	0.0238484	-0.0510676
595	4278	0.270938	-0.0261811	0.0296689	-0.0510676
596	3534	0.256535	-0.0261811	0.0245719	-0.0510676
597	2790	0.242625	-0.0261811	0.022829	-0.0510676
598	2046	0.276233	-0.0261811	0.0178965	-0.0510676
599	1302	0.284092	-0.0261811	0.00839301	-0.0510676
600	558	0.288268	-0.0247441	0.0281562	-0.0486013
