# Filename	7_delay.txt
# Date	2016-09-28
# Title	DL-Pro & DL-100 Locked delay scan.
# DL-Pro	365824.8 GHz
# DL-100	365808.9 GHz
# Static	3000 mV Pulsed
# MWOn	On
# MWf	15931.6 MHz
# Attn	44 dB
# FixedAttn	6 dB
# B2	B2 = T2 + 2.050 us
# HP214B	HP 214B FIP at 5.5 on 100V setting ; Applied to Top ; Mesh & Vin of MCP @ +25V ; Vout of MCP @ +2025 V
# Oven	32 A
# Boxcar	Gate = 200 ns ; Amp = 25x ; Sensitivity = 5 mV
# Offset	+/- 30 mV IR/Oven offset.
# Bias	Top: 0 V ; Bot: -0.440 V ; IR: +0.050 V ; Oven: -0.050 V ; Vis: -0.010 V ; MW: +0.010 V
# Passes	4
i, step, norm, nbackground, signal, sbackground
0	0	0.277153	-0.0268125	-0.000584289	-0.0481936	
1	744	0.289748	-0.0268125	-0.00492496	-0.0481936	
2	1488	0.272845	-0.0268125	-0.00860796	-0.0481936	
3	2232	0.266861	-0.0268125	-0.00867372	-0.0481936	
4	2976	0.268867	-0.0268125	-0.00446459	-0.0481936	
5	3720	0.292379	-0.0268125	0.00467713	-0.0481936	
6	4464	0.297311	-0.0268125	0.00161893	-0.0481936	
7	5208	0.29718	-0.0268125	-0.00265597	-0.0481936	
8	5952	0.284322	-0.0268125	-0.00150504	-0.0481936	
9	6696	0.304447	-0.0268125	0.0025068	-0.0481936	
10	7440	0.282776	-0.0268125	-0.00489208	-0.0481936	
11	8184	0.286196	-0.0268125	7.33882E-5	-0.0481936	
12	8928	0.280442	-0.0268125	-0.00130773	-0.0481936	
13	9672	0.289781	-0.0268125	-0.00499073	-0.0481936	
14	10416	0.287512	-0.0268125	-0.000748709	-0.0481936	
15	11160	0.2737	-0.0268125	-0.00449747	-0.0481936	
16	11904	0.278929	-0.0268125	-0.0030177	-0.0481936	
17	12648	0.277581	-0.0268125	-0.00314923	-0.0481936	
18	13392	0.249399	-0.0268125	-0.00390556	-0.0481936	
19	14136	0.204381	-0.0268125	-0.0072926	-0.0481936	
20	14880	0.232661	-0.0268125	-0.00212983	-0.0481936	
21	15624	0.249662	-0.0268125	0.00148739	-0.0481936	
22	16368	0.251898	-0.0268125	-0.00229425	-0.0481936	
23	17112	0.256963	-0.0268125	-0.000650057	-0.0481936	
24	17856	0.208985	-0.0268125	-0.0044317	-0.0481936	
25	18600	0.231708	-0.0268125	-0.00939717	-0.0481936	
26	19344	0.22102	-0.0268125	-0.00906833	-0.0481936	
27	20088	0.2152	-0.0268125	-0.0114689	-0.0481936	
28	20832	0.219376	-0.0268125	-0.0131459	-0.0481936	
29	21576	0.234601	-0.0268125	-0.00518803	-0.0481936	
30	22320	0.223914	-0.0268125	-0.00531957	-0.0481936	
31	23064	0.235489	-0.0268125	-0.00357672	-0.0481936	
32	23808	0.206124	-0.0268125	-0.00265597	-0.0481936	
33	24552	0.193102	-0.0268125	-0.0117977	-0.0481936	
34	25296	0.223092	-0.0268125	-0.0181772	-0.0481936	
35	26040	0.242822	-0.0268125	-0.0128829	-0.0481936	
36	26784	0.179554	-0.0268125	-0.0120608	-0.0481936	
37	27528	0.209379	-0.0268125	-0.00903545	-0.0481936	
38	28272	0.215529	-0.0268125	-0.00272174	-0.0481936	
39	29016	0.217765	-0.0268125	-0.0158424	-0.0481936	
40	29760	0.202178	-0.0268125	-0.00459612	-0.0481936	
41	30504	0.202342	-0.0268125	-0.0263652	-0.0481936	
42	31248	0.218686	-0.0268125	-0.0172235	-0.0481936	
43	31992	0.199514	-0.0268125	-0.0125869	-0.0481936	
44	32736	0.186426	-0.0268125	-0.00745702	-0.0481936	
45	33480	0.23401	-0.0268125	-0.0115675	-0.0481936	
46	34224	0.213457	-0.0268125	-0.00969312	-0.0481936	
47	34968	0.216614	-0.0268125	-0.0050565	-0.0481936	
48	35712	0.208459	-0.0268125	-0.00663492	-0.0481936	
49	36456	0.235226	-0.0268125	-0.013705	-0.0481936	
50	37200	0.192806	-0.0268125	-0.0209394	-0.0481936	
51	37944	0.222401	-0.0268125	-0.0154149	-0.0481936	
52	38688	0.242526	-0.0268125	-0.0130144	-0.0481936	
53	39432	0.1859	-0.0268125	-0.00854219	-0.0481936	
54	40176	0.243612	-0.0268125	-0.0103837	-0.0481936	
55	40920	0.257061	-0.0268125	-0.00252444	-0.0481936	
56	41664	0.242658	-0.0268125	-0.00837777	-0.0481936	
57	42408	0.252129	-0.0268125	-0.0135405	-0.0481936	
58	43152	0.243085	-0.0268125	-0.00512226	-0.0481936	
59	43896	0.246703	-0.0268125	-0.00130773	-0.0481936	
60	44640	0.242428	-0.0268125	-0.00466189	-0.0481936	
61	45384	0.279718	-0.0268125	-0.00604301	-0.0481936	
62	46128	0.261599	-0.0268125	-0.000946012	-0.0481936	
63	46872	0.251339	-0.0268125	-0.00416863	-0.0481936	
64	47616	0.222566	-0.0268125	-0.00824623	-0.0481936	
65	48360	0.227827	-0.0268125	-0.00906833	-0.0481936	
66	49104	0.257456	-0.0268125	-0.00367537	-0.0481936	
67	49848	0.249366	-0.0268125	-0.00147215	-0.0481936	
68	50592	0.258672	-0.0268125	-0.00804893	-0.0481936	
69	51336	0.251274	-0.0268125	-0.00390556	-0.0481936	
70	52080	0.287282	-0.0268125	-0.00041987	-0.0481936	
71	52824	0.235851	-0.0268125	0.000731066	-0.0481936	
72	53568	0.256206	-0.0268125	-0.00758856	-0.0481936	
73	54312	0.236936	-0.0268125	-0.00785163	-0.0481936	
74	55056	0.244697	-0.0268125	-0.0126527	-0.0481936	
75	55800	0.273141	-0.0268125	-0.000189683	-0.0481936	
76	56544	0.221283	-0.0268125	-0.00226137	-0.0481936	
77	57288	0.256075	-0.0268125	-0.00393844	-0.0481936	
78	58032	0.251701	-0.0268125	-0.00873949	-0.0481936	
79	58776	0.263276	-0.0268125	0.00319736	-0.0481936	
80	59520	0.271103	-0.0268125	0.00638709	-0.0481936	
81	60264	0.259922	-0.0268125	-0.00660204	-0.0481936	
82	61008	0.278534	-0.0268125	-0.00706241	-0.0481936	
83	61752	0.24861	-0.0268125	-0.0117977	-0.0481936	
84	62496	0.257423	-0.0268125	-0.000650057	-0.0481936	
85	63240	0.254036	-0.0268125	-0.0138365	-0.0481936	
86	63984	0.271431	-0.0268125	-0.00462901	-0.0481936	
87	64728	0.237758	-0.0268125	-0.00798316	-0.0481936	
88	65472	0.277482	-0.0268125	-0.00650339	-0.0481936	
89	66216	0.249564	-0.0268125	-0.0062732	-0.0481936	
90	66960	0.284618	-0.0268125	-0.000518522	-0.0481936	
91	67704	0.274983	-0.0268125	-0.00229425	-0.0481936	
92	68448	0.265743	-0.0268125	0.00339466	-0.0481936	
93	69192	0.251208	-0.0268125	-0.00518803	-0.0481936	
94	69936	0.272845	-0.0268125	-0.00413575	-0.0481936	
95	70680	0.273832	-0.0268125	-0.00883814	-0.0481936	
96	71424	0.258574	-0.0268125	-0.0095287	-0.0481936	
97	72168	0.229472	-0.0268125	-0.00351095	-0.0481936	
98	72912	0.251175	-0.0268125	-0.00522092	-0.0481936	
99	73656	0.254628	-0.0268125	-0.00426728	-0.0481936	
100	74400	0.256765	-0.0268125	-0.00114332	-0.0481936	
101	75144	0.2786	-0.0268125	-0.00176811	-0.0481936	
102	75888	0.250451	-0.0268125	-0.00436594	-0.0481936	
103	76632	0.23812	-0.0268125	0.00178335	-0.0481936	
104	77376	0.245585	-0.0268125	-0.0161055	-0.0481936	
105	78120	0.223092	-0.0268125	-0.0118306	-0.0481936	
106	78864	0.257423	-0.0268125	-0.00653627	-0.0481936	
107	79608	0.272517	-0.0268125	-0.00383979	-0.0481936	
108	80352	0.275016	-0.0268125	-0.00670069	-0.0481936	
109	81096	0.248972	-0.0268125	-0.00288616	-0.0481936	
110	81840	0.257324	-0.0268125	-0.00541822	-0.0481936	
111	82584	0.26229	-0.0268125	-0.0112715	-0.0481936	
112	83328	0.205203	-0.0268125	-0.0141653	-0.0481936	
113	84072	0.205861	-0.0268125	-0.00531957	-0.0481936	
114	84816	0.241112	-0.0268125	7.33882E-5	-0.0481936	
115	85560	0.248873	-0.0268125	-0.00847642	-0.0481936	
116	86304	0.248248	-0.0268125	-0.00265597	-0.0481936	
117	87048	0.238449	-0.0268125	-0.00466189	-0.0481936	
118	87792	0.261862	-0.0268125	-0.0130144	-0.0481936	
119	88536	0.252556	-0.0268125	-0.00189964	-0.0481936	
120	89280	0.239962	-0.0268125	-0.00821335	-0.0481936	
121	90024	0.203526	-0.0268125	-0.0161055	-0.0481936	
122	90768	0.236443	-0.0268125	-0.00232713	-0.0481936	
123	91512	0.22934	-0.0268125	-0.000913128	-0.0481936	
124	92256	0.239139	-0.0268125	-0.00834488	-0.0481936	
125	93000	0.221481	-0.0268125	-0.00834488	-0.0481936	
126	93744	0.231149	-0.0268125	-0.00383979	-0.0481936	
127	94488	0.258804	-0.0268125	-0.00410286	-0.0481936	
128	95232	0.249827	-0.0268125	-0.0116333	-0.0481936	
129	95976	0.227992	-0.0268125	-0.0052538	-0.0481936	
130	96720	0.272747	-0.0268125	-0.0122909	-0.0481936	
131	97464	0.254595	-0.0268125	-0.00160369	-0.0481936	
132	98208	0.267617	-0.0268125	-0.00574706	-0.0481936	
133	98952	0.251931	-0.0268125	-0.0091341	-0.0481936	
134	99696	0.244697	-0.0268125	-0.0101535	-0.0481936	
135	100440	0.267518	-0.0268125	-0.00541822	-0.0481936	
136	101184	0.227794	-0.0268125	-0.0050565	-0.0481936	
137	101928	0.232661	-0.0268125	-0.000946012	-0.0481936	
138	102672	0.243612	-0.0268125	-0.00956159	-0.0481936	
139	103416	0.237923	-0.0268125	-0.0110085	-0.0481936	
140	104160	0.235029	-0.0268125	-0.00706241	-0.0481936	
141	104904	0.249366	-0.0268125	-0.00337942	-0.0481936	
142	105648	0.265611	-0.0268125	-0.0113702	-0.0481936	
143	106392	0.212306	-0.0268125	-0.0144942	-0.0481936	
144	107136	0.227992	-0.0268125	-0.0141653	-0.0481936	
145	107880	0.228748	-0.0268125	-0.000551405	-0.0481936	
146	108624	0.244401	-0.0268125	-0.00903545	-0.0481936	
147	109368	0.270281	-0.0268125	-0.00298481	-0.0481936	
148	110112	0.255121	-0.0268125	0.000270691	-0.0481936	
149	110856	0.241408	-0.0268125	-0.0132446	-0.0481936	
150	111600	0.241343	-0.0268125	-0.00354384	-0.0481936	
151	111042	0.252918	-0.0268125	-0.0188677	-0.0481936	
152	110298	0.248742	-0.0268125	-0.0125869	-0.0481936	
153	109554	0.265775	-0.0268125	-0.00597725	-0.0481936	
154	108810	0.247328	-0.0268125	-0.00295193	-0.0481936	
155	108066	0.245946	-0.0268125	-0.00801605	-0.0481936	
156	107322	0.276331	-0.0268125	-0.00877237	-0.0481936	
157	106578	0.257982	-0.0268125	-0.0142311	-0.0481936	
158	105834	0.242395	-0.0268125	-0.0119621	-0.0481936	
159	105090	0.245124	-0.0268125	-0.00538534	-0.0481936	
160	104346	0.27084	-0.0268125	0.00142163	-0.0481936	
161	103602	0.251734	-0.0268125	-0.00462901	-0.0481936	
162	102858	0.271234	-0.0268125	-0.0115675	-0.0481936	
163	102114	0.257916	-0.0268125	-0.00206406	-0.0481936	
164	101370	0.26936	-0.0268125	-0.0040371	-0.0481936	
165	100626	0.258804	-0.0268125	-0.00962736	-0.0481936	
166	99882	0.247196	-0.0268125	-0.00762144	-0.0481936	
167	99138	0.239863	-0.0268125	-0.00189964	-0.0481936	
168	98394	0.262586	-0.0268125	-0.010581	-0.0481936	
169	97650	0.271234	-0.0268125	0.00339466	-0.0481936	
170	96906	0.261632	-0.0268125	-0.00906833	-0.0481936	
171	96162	0.273799	-0.0268125	-0.00683223	-0.0481936	
172	95418	0.228584	-0.0268125	-0.00226137	-0.0481936	
173	94674	0.264	-0.0268125	-0.00531957	-0.0481936	
174	93930	0.237429	-0.0268125	-0.00383979	-0.0481936	
175	93186	0.251833	-0.0268125	0.000204924	-0.0481936	
176	92442	0.245223	-0.0268125	-0.0115346	-0.0481936	
177	91698	0.252096	-0.0268125	0.000829717	-0.0481936	
178	90954	0.256732	-0.0268125	-0.00344519	-0.0481936	
179	90210	0.264592	-0.0268125	-0.00377403	-0.0481936	
180	89466	0.258574	-0.0268125	-0.0052538	-0.0481936	
181	88722	0.245453	-0.0268125	-0.00298481	-0.0481936	
182	87978	0.266893	-0.0268125	0.00191489	-0.0481936	
183	87234	0.263769	-0.0268125	-0.0034123	-0.0481936	
184	86490	0.257752	-0.0268125	0.00510462	-0.0481936	
185	85746	0.261862	-0.0268125	-0.000584289	-0.0481936	
186	85002	0.264822	-0.0268125	-0.0050565	-0.0481936	
187	84258	0.250419	-0.0268125	-0.00880526	-0.0481936	
188	83514	0.255713	-0.0268125	-0.0112387	-0.0481936	
189	82770	0.224079	-0.0268125	-0.0109098	-0.0481936	
190	82026	0.249925	-0.0268125	-0.00334654	-0.0481936	
191	81282	0.232628	-0.0268125	-0.00673357	-0.0481936	
192	80538	0.244138	-0.0268125	-0.0114031	-0.0481936	
193	79794	0.254595	-0.0268125	-0.00318212	-0.0481936	
194	79050	0.250682	-0.0268125	-0.00416863	-0.0481936	
195	78306	0.223355	-0.0268125	-0.01285	-0.0481936	
196	77562	0.195239	-0.0268125	-0.0171249	-0.0481936	
197	76818	0.235752	-0.0268125	-0.0113702	-0.0481936	
198	76074	0.201323	-0.0268125	-0.00587859	-0.0481936	
199	75330	0.242329	-0.0268125	-0.0144613	-0.0481936	
200	74586	0.254299	-0.0268125	-0.00344519	-0.0481936	
201	73842	0.247919	-0.0268125	-0.00854219	-0.0481936	
202	73098	0.266663	-0.0268125	-0.00614166	-0.0481936	
203	72354	0.20175	-0.0268125	-0.0103179	-0.0481936	
204	71610	0.232135	-0.0268125	-0.0149874	-0.0481936	
205	70866	0.248774	-0.0268125	-0.0169605	-0.0481936	
206	70122	0.2469	-0.0268125	-0.00956159	-0.0481936	
207	69378	0.273668	-0.0268125	-0.00916698	-0.0481936	
208	68634	0.237002	-0.0268125	-0.0127184	-0.0481936	
209	67890	0.253543	-0.0268125	-0.00696376	-0.0481936	
210	67146	0.280803	-0.0268125	0.000336459	-0.0481936	
211	66402	0.268735	-0.0268125	-0.00939717	-0.0481936	
212	65658	0.231576	-0.0268125	-0.0138036	-0.0481936	
213	64914	0.226348	-0.0268125	-0.00827912	-0.0481936	
214	64170	0.243316	-0.0268125	-0.0112058	-0.0481936	
215	63426	0.251471	-0.0268125	-0.00841065	-0.0481936	
216	62682	0.235489	-0.0268125	-0.00604301	-0.0481936	
217	61938	0.227071	-0.0268125	-0.0114031	-0.0481936	
218	61194	0.230886	-0.0268125	-0.0164014	-0.0481936	
219	60450	0.251109	-0.0268125	-0.00393844	-0.0481936	
220	59706	0.228518	-0.0268125	-0.00170234	-0.0481936	
221	58962	0.274358	-0.0268125	-0.00614166	-0.0481936	
222	58218	0.243217	-0.0268125	0.000237808	-0.0481936	
223	57474	0.247229	-0.0268125	-0.008312	-0.0481936	
224	56730	0.254398	-0.0268125	-0.000650057	-0.0481936	
225	55986	0.232398	-0.0268125	0.00175047	-0.0481936	
226	55242	0.243809	-0.0268125	-0.0044317	-0.0481936	
227	54498	0.22934	-0.0268125	-0.00324788	-0.0481936	
228	53754	0.266663	-0.0268125	-0.00679934	-0.0481936	
229	53010	0.257522	-0.0268125	-0.00781874	-0.0481936	
230	52266	0.257291	-0.0268125	-0.0130144	-0.0481936	
231	51522	0.28692	-0.0268125	-0.00827912	-0.0481936	
232	50778	0.25009	-0.0268125	-0.00127485	-0.0481936	
233	50034	0.24815	-0.0268125	-0.0115675	-0.0481936	
234	49290	0.237758	-0.0268125	-0.0095287	-0.0481936	
235	48546	0.242559	-0.0268125	-0.00449747	-0.0481936	
236	47802	0.188926	-0.0268125	-0.0154478	-0.0481936	
237	47058	0.241376	-0.0268125	-0.0093314	-0.0481936	
238	46314	0.221481	-0.0268125	-0.00143927	-0.0481936	
239	45570	0.216154	-0.0268125	-0.0104495	-0.0481936	
240	44826	0.190668	-0.0268125	-0.00334654	-0.0481936	
241	44082	0.209708	-0.0268125	-0.00975889	-0.0481936	
242	43338	0.238219	-0.0268125	-0.0176181	-0.0481936	
243	42594	0.233615	-0.0268125	-0.0135077	-0.0481936	
244	41850	0.239501	-0.0268125	-0.00847642	-0.0481936	
245	41106	0.204052	-0.0268125	-0.010581	-0.0481936	
246	40362	0.232793	-0.0268125	-0.0154149	-0.0481936	
247	39618	0.263375	-0.0268125	-0.0162699	-0.0481936	
248	38874	0.227268	-0.0268125	-0.00528668	-0.0481936	
249	38130	0.257817	-0.0268125	-0.00929852	-0.0481936	
250	37386	0.225624	-0.0268125	-0.00439882	-0.0481936	
251	36642	0.217863	-0.0268125	-0.0164343	-0.0481936	
252	35898	0.241967	-0.0268125	-0.00998908	-0.0481936	
253	35154	0.261303	-0.0268125	-0.00755567	-0.0481936	
254	34410	0.233023	-0.0268125	-0.0149217	-0.0481936	
255	33666	0.250484	-0.0268125	-0.00643762	-0.0481936	
256	32922	0.264394	-0.0268125	-0.00124197	-0.0481936	
257	32178	0.251372	-0.0268125	-0.00916698	-0.0481936	
258	31434	0.256831	-0.0268125	-0.000880244	-0.0481936	
259	30690	0.27791	-0.0268125	0.000106272	-0.0481936	
260	29946	0.267157	-0.0268125	-0.00278751	-0.0481936	
261	29202	0.273996	-0.0268125	-0.00393844	-0.0481936	
262	28458	0.247722	-0.0268125	-0.00518803	-0.0481936	
263	27714	0.2542	-0.0268125	-0.00324788	-0.0481936	
264	26970	0.269097	-0.0268125	-5.81473E-5	-0.0481936	
265	26226	0.270576	-0.0268125	-0.00492496	-0.0481936	
266	25482	0.260777	-0.0268125	-0.0120279	-0.0481936	
267	24738	0.25522	-0.0268125	-0.0108441	-0.0481936	
268	23994	0.26035	-0.0268125	-0.00795028	-0.0481936	
269	23250	0.267025	-0.0268125	-0.00535245	-0.0481936	
270	22506	0.264361	-0.0268125	-0.0023929	-0.0481936	
271	21762	0.264888	-0.0268125	0.0109908	-0.0481936	
272	21018	0.291359	-0.0268125	-0.0103179	-0.0481936	
273	20274	0.249827	-0.0268125	-0.00732548	-0.0481936	
274	19530	0.279061	-0.0268125	-0.00949582	-0.0481936	
275	18786	0.263145	-0.0268125	-0.00778586	-0.0481936	
276	18042	0.272056	-0.0268125	-0.0117648	-0.0481936	
277	17298	0.262849	-0.0268125	0.000533762	-0.0481936	
278	16554	0.278206	-0.0268125	-0.00535245	-0.0481936	
279	15810	0.280146	-0.0268125	0.00464425	-0.0481936	
280	15066	0.254924	-0.0268125	-0.00492496	-0.0481936	
281	14322	0.277811	-0.0268125	-0.00604301	-0.0481936	
282	13578	0.264065	-0.0268125	-0.00548399	-0.0481936	
283	12834	0.275641	-0.0268125	-0.00420152	-0.0481936	
284	12090	0.263342	-0.0268125	-0.0044317	-0.0481936	
285	11346	0.286558	-0.0268125	0.000632414	-0.0481936	
286	10602	0.270281	-0.0268125	-0.000715825	-0.0481936	
287	9858	0.274227	-0.0268125	-0.00449747	-0.0481936	
288	9114	0.271366	-0.0268125	-0.00762144	-0.0481936	
289	8370	0.283138	-0.0268125	-0.00163657	-0.0481936	
290	7626	0.293201	-0.0268125	-0.00212983	-0.0481936	
291	6882	0.28156	-0.0268125	-0.0074899	-0.0481936	
292	6138	0.277219	-0.0268125	-0.00637185	-0.0481936	
293	5394	0.262454	-0.0268125	-0.00666781	-0.0481936	
294	4650	0.273964	-0.0268125	-0.0103508	-0.0481936	
295	3906	0.269886	-0.0268125	-0.008312	-0.0481936	
296	3162	0.246177	-0.0268125	-0.0113044	-0.0481936	
297	2418	0.253773	-0.0268125	-0.0163686	-0.0481936	
298	1674	0.228584	-0.0268125	-0.0180127	-0.0481936	
299	930	0.251833	-0.0268125	-0.0064705	-0.0481936	
300	186	0.268965	-0.0268125	-0.00883814	-0.0481936	
301	372	0.254365	-0.0268125	-0.00472766	-0.0481936	
302	1116	0.220264	-0.0268125	-0.0110085	-0.0481936	
303	1860	0.238679	-0.0268125	-0.0131459	-0.0481936	
304	2604	0.23789	-0.0268125	-0.00910121	-0.0481936	
305	3348	0.235226	-0.0268125	-0.0106468	-0.0481936	
306	4092	0.236805	-0.0268125	-0.00571417	-0.0481936	
307	4836	0.252786	-0.0268125	-0.0054511	-0.0481936	
308	5580	0.269327	-0.0268125	-0.0117648	-0.0481936	
309	6324	0.285374	-0.0268125	-0.000386986	-0.0481936	
310	7068	0.266663	-0.0268125	-0.00670069	-0.0481936	
311	7812	0.263868	-0.0268125	-0.000715825	-0.0481936	
312	8556	0.25351	-0.0268125	-0.00725972	-0.0481936	
313	9300	0.249268	-0.0268125	-0.00699665	-0.0481936	
314	10044	0.270872	-0.0268125	-0.00693088	-0.0481936	
315	10788	0.260777	-0.0268125	-0.0147901	-0.0481936	
316	11532	0.266893	-0.0268125	-0.00752279	-0.0481936	
317	12276	0.271497	-0.0268125	-0.00499073	-0.0481936	
318	13020	0.268603	-0.0268125	-0.00814758	-0.0481936	
319	13764	0.250682	-0.0268125	-0.0113373	-0.0481936	
320	14508	0.235752	-0.0268125	-0.0120936	-0.0481936	
321	15252	0.245486	-0.0268125	-0.00992331	-0.0481936	
322	15996	0.255516	-0.0268125	-0.00439882	-0.0481936	
323	16740	0.266104	-0.0268125	-0.00801605	-0.0481936	
324	17484	0.232201	-0.0268125	-0.010285	-0.0481936	
325	18228	0.258377	-0.0268125	-0.00630608	-0.0481936	
326	18972	0.253937	-0.0268125	-0.00367537	-0.0481936	
327	19716	0.270412	-0.0268125	-0.0074899	-0.0481936	
328	20460	0.255943	-0.0268125	-0.0072926	-0.0481936	
329	21204	0.241671	-0.0268125	-0.0100548	-0.0481936	
330	21948	0.274523	-0.0268125	-0.00870661	-0.0481936	
331	22692	0.281658	-0.0268125	0.00142163	-0.0481936	
332	23436	0.262816	-0.0268125	-0.000386986	-0.0481936	
333	24180	0.258607	-0.0268125	0.00237526	-0.0481936	
334	24924	0.273536	-0.0268125	0.00517039	-0.0481936	
335	25668	0.254003	-0.0268125	-0.00979178	-0.0481936	
336	26412	0.264427	-0.0268125	-0.00282039	-0.0481936	
337	27156	0.235588	-0.0268125	-0.00722683	-0.0481936	
338	27900	0.265282	-0.0268125	-0.00594436	-0.0481936	
339	28644	0.26982	-0.0268125	0.0030987	-0.0481936	
340	29388	0.279126	-0.0268125	-0.00134062	-0.0481936	
341	30132	0.250287	-0.0268125	-0.0127513	-0.0481936	
342	30876	0.272681	-0.0268125	-0.00535245	-0.0481936	
343	31620	0.251668	-0.0268125	-0.0052538	-0.0481936	
344	32364	0.26127	-0.0268125	-0.0108441	-0.0481936	
345	33108	0.288071	-0.0268125	-0.00689799	-0.0481936	
346	33852	0.271727	-0.0268125	-0.00591148	-0.0481936	
347	34596	0.277186	-0.0268125	-0.00397133	-0.0481936	
348	35340	0.250846	-0.0268125	-0.00587859	-0.0481936	
349	36084	0.285637	-0.0268125	-0.00242579	-0.0481936	
350	36828	0.285966	-0.0268125	-0.00430017	-0.0481936	
351	37572	0.262619	-0.0268125	-0.00518803	-0.0481936	
352	38316	0.287347	-0.0268125	-0.0060759	-0.0481936	
353	39060	0.277712	-0.0268125	-0.0054511	-0.0481936	
354	39804	0.273437	-0.0268125	-0.0110742	-0.0481936	
355	40548	0.269261	-0.0268125	-0.00472766	-0.0481936	
356	41292	0.269886	-0.0268125	0.00332889	-0.0481936	
357	42036	0.273043	-0.0268125	-0.00643762	-0.0481936	
358	42780	0.236838	-0.0268125	-0.0140338	-0.0481936	
359	43524	0.274358	-0.0268125	-0.00528668	-0.0481936	
360	44268	0.285572	-0.0268125	0.00339466	-0.0481936	
361	45012	0.24279	-0.0268125	-0.000551405	-0.0481936	
362	45756	0.246177	-0.0268125	-0.00893679	-0.0481936	
363	46500	0.259495	-0.0268125	-0.00380691	-0.0481936	
364	47244	0.268209	-0.0268125	-0.0108441	-0.0481936	
365	47988	0.274029	-0.0268125	-0.00732548	-0.0481936	
366	48732	0.282711	-0.0268125	0.000435111	-0.0481936	
367	49476	0.239567	-0.0268125	-0.00643762	-0.0481936	
368	50220	0.234371	-0.0268125	-0.00426728	-0.0481936	
369	50964	0.241376	-0.0268125	-0.00633897	-0.0481936	
370	51708	0.242691	-0.0268125	-0.00114332	-0.0481936	
371	52452	0.267551	-0.0268125	-0.00160369	-0.0481936	
372	53196	0.257522	-0.0268125	-0.00847642	-0.0481936	
373	53940	0.252457	-0.0268125	0.00359196	-0.0481936	
374	54684	0.259889	-0.0268125	-0.00614166	-0.0481936	
375	55428	0.187906	-0.0268125	-0.0153492	-0.0481936	
376	56172	0.240652	-0.0268125	-0.00377403	-0.0481936	
377	56916	0.255351	-0.0268125	-0.00166946	-0.0481936	
378	57660	0.248248	-0.0268125	-0.00522092	-0.0481936	
379	58404	0.274851	-0.0268125	-0.00170234	-0.0481936	
380	59148	0.256502	-0.0268125	-0.00643762	-0.0481936	
381	59892	0.273306	-0.0268125	-0.00633897	-0.0481936	
382	60636	0.269393	-0.0268125	-0.00212983	-0.0481936	
383	61380	0.246604	-0.0268125	-0.00795028	-0.0481936	
384	62124	0.282776	-0.0268125	-0.00564841	-0.0481936	
385	62868	0.271662	-0.0268125	-0.00531957	-0.0481936	
386	63612	0.251767	-0.0268125	-0.00397133	-0.0481936	
387	64356	0.271662	-0.0268125	0.00461136	-0.0481936	
388	65100	0.24473	-0.0268125	-0.00413575	-0.0481936	
389	65844	0.288531	-0.0268125	-0.0019983	-0.0481936	
390	66588	0.239501	-0.0268125	-0.00489208	-0.0481936	
391	67332	0.242822	-0.0268125	-0.010285	-0.0481936	
392	68076	0.273898	-0.0268125	-0.00827912	-0.0481936	
393	68820	0.254825	-0.0268125	-0.00906833	-0.0481936	
394	69564	0.264361	-0.0268125	-0.00847642	-0.0481936	
395	70308	0.254299	-0.0268125	-0.00568129	-0.0481936	
396	71052	0.25933	-0.0268125	-0.00906833	-0.0481936	
397	71796	0.237397	-0.0268125	-0.00291904	-0.0481936	
398	72540	0.215364	-0.0268125	-0.0139023	-0.0481936	
399	73284	0.237758	-0.0268125	-0.0042344	-0.0481936	
400	74028	0.249925	-0.0268125	-0.00673357	-0.0481936	
401	74772	0.243743	-0.0268125	-0.0175195	-0.0481936	
402	75516	0.245585	-0.0268125	-0.0116333	-0.0481936	
403	76260	0.256831	-0.0268125	-0.0208408	-0.0481936	
404	77004	0.241376	-0.0268125	-0.0107454	-0.0481936	
405	77748	0.241704	-0.0268125	-0.00400421	-0.0481936	
406	78492	0.216384	-0.0268125	0.00201354	-0.0481936	
407	79236	0.240619	-0.0268125	-0.00716106	-0.0481936	
408	79980	0.259232	-0.0268125	-0.00795028	-0.0481936	
409	80724	0.21737	-0.0268125	-0.00584571	-0.0481936	
410	81468	0.266795	-0.0268125	-0.010581	-0.0481936	
411	82212	0.268899	-0.0268125	-0.00518803	-0.0481936	
412	82956	0.262257	-0.0268125	-0.00462901	-0.0481936	
413	83700	0.24325	-0.0268125	-0.00515515	-0.0481936	
414	84444	0.232793	-0.0268125	-0.0113373	-0.0481936	
415	85188	0.284059	-0.0268125	-0.00959447	-0.0481936	
416	85932	0.272023	-0.0268125	7.62044E-6	-0.0481936	
417	86676	0.282382	-0.0268125	0.00076395	-0.0481936	
418	87420	0.282579	-0.0268125	-0.00788451	-0.0481936	
419	88164	0.24302	-0.0268125	-0.00209695	-0.0481936	
420	88908	0.279554	-0.0268125	-0.00482631	-0.0481936	
421	89652	0.268472	-0.0268125	0.00300005	-0.0481936	
422	90396	0.23595	-0.0268125	-0.00739125	-0.0481936	
423	91140	0.274884	-0.0268125	-0.00502361	-0.0481936	
424	91884	0.276627	-0.0268125	-0.000880244	-0.0481936	
425	92628	0.24861	-0.0268125	0.000796834	-0.0481936	
426	93372	0.275114	-0.0268125	-0.003215	-0.0481936	
427	94116	0.267781	-0.0268125	-0.0074899	-0.0481936	
428	94860	0.262191	-0.0268125	-0.00255732	-0.0481936	
429	95604	0.265019	-0.0268125	-0.00610878	-0.0481936	
430	96348	0.244927	-0.0268125	-0.00847642	-0.0481936	
431	97092	0.265447	-0.0268125	0.000139156	-0.0481936	
432	97836	0.23345	-0.0268125	-0.00919987	-0.0481936	
433	98580	0.26104	-0.0268125	0.00428252	-0.0481936	
434	99324	0.236246	-0.0268125	0.000895485	-0.0481936	
435	100068	0.253641	-0.0268125	-0.00601013	-0.0481936	
436	100812	0.25397	-0.0268125	-0.00515515	-0.0481936	
437	101556	0.237725	-0.0268125	-0.00374114	-0.0481936	
438	102300	0.24884	-0.0268125	0.000402227	-0.0481936	
439	103044	0.269721	-0.0268125	0.00332889	-0.0481936	
440	103788	0.26469	-0.0268125	-0.00216272	-0.0481936	
441	104532	0.281264	-0.0268125	-0.00966024	-0.0481936	
442	105276	0.265644	-0.0268125	-0.00739125	-0.0481936	
443	106020	0.258541	-0.0268125	-0.000518522	-0.0481936	
444	106764	0.272319	-0.0268125	-0.00508938	-0.0481936	
445	107508	0.276857	-0.0268125	-0.0044317	-0.0481936	
446	108252	0.279061	-0.0268125	-0.00716106	-0.0481936	
447	108996	0.28544	-0.0268125	-0.00650339	-0.0481936	
448	109740	0.268044	-0.0268125	-0.00785163	-0.0481936	
449	110484	0.286196	-0.0268125	-0.0054511	-0.0481936	
450	111228	0.274654	-0.0268125	-0.00485919	-0.0481936	
451	111414	0.25956	-0.0268125	-0.00124197	-0.0481936	
452	110670	0.252852	-0.0268125	-0.00295193	-0.0481936	
453	109926	0.266302	-0.0268125	-0.00229425	-0.0481936	
454	109182	0.25956	-0.0268125	-0.00663492	-0.0481936	
455	108438	0.286657	-0.0268125	-0.00610878	-0.0481936	
456	107694	0.29274	-0.0268125	-0.00459612	-0.0481936	
457	106950	0.253937	-0.0268125	-0.00479343	-0.0481936	
458	106206	0.276528	-0.0268125	-0.00637185	-0.0481936	
459	105462	0.261764	-0.0268125	0.00257256	-0.0481936	
460	104718	0.251701	-0.0268125	-0.00633897	-0.0481936	
461	103974	0.266663	-0.0268125	-0.00601013	-0.0481936	
462	103230	0.262783	-0.0268125	-0.0115675	-0.0481936	
463	102486	0.272352	-0.0268125	-0.0091341	-0.0481936	
464	101742	0.288531	-0.0268125	-0.00150504	-0.0481936	
465	100998	0.276759	-0.0268125	-0.00416863	-0.0481936	
466	100254	0.256667	-0.0268125	-0.0050565	-0.0481936	
467	99510	0.275641	-0.0268125	0.0027041	-0.0481936	
468	98766	0.272615	-0.0268125	0.00326312	-0.0481936	
469	98022	0.275608	-0.0268125	-0.00291904	-0.0481936	
470	97278	0.270938	-0.0268125	-0.00453035	-0.0481936	
471	96534	0.297936	-0.0268125	-0.00170234	-0.0481936	
472	95790	0.2884	-0.0268125	0.00240814	-0.0481936	
473	95046	0.291787	-0.0268125	0.00316447	-0.0481936	
474	94302	0.289222	-0.0268125	0.00138874	-0.0481936	
475	93558	0.286558	-0.0268125	0.00227661	-0.0481936	
476	92814	0.265677	-0.0268125	-0.00795028	-0.0481936	
477	92070	0.300567	-0.0268125	0.00428252	-0.0481936	
478	91326	0.282941	-0.0268125	0.00464425	-0.0481936	
479	90582	0.274819	-0.0268125	0.0010599	-0.0481936	
480	89838	0.263375	-0.0268125	-0.00245867	-0.0481936	
481	89094	0.283401	-0.0268125	-0.000913128	-0.0481936	
482	88350	0.281198	-0.0268125	-0.00531957	-0.0481936	
483	87606	0.273174	-0.0268125	-0.00864084	-0.0481936	
484	86862	0.29547	-0.0268125	0.00530192	-0.0481936	
485	86118	0.288301	-0.0268125	0.00408522	-0.0481936	
486	85374	0.297969	-0.0268125	-0.00479343	-0.0481936	
487	84630	0.291721	-0.0268125	-0.00531957	-0.0481936	
488	83886	0.284684	-0.0268125	0.00145451	-0.0481936	
489	83142	0.291589	-0.0268125	0.000928369	-0.0481936	
490	82398	0.29251	-0.0268125	-0.0042344	-0.0481936	
491	81654	0.286196	-0.0268125	-0.000781593	-0.0481936	
492	80910	0.297508	-0.0268125	0.000961253	-0.0481936	
493	80166	0.263802	-0.0268125	-0.000880244	-0.0481936	
494	79422	0.2835	-0.0268125	0.00263833	-0.0481936	
495	78678	0.266038	-0.0268125	-0.00107755	-0.0481936	
496	77934	0.274194	-0.0268125	0.00201354	-0.0481936	
497	77190	0.274917	-0.0268125	-0.00653627	-0.0481936	
498	76446	0.261829	-0.0268125	0.00129009	-0.0481936	
499	75702	0.254825	-0.0268125	-0.000715825	-0.0481936	
500	74958	0.26229	-0.0268125	-0.00768721	-0.0481936	
501	74214	0.277844	-0.0268125	-0.00502361	-0.0481936	
502	73470	0.27712	-0.0268125	-0.00446459	-0.0481936	
503	72726	0.287808	-0.0268125	0.00513751	-0.0481936	
504	71982	0.275969	-0.0268125	0.0029014	-0.0481936	
505	71238	0.282941	-0.0268125	-0.010581	-0.0481936	
506	70494	0.270741	-0.0268125	0.00148739	-0.0481936	
507	69750	0.289748	-0.0268125	-0.00242579	-0.0481936	
508	69006	0.26492	-0.0268125	-0.00305058	-0.0481936	
509	68262	0.278173	-0.0268125	-0.00502361	-0.0481936	
510	67518	0.280277	-0.0268125	0.00211219	-0.0481936	
511	66774	0.292017	-0.0268125	0.00599249	-0.0481936	
512	66030	0.276364	-0.0268125	-0.000551405	-0.0481936	
513	65286	0.280968	-0.0268125	0.00586095	-0.0481936	
514	64542	0.272352	-0.0268125	0.00112567	-0.0481936	
515	63798	0.292609	-0.0268125	-0.00245867	-0.0481936	
516	63054	0.277614	-0.0268125	-0.0062732	-0.0481936	
517	62310	0.272089	-0.0268125	0.0029014	-0.0481936	
518	61566	0.284717	-0.0268125	0.000566646	-0.0481936	
519	60822	0.285111	-0.0268125	-0.00791739	-0.0481936	
520	60078	0.270116	-0.0268125	-0.00216272	-0.0481936	
521	59334	0.280179	-0.0268125	0.0010599	-0.0481936	
522	58590	0.257028	-0.0268125	-0.00334654	-0.0481936	
523	57846	0.289518	-0.0268125	-0.0021956	-0.0481936	
524	57102	0.272286	-0.0268125	0.00253968	-0.0481936	
525	56358	0.2664	-0.0268125	0.00770245	-0.0481936	
526	55614	0.289912	-0.0268125	0.0067817	-0.0481936	
527	54870	0.294713	-0.0268125	-0.00324788	-0.0481936	
528	54126	0.265381	-0.0268125	0.00641998	-0.0481936	
529	53382	0.281658	-0.0268125	0.00194777	-0.0481936	
530	52638	0.27107	-0.0268125	-0.0138036	-0.0481936	
531	51894	0.283566	-0.0268125	0.00276987	-0.0481936	
532	51150	0.266433	-0.0268125	-0.000255451	-0.0481936	
533	50406	0.291359	-0.0268125	-0.00268886	-0.0481936	
534	49662	0.278863	-0.0268125	0.00750514	-0.0481936	
535	48918	0.246966	-0.0268125	-0.00755567	-0.0481936	
536	48174	0.280507	-0.0268125	-0.00337942	-0.0481936	
537	47430	0.246012	-0.0268125	-0.00617455	-0.0481936	
538	46686	0.269162	-0.0268125	-0.00406998	-0.0481936	
539	45942	0.283664	-0.0268125	0.00438118	-0.0481936	
540	45198	0.273931	-0.0268125	-0.00311635	-0.0481936	
541	44454	0.242329	-0.0268125	-0.00791739	-0.0481936	
542	43710	0.280442	-0.0268125	-0.00834488	-0.0481936	
543	42966	0.258508	-0.0268125	-0.00374114	-0.0481936	
544	42222	0.253806	-0.0268125	-0.00203118	-0.0481936	
545	41478	0.251833	-0.0268125	-0.00127485	-0.0481936	
546	40734	0.231412	-0.0268125	-0.00956159	-0.0481936	
547	39990	0.28419	-0.0268125	-0.00249155	-0.0481936	
548	39246	0.262092	-0.0268125	-0.00436594	-0.0481936	
549	38502	0.276923	-0.0268125	-0.00242579	-0.0481936	
550	37758	0.267584	-0.0268125	-0.000222567	-0.0481936	
551	37014	0.273043	-0.0268125	-0.0114689	-0.0481936	
552	36270	0.22444	-0.0268125	-0.00554975	-0.0481936	
553	35526	0.26811	-0.0268125	-0.000682941	-0.0481936	
554	34782	0.254957	-0.0268125	-0.0101864	-0.0481936	
555	34038	0.261533	-0.0268125	-0.00232713	-0.0481936	
556	33294	0.263934	-0.0268125	-0.00351095	-0.0481936	
557	32550	0.264986	-0.0268125	-0.00331365	-0.0481936	
558	31806	0.306552	-0.0268125	-0.00725972	-0.0481936	
559	31062	0.262915	-0.0268125	-0.00939717	-0.0481936	
560	30318	0.266729	-0.0268125	-0.00186676	-0.0481936	
561	29574	0.265973	-0.0268125	-0.00370826	-0.0481936	
562	28830	0.271892	-0.0268125	0.00273698	-0.0481936	
563	28086	0.292181	-0.0268125	-0.00433305	-0.0481936	
564	27342	0.268012	-0.0268125	0.000106272	-0.0481936	
565	26598	0.296226	-0.0268125	-0.00311635	-0.0481936	
566	25854	0.24325	-0.0268125	-0.00489208	-0.0481936	
567	25110	0.245519	-0.0268125	-0.00916698	-0.0481936	
568	24366	0.264855	-0.0268125	-0.00489208	-0.0481936	
569	23622	0.270149	-0.0268125	-0.00824623	-0.0481936	
570	22878	0.235752	-0.0268125	0.00941241	-0.0481936	
571	22134	0.235029	-0.0268125	-0.00515515	-0.0481936	
572	21390	0.283993	-0.0268125	-0.00512226	-0.0481936	
573	20646	0.251438	-0.0268125	-0.00252444	-0.0481936	
574	19902	0.253871	-0.0268125	-0.00732548	-0.0481936	
575	19158	0.228058	-0.0268125	0.00122432	-0.0481936	
576	18414	0.264986	-0.0268125	-0.00742414	-0.0481936	
577	17670	0.245881	-0.0268125	-5.81473E-5	-0.0481936	
578	16926	0.242921	-0.0268125	-0.00406998	-0.0481936	
579	16182	0.272385	-0.0268125	-0.000880244	-0.0481936	
580	15438	0.256042	-0.0268125	-0.000551405	-0.0481936	
581	14694	0.255844	-0.0268125	-0.00512226	-0.0481936	
582	13950	0.214246	-0.0268125	-0.0019983	-0.0481936	
583	13206	0.231872	-0.0268125	0.000928369	-0.0481936	
584	12462	0.247295	-0.0268125	-0.00150504	-0.0481936	
585	11718	0.272451	-0.0268125	-0.00683223	-0.0481936	
586	10974	0.260284	-0.0268125	-0.0131459	-0.0481936	
587	10230	0.246505	-0.0268125	-0.00111043	-0.0481936	
588	9486	0.248577	-0.0268125	-0.00702953	-0.0481936	
589	8742	0.261961	-0.0268125	-0.00979178	-0.0481936	
590	7998	0.240981	-0.0268125	-0.00827912	-0.0481936	
591	7254	0.257817	-0.0268125	-0.00910121	-0.0481936	
592	6510	0.264986	-0.0268125	-0.00841065	-0.0481936	
593	5766	0.274654	-0.0268125	-0.00462901	-0.0481936	
594	5022	0.265644	-0.0268125	-0.00630608	-0.0481936	
595	4278	0.275871	-0.0268125	0.00132298	-0.0481936	
596	3534	0.259396	-0.0268125	-0.00337942	-0.0481936	
597	2790	0.260185	-0.0268125	0.000928369	-0.0481936	
598	2046	0.278633	-0.0268125	-0.0133104	-0.0481936	
599	1302	0.279225	-0.0268125	-0.00206406	-0.0481936	
600	558	0.304644	-0.0246356	-0.00041987	-0.0481245	
