# 2016-09-28-Wednesday
# DL-Pro & DL-100 Locked delay scan.
# DL-Pro @ 365824.8 GHz & DL-100 @ 365808.9 GHz
# B2 = T2 + 2.050 us
# HP 214B FIP at 5.5 on 100V setting ; Applied to Top ; Mesh & Vin of MCP @ +25V ; Vout of MCP @ +2025 V
# Oven @ 32 A
# MW On ; f = 15931.6 MHz; Attn = 44 dB (38+6)
# Static -3000 mV Pulsed
# Gate = 200 ns ; Amp = 25x ; Sensitivity = 5 mV
# +/- 30 mV IR/Oven offset.
# Top: 0 V ; Bot: -0.440 V ; IR: +0.050 V ; Oven: -0.050 V ; Vis: -0.010 V ; MW: +0.010 V
# i, step, norm, norm bkgnd, signal, signal bkgnd
# 4 passes
0	0	0.307966	-0.0227151	0.00704477	-0.0461778	
1	744	0.310136	-0.0227151	0.00859031	-0.0461778	
2	1488	0.304447	-0.0227151	0.00783398	-0.0461778	
3	2232	0.276233	-0.0227151	0.00382215	-0.0461778	
4	2976	0.285374	-0.0227151	0.00398657	-0.0461778	
5	3720	0.299745	-0.0227151	0.00158605	-0.0461778	
6	4464	0.304907	-0.0227151	0.00622267	-0.0461778	
7	5208	0.291655	-0.0227151	0.014049	-0.0461778	
8	5952	0.278666	-0.0227151	-0.00630608	-0.0461778	
9	6696	0.315628	-0.0227151	0.00970836	-0.0461778	
10	7440	0.309873	-0.0227151	0.00125721	-0.0461778	
11	8184	0.30767	-0.0227151	0.000139156	-0.0461778	
12	8928	0.299646	-0.0227151	0.00293429	-0.0461778	
13	9672	0.301323	-0.0227151	0.0131612	-0.0461778	
14	10416	0.306387	-0.0227151	0.00615691	-0.0461778	
15	11160	0.30471	-0.0227151	-0.00387268	-0.0461778	
16	11904	0.305072	-0.0227151	0.00536769	-0.0461778	
17	12648	0.297936	-0.0227151	0.00349331	-0.0461778	
18	13392	0.284092	-0.0227151	-0.00157081	-0.0461778	
19	14136	0.293464	-0.0227151	0.00326312	-0.0461778	
20	14880	0.294121	-0.0227151	0.0121418	-0.0461778	
21	15624	0.297903	-0.0227151	-0.000123915	-0.0461778	
22	16368	0.307111	-0.0227151	0.0171401	-0.0461778	
23	17112	0.307735	-0.0227151	0.00346043	-0.0461778	
24	17856	0.307768	-0.0227151	0.0102016	-0.0461778	
25	18600	0.298199	-0.0227151	0.00428252	-0.0461778	
26	19344	0.300797	-0.0227151	0.00638709	-0.0461778	
27	20088	0.294089	-0.0227151	0.00816282	-0.0461778	
28	20832	0.297081	-0.0227151	0.00418387	-0.0461778	
29	21576	0.295601	-0.0227151	0.00793264	-0.0461778	
30	22320	0.298922	-0.0227151	0.00421676	-0.0461778	
31	23064	0.31349	-0.0227151	0.00895204	-0.0461778	
32	23808	0.313293	-0.0227151	0.00457848	-0.0461778	
33	24552	0.298725	-0.0227151	0.0047429	-0.0461778	
34	25296	0.280869	-0.0227151	0.00753803	-0.0461778	
35	26040	0.284289	-0.0227151	0.00283563	-0.0461778	
36	26784	0.302967	-0.0227151	0.010662	-0.0461778	
37	27528	0.292839	-0.0227151	0.0020793	-0.0461778	
38	28272	0.312109	-0.0227151	0.00300005	-0.0461778	
39	29016	0.282776	-0.0227151	-0.00130773	-0.0461778	
40	29760	0.290866	-0.0227151	0.00217796	-0.0461778	
41	30504	0.297278	-0.0227151	0.00221084	-0.0461778	
42	31248	0.281034	-0.0227151	0.0111224	-0.0461778	
43	31992	0.318061	-0.0227151	0.010662	-0.0461778	
44	32736	0.282152	-0.0227151	0.00520327	-0.0461778	
45	33480	0.28373	-0.0227151	0.00891915	-0.0461778	
46	34224	0.285045	-0.0227151	0.00674882	-0.0461778	
47	34968	0.290866	-0.0227151	0.0107606	-0.0461778	
48	35712	0.291589	-0.0227151	0.00572942	-0.0461778	
49	36456	0.284355	-0.0227151	0.00974125	-0.0461778	
50	37200	0.272221	-0.0227151	-0.00367537	-0.0461778	
51	37944	0.278041	-0.0227151	0.00346043	-0.0461778	
52	38688	0.256502	-0.0227151	0.00135586	-0.0461778	
53	39432	0.289287	-0.0227151	0.00385503	-0.0461778	
54	40176	0.279652	-0.0227151	0.00911645	-0.0461778	
55	40920	0.289583	-0.0227151	0.00244103	-0.0461778	
56	41664	0.269393	-0.0227151	0.00622267	-0.0461778	
57	42408	0.305861	-0.0227151	0.00842589	-0.0461778	
58	43152	0.272813	-0.0227151	0.00707765	-0.0461778	
59	43896	0.284618	-0.0227151	0.00276987	-0.0461778	
60	44640	0.283368	-0.0227151	0.00490732	-0.0461778	
61	45384	0.291425	-0.0227151	0.0047429	-0.0461778	
62	46128	0.306321	-0.0227151	0.00763668	-0.0461778	
63	46872	0.26423	-0.0227151	0.0078011	-0.0461778	
64	47616	0.278995	-0.0227151	0.006979	-0.0461778	
65	48360	0.283007	-0.0227151	0.00569653	-0.0461778	
66	49104	0.280573	-0.0227151	0.00411811	-0.0461778	
67	49848	0.284421	-0.0227151	0.00536769	-0.0461778	
68	50592	0.269524	-0.0227151	0.00365773	-0.0461778	
69	51336	0.274917	-0.0227151	0.00461136	-0.0461778	
70	52080	0.309117	-0.0227151	0.00145451	-0.0461778	
71	52824	0.295766	-0.0227151	0.00750514	-0.0461778	
72	53568	0.270774	-0.0227151	0.00323024	-0.0461778	
73	54312	0.288959	-0.0227151	-0.00176811	-0.0461778	
74	55056	0.292247	-0.0227151	0.00500597	-0.0461778	
75	55800	0.27449	-0.0227151	0.00138874	-0.0461778	
76	56544	0.288432	-0.0227151	-0.000123915	-0.0461778	
77	57288	0.271037	-0.0227151	0.010366	-0.0461778	
78	58032	0.294845	-0.0227151	0.00211219	-0.0461778	
79	58776	0.270511	-0.0227151	0.00632133	-0.0461778	
80	59520	0.287051	-0.0227151	0.0111881	-0.0461778	
81	60264	0.299942	-0.0227151	0.00276987	-0.0461778	
82	61008	0.283303	-0.0227151	0.000336459	-0.0461778	
83	61752	0.278008	-0.0227151	0.0105962	-0.0461778	
84	62496	0.266992	-0.0227151	0.00572942	-0.0461778	
85	63240	0.288301	-0.0227151	0.00388792	-0.0461778	
86	63984	0.295239	-0.0227151	0.0122075	-0.0461778	
87	64728	0.268538	-0.0227151	0.00119144	-0.0461778	
88	65472	0.288597	-0.0227151	0.0123062	-0.0461778	
89	66216	0.25374	-0.0227151	0.00757091	-0.0461778	
90	66960	0.288959	-0.0227151	0.00875473	-0.0461778	
91	67704	0.281231	-0.0227151	0.0103003	-0.0461778	
92	68448	0.293825	-0.0227151	0.00253968	-0.0461778	
93	69192	0.29057	-0.0227151	0.000500879	-0.0461778	
94	69936	0.291491	-0.0227151	0.00451271	-0.0461778	
95	70680	0.257587	-0.0227151	-0.00318212	-0.0461778	
96	71424	0.286821	-0.0227151	0.00875473	-0.0461778	
97	72168	0.256206	-0.0227151	0.0049402	-0.0461778	
98	72912	0.287282	-0.0227151	0.00306582	-0.0461778	
99	73656	0.262915	-0.0227151	0.00253968	-0.0461778	
100	74400	0.294319	-0.0227151	0.00326312	-0.0461778	
101	75144	0.305532	-0.0227151	0.00359196	-0.0461778	
102	75888	0.285078	-0.0227151	0.00171758	-0.0461778	
103	76632	0.235851	-0.0227151	0.00306582	-0.0461778	
104	77376	0.235522	-0.0227151	0.00175047	-0.0461778	
105	78120	0.261336	-0.0227151	0.00378927	-0.0461778	
106	78864	0.251011	-0.0227151	0.001882	-0.0461778	
107	79608	0.259955	-0.0227151	0.00507174	-0.0461778	
108	80352	0.265545	-0.0227151	0.00355908	-0.0461778	
109	81096	0.268275	-0.0227151	-0.00236002	-0.0461778	
110	81840	0.299679	-0.0227151	0.00793264	-0.0461778	
111	82584	0.249531	-0.0227151	0.00520327	-0.0461778	
112	83328	0.260876	-0.0227151	0.00119144	-0.0461778	
113	84072	0.28396	-0.0227151	0.000204924	-0.0461778	
114	84816	0.30129	-0.0227151	-0.00485919	-0.0461778	
115	85560	0.271958	-0.0227151	0.0107606	-0.0461778	
116	86304	0.269689	-0.0227151	0.00434829	-0.0461778	
117	87048	0.296719	-0.0227151	0.00247391	-0.0461778	
118	87792	0.261106	-0.0227151	0.00763668	-0.0461778	
119	88536	0.249169	-0.0227151	0.00523616	-0.0461778	
120	89280	0.298396	-0.0227151	0.00224372	-0.0461778	
121	90024	0.28419	-0.0227151	0.00632133	-0.0461778	
122	90768	0.290241	-0.0227151	0.00694612	-0.0461778	
123	91512	0.283401	-0.0227151	0.00142163	-0.0461778	
124	92256	0.284749	-0.0227151	-0.0011762	-0.0461778	
125	93000	0.281527	-0.0227151	-0.00127485	-0.0461778	
126	93744	0.283171	-0.0227151	-0.000255451	-0.0461778	
127	94488	0.281823	-0.0227151	0.00520327	-0.0461778	
128	95232	0.296653	-0.0227151	0.000632414	-0.0461778	
129	95976	0.272747	-0.0227151	0.00523616	-0.0461778	
130	96720	0.286788	-0.0227151	0.00263833	-0.0461778	
131	97464	0.265118	-0.0227151	0.00369061	-0.0461778	
132	98208	0.295831	-0.0227151	-0.00111043	-0.0461778	
133	98952	0.28715	-0.0227151	0.00401945	-0.0461778	
134	99696	0.259297	-0.0227151	-0.00143927	-0.0461778	
135	100440	0.281921	-0.0227151	0.00346043	-0.0461778	
136	101184	0.242494	-0.0227151	0.00286852	-0.0461778	
137	101928	0.282908	-0.0227151	0.00303294	-0.0461778	
138	102672	0.249794	-0.0227151	-0.00508938	-0.0461778	
139	103416	0.261402	-0.0227151	0.000829717	-0.0461778	
140	104160	0.275706	-0.0227151	0.000698182	-0.0461778	
141	104904	0.27107	-0.0227151	0.00632133	-0.0461778	
142	105648	0.254825	-0.0227151	0.00599249	-0.0461778	
143	106392	0.255483	-0.0227151	0.000895485	-0.0461778	
144	107136	0.272188	-0.0227151	-0.00604301	-0.0461778	
145	107880	0.222303	-0.0227151	-0.00328077	-0.0461778	
146	108624	0.267716	-0.0227151	0.000237808	-0.0461778	
147	109368	0.270741	-0.0227151	0.00750514	-0.0461778	
148	110112	0.248215	-0.0227151	0.006979	-0.0461778	
149	110856	0.243349	-0.0227151	0.00336178	-0.0461778	
150	111600	0.239271	-0.0227151	-0.00489208	-0.0461778	
151	111042	0.252753	-0.0227151	-0.00673357	-0.0461778	
152	110298	0.267453	-0.0227151	-0.00180099	-0.0461778	
153	109554	0.260021	-0.0227151	0.00526904	-0.0461778	
154	108810	0.265611	-0.0227151	0.00957683	-0.0461778	
155	108066	0.272254	-0.0227151	0.00431541	-0.0461778	
156	107322	0.264624	-0.0227151	0.00260545	-0.0461778	
157	106578	0.263408	-0.0227151	-0.00324788	-0.0461778	
158	105834	0.276068	-0.0227151	0.00260545	-0.0461778	
159	105090	0.265151	-0.0227151	-0.00255732	-0.0461778	
160	104346	0.256995	-0.0227151	0.00740649	-0.0461778	
161	103602	0.27791	-0.0227151	-0.000584289	-0.0461778	
162	102858	0.272286	-0.0227151	0.00579518	-0.0461778	
163	102114	0.264657	-0.0227151	0.00924799	-0.0461778	
164	101370	0.254694	-0.0227151	0.0059596	-0.0461778	
165	100626	0.267321	-0.0227151	0.0115827	-0.0461778	
166	99882	0.259396	-0.0227151	0.00421676	-0.0461778	
167	99138	0.263309	-0.0227151	-0.00374114	-0.0461778	
168	98394	0.263375	-0.0227151	0.00135586	-0.0461778	
169	97650	0.248807	-0.0227151	0.00017204	-0.0461778	
170	96906	0.273076	-0.0227151	0.00747226	-0.0461778	
171	96162	0.277679	-0.0227151	0.00740649	-0.0461778	
172	95418	0.28863	-0.0227151	0.00717631	-0.0461778	
173	94674	0.256108	-0.0227151	0.000139156	-0.0461778	
174	93930	0.276792	-0.0227151	0.0065844	-0.0461778	
175	93186	0.239863	-0.0227151	0.00563076	-0.0461778	
176	92442	0.276627	-0.0227151	0.00819571	-0.0461778	
177	91698	0.275345	-0.0227151	0.006979	-0.0461778	
178	90954	0.274292	-0.0227151	0.00908357	-0.0461778	
179	90210	0.292872	-0.0227151	0.00247391	-0.0461778	
180	89466	0.259001	-0.0227151	-0.00176811	-0.0461778	
181	88722	0.258574	-0.0227151	0.00221084	-0.0461778	
182	87978	0.266499	-0.0227151	-0.00558264	-0.0461778	
183	87234	0.283533	-0.0227151	0.00530192	-0.0461778	
184	86490	0.264361	-0.0227151	0.00221084	-0.0461778	
185	85746	0.260843	-0.0227151	0.00267121	-0.0461778	
186	85002	0.262323	-0.0227151	0.00865608	-0.0461778	
187	84258	0.254365	-0.0227151	0.00674882	-0.0461778	
188	83514	0.270675	-0.0227151	0.00839301	-0.0461778	
189	82770	0.261106	-0.0227151	0.00566365	-0.0461778	
190	82026	0.259462	-0.0227151	0.000665298	-0.0461778	
191	81282	0.279751	-0.0227151	0.000139156	-0.0461778	
192	80538	0.289189	-0.0227151	0.00227661	-0.0461778	
193	79794	0.289912	-0.0227151	0.00490732	-0.0461778	
194	79050	0.289649	-0.0227151	0.00931376	-0.0461778	
195	78306	0.287972	-0.0227151	0.00395369	-0.0461778	
196	77562	0.255614	-0.0227151	-0.00183388	-0.0461778	
197	76818	0.273964	-0.0227151	0.00829436	-0.0461778	
198	76074	0.269557	-0.0227151	0.00602537	-0.0461778	
199	75330	0.280672	-0.0227151	0.0123062	-0.0461778	
200	74586	0.288104	-0.0227151	0.00517039	-0.0461778	
201	73842	0.273799	-0.0227151	0.0067817	-0.0461778	
202	73098	0.275871	-0.0227151	0.0101359	-0.0461778	
203	72354	0.279093	-0.0227151	0.010103	-0.0461778	
204	71610	0.28669	-0.0227151	0.0100372	-0.0461778	
205	70866	0.296062	-0.0227151	0.00112567	-0.0461778	
206	70122	0.272681	-0.0227151	0.0182253	-0.0461778	
207	69378	0.292477	-0.0227151	0.0145752	-0.0461778	
208	68634	0.282185	-0.0227151	0.0108922	-0.0461778	
209	67890	0.301126	-0.0227151	0.005565	-0.0461778	
210	67146	0.291721	-0.0227151	0.00770245	-0.0461778	
211	66402	0.298692	-0.0227151	0.0152329	-0.0461778	
212	65658	0.282217	-0.0227151	0.0100372	-0.0461778	
213	64914	0.273865	-0.0227151	0.00895204	-0.0461778	
214	64170	0.282941	-0.0227151	0.00569653	-0.0461778	
215	63426	0.281954	-0.0227151	-0.00186676	-0.0461778	
216	62682	0.288071	-0.0227151	-0.00406998	-0.0461778	
217	61938	0.280639	-0.0227151	0.0143121	-0.0461778	
218	61194	0.271793	-0.0227151	0.0065844	-0.0461778	
219	60450	0.284519	-0.0227151	0.00921511	-0.0461778	
220	59706	0.274259	-0.0227151	0.00520327	-0.0461778	
221	58962	0.283105	-0.0227151	-0.00160369	-0.0461778	
222	58218	0.260021	-0.0227151	0.00829436	-0.0461778	
223	57474	0.265808	-0.0227151	0.00227661	-0.0461778	
224	56730	0.280606	-0.0227151	0.00924799	-0.0461778	
225	55986	0.288597	-0.0227151	0.00500597	-0.0461778	
226	55242	0.268834	-0.0227151	0.000270691	-0.0461778	
227	54498	0.242526	-0.0227151	0.00694612	-0.0461778	
228	53754	0.265052	-0.0227151	0.00464425	-0.0461778	
229	53010	0.250024	-0.0227151	0.00688035	-0.0461778	
230	52266	0.26936	-0.0227151	0.00181623	-0.0461778	
231	51522	0.25887	-0.0227151	-0.000386986	-0.0461778	
232	50778	0.268735	-0.0227151	0.0010599	-0.0461778	
233	50034	0.271103	-0.0227151	-0.000650057	-0.0461778	
234	49290	0.23516	-0.0227151	-0.00814758	-0.0461778	
235	48546	0.247854	-0.0227151	-0.00469477	-0.0461778	
236	47802	0.215101	-0.0227151	0.0016847	-0.0461778	
237	47058	0.237528	-0.0227151	0.00543346	-0.0461778	
238	46314	0.256502	-0.0227151	-0.00489208	-0.0461778	
239	45570	0.294089	-0.0227151	0.00549923	-0.0461778	
240	44826	0.287972	-0.0227151	0.00625556	-0.0461778	
241	44082	0.27837	-0.0227151	0.00464425	-0.0461778	
242	43338	0.256601	-0.0227151	0.00628844	-0.0461778	
243	42594	0.271925	-0.0227151	-0.00157081	-0.0461778	
244	41850	0.256338	-0.0227151	0.0110895	-0.0461778	
245	41106	0.260284	-0.0227151	0.00665016	-0.0461778	
246	40362	0.289912	-0.0227151	0.00480867	-0.0461778	
247	39618	0.275641	-0.0227151	0.00819571	-0.0461778	
248	38874	0.271037	-0.0227151	0.00517039	-0.0461778	
249	38130	0.28396	-0.0227151	0.00513751	-0.0461778	
250	37386	0.253608	-0.0227151	0.00464425	-0.0461778	
251	36642	0.266236	-0.0227151	-0.00298481	-0.0461778	
252	35898	0.239797	-0.0227151	-0.00101178	-0.0461778	
253	35154	0.269524	-0.0227151	-0.0021956	-0.0461778	
254	34410	0.242132	-0.0227151	0.00129009	-0.0461778	
255	33666	0.261994	-0.0227151	-0.00245867	-0.0461778	
256	32922	0.174786	-0.0227151	0.000961253	-0.0461778	
257	32178	0.221974	-0.0227151	-0.00512226	-0.0461778	
258	31434	0.172582	-0.0227151	0.00122432	-0.0461778	
259	30690	0.198199	-0.0227151	0.000961253	-0.0461778	
260	29946	0.252129	-0.0227151	-0.00370826	-0.0461778	
261	29202	0.224999	-0.0227151	-0.00679934	-0.0461778	
262	28458	0.22615	-0.0227151	-0.00518803	-0.0461778	
263	27714	0.263802	-0.0227151	0.00424964	-0.0461778	
264	26970	0.229143	-0.0227151	-0.00344519	-0.0461778	
265	26226	0.269689	-0.0227151	-0.000781593	-0.0461778	
266	25482	0.212273	-0.0227151	0.00234238	-0.0461778	
267	24738	0.241902	-0.0227151	-0.00584571	-0.0461778	
268	23994	0.233779	-0.0227151	-0.00926563	-0.0461778	
269	23250	0.237265	-0.0227151	-0.0101864	-0.0461778	
270	22506	0.236936	-0.0227151	-0.00305058	-0.0461778	
271	21762	0.235062	-0.0227151	-0.0122581	-0.0461778	
272	21018	0.215035	-0.0227151	-0.00515515	-0.0461778	
273	20274	0.176232	-0.0227151	-0.000814477	-0.0461778	
274	19530	0.261073	-0.0227151	-0.010285	-0.0461778	
275	18786	0.253871	-0.0227151	-0.00814758	-0.0461778	
276	18042	0.253148	-0.0227151	-0.000452754	-0.0461778	
277	17298	0.223026	-0.0227151	0.000731066	-0.0461778	
278	16554	0.204348	-0.0227151	-0.00643762	-0.0461778	
279	15810	0.239698	-0.0227151	0.00359196	-0.0461778	
280	15066	0.237166	-0.0227151	-0.00295193	-0.0461778	
281	14322	0.235785	-0.0227151	-0.000584289	-0.0461778	
282	13578	0.247558	-0.0227151	0.000533762	-0.0461778	
283	12834	0.237232	-0.0227151	0.000237808	-0.0461778	
284	12090	0.246242	-0.0227151	-0.00328077	-0.0461778	
285	11346	0.263704	-0.0227151	0.00625556	-0.0461778	
286	10602	0.241408	-0.0227151	0.00714342	-0.0461778	
287	9858	0.264098	-0.0227151	0.00191489	-0.0461778	
288	9114	0.239896	-0.0227151	-0.00768721	-0.0461778	
289	8370	0.22033	-0.0227151	0.00415099	-0.0461778	
290	7626	0.244138	-0.0227151	-0.00226137	-0.0461778	
291	6882	0.236114	-0.0227151	-0.00512226	-0.0461778	
292	6138	0.24029	-0.0227151	0.0045456	-0.0461778	
293	5394	0.235983	-0.0227151	0.00503885	-0.0461778	
294	4650	0.272582	-0.0227151	0.00599249	-0.0461778	
295	3906	0.254102	-0.0227151	0.00115856	-0.0461778	
296	3162	0.211024	-0.0227151	0.0067817	-0.0461778	
297	2418	0.255318	-0.0227151	0.00395369	-0.0461778	
298	1674	0.225657	-0.0227151	-0.00334654	-0.0461778	
299	930	0.250451	-0.0227151	0.00806417	-0.0461778	
300	186	0.253575	-0.0227151	0.00931376	-0.0461778	
301	372	0.247459	-0.0227151	0.00914934	-0.0461778	
302	1116	0.271464	-0.0227151	-0.00400421	-0.0461778	
303	1860	0.240389	-0.0227151	0.00280275	-0.0461778	
304	2604	0.250419	-0.0227151	-0.00824623	-0.0461778	
305	3348	0.246144	-0.0227151	0.000237808	-0.0461778	
306	4092	0.236673	-0.0227151	-0.000781593	-0.0461778	
307	4836	0.243118	-0.0227151	0.00313159	-0.0461778	
308	5580	0.249794	-0.0227151	-0.00143927	-0.0461778	
309	6324	0.270675	-0.0227151	0.00306582	-0.0461778	
310	7068	0.230096	-0.0227151	7.62044E-6	-0.0461778	
311	7812	0.266269	-0.0227151	0.001882	-0.0461778	
312	8556	0.263868	-0.0227151	-0.00041987	-0.0461778	
313	9300	0.261599	-0.0227151	-0.00272174	-0.0461778	
314	10044	0.268965	-0.0227151	-0.00295193	-0.0461778	
315	10788	0.256042	-0.0227151	0.000402227	-0.0461778	
316	11532	0.262355	-0.0227151	-0.00551687	-0.0461778	
317	12276	0.224638	-0.0227151	-0.00841065	-0.0461778	
318	13020	0.279225	-0.0227151	0.00184912	-0.0461778	
319	13764	0.253543	-0.0227151	-0.0064705	-0.0461778	
320	14508	0.277318	-0.0227151	0.00763668	-0.0461778	
321	15252	0.244894	-0.0227151	-0.00252444	-0.0461778	
322	15996	0.246933	-0.0227151	-0.00495785	-0.0461778	
323	16740	0.268472	-0.0227151	-0.000222567	-0.0461778	
324	17484	0.276101	-0.0227151	0.00997144	-0.0461778	
325	18228	0.263868	-0.0227151	-0.00439882	-0.0461778	
326	18972	0.266071	-0.0227151	0.00260545	-0.0461778	
327	19716	0.249958	-0.0227151	-0.00268886	-0.0461778	
328	20460	0.267551	-0.0227151	-0.0021956	-0.0461778	
329	21204	0.251076	-0.0227151	0.00119144	-0.0461778	
330	21948	0.258903	-0.0227151	0.0027041	-0.0461778	
331	22692	0.277318	-0.0227151	0.00148739	-0.0461778	
332	23436	0.280606	-0.0227151	0.000796834	-0.0461778	
333	24180	0.266104	-0.0227151	-0.000222567	-0.0461778	
334	24924	0.276528	-0.0227151	0.00905069	-0.0461778	
335	25668	0.277515	-0.0227151	0.00260545	-0.0461778	
336	26412	0.254496	-0.0227151	0.000336459	-0.0461778	
337	27156	0.251011	-0.0227151	-0.00548399	-0.0461778	
338	27900	0.251537	-0.0227151	-0.00150504	-0.0461778	
339	28644	0.260613	-0.0227151	0.000862601	-0.0461778	
340	29388	0.295272	-0.0227151	0.0037235	-0.0461778	
341	30132	0.274621	-0.0227151	-0.00196541	-0.0461778	
342	30876	0.263572	-0.0227151	0.00158605	-0.0461778	
343	31620	0.267716	-0.0227151	-0.00587859	-0.0461778	
344	32364	0.250156	-0.0227151	-0.00742414	-0.0461778	
345	33108	0.225229	-0.0227151	-2.52634E-5	-0.0461778	
346	33852	0.229932	-0.0227151	-0.00101178	-0.0461778	
347	34596	0.260284	-0.0227151	-0.00354384	-0.0461778	
348	35340	0.256009	-0.0227151	0.00464425	-0.0461778	
349	36084	0.216614	-0.0227151	0.00819571	-0.0461778	
350	36828	0.253148	-0.0227151	-0.000354102	-0.0461778	
351	37572	0.264986	-0.0227151	0.00428252	-0.0461778	
352	38316	0.275114	-0.0227151	0.00378927	-0.0461778	
353	39060	0.24565	-0.0227151	-0.000748709	-0.0461778	
354	39804	0.277088	-0.0227151	0.000500879	-0.0461778	
355	40548	0.255746	-0.0227151	0.00201354	-0.0461778	
356	41292	0.273306	-0.0227151	0.00924799	-0.0461778	
357	42036	0.268538	-0.0227151	0.0039208	-0.0461778	
358	42780	0.270149	-0.0227151	0.0025068	-0.0461778	
359	43524	0.251602	-0.0227151	-0.0081147	-0.0461778	
360	44268	0.269721	-0.0227151	4.05043E-5	-0.0461778	
361	45012	0.239994	-0.0227151	0.00711054	-0.0461778	
362	45756	0.261303	-0.0227151	0.000402227	-0.0461778	
363	46500	0.249761	-0.0227151	0.00129009	-0.0461778	
364	47244	0.274621	-0.0227151	-0.00114332	-0.0461778	
365	47988	0.268439	-0.0227151	-0.00226137	-0.0461778	
366	48732	0.254167	-0.0227151	-0.00410286	-0.0461778	
367	49476	0.255088	-0.0227151	-0.00581283	-0.0461778	
368	50220	0.238482	-0.0227151	-0.0085093	-0.0461778	
369	50964	0.271695	-0.0227151	-0.00101178	-0.0461778	
370	51708	0.255647	-0.0227151	-0.00166946	-0.0461778	
371	52452	0.275937	-0.0227151	0.00467713	-0.0461778	
372	53196	0.279093	-0.0227151	0.000961253	-0.0461778	
373	53940	0.2859	-0.0227151	-0.00772009	-0.0461778	
374	54684	0.264657	-0.0227151	0.000369343	-0.0461778	
375	55428	0.266565	-0.0227151	-0.0019983	-0.0461778	
376	56172	0.259232	-0.0227151	-0.00275463	-0.0461778	
377	56916	0.281987	-0.0227151	-0.00216272	-0.0461778	
378	57660	0.256831	-0.0227151	0.00221084	-0.0461778	
379	58404	0.287939	-0.0227151	-0.00183388	-0.0461778	
380	59148	0.262915	-0.0227151	0.00339466	-0.0461778	
381	59892	0.235128	-0.0227151	-0.00614166	-0.0461778	
382	60636	0.245486	-0.0227151	0.00181623	-0.0461778	
383	61380	0.248182	-0.0227151	0.00928087	-0.0461778	
384	62124	0.247558	-0.0227151	-0.00640474	-0.0461778	
385	62868	0.239666	-0.0227151	-0.00383979	-0.0461778	
386	63612	0.257785	-0.0227151	-0.00163657	-0.0461778	
387	64356	0.248774	-0.0227151	0.00227661	-0.0461778	
388	65100	0.242855	-0.0227151	-0.00699665	-0.0461778	
389	65844	0.261402	-0.0227151	-0.00180099	-0.0461778	
390	66588	0.244039	-0.0227151	-0.0140667	-0.0461778	
391	67332	0.227893	-0.0227151	-0.00775297	-0.0461778	
392	68076	0.24325	-0.0227151	-0.00610878	-0.0461778	
393	68820	0.25591	-0.0227151	-0.00883814	-0.0461778	
394	69564	0.287413	-0.0227151	-0.000946012	-0.0461778	
395	70308	0.253773	-0.0227151	-0.00939717	-0.0461778	
396	71052	0.262849	-0.0227151	0.00533481	-0.0461778	
397	71796	0.260678	-0.0227151	-0.00374114	-0.0461778	
398	72540	0.262092	-0.0227151	-0.00577994	-0.0461778	
399	73284	0.267814	-0.0227151	0.000106272	-0.0461778	
400	74028	0.255154	-0.0227151	0.00421676	-0.0461778	
401	74772	0.270149	-0.0227151	0.00227661	-0.0461778	
402	75516	0.275937	-0.0227151	0.00135586	-0.0461778	
403	76260	0.247525	-0.0227151	0.000731066	-0.0461778	
404	77004	0.274687	-0.0227151	-0.00541822	-0.0461778	
405	77748	0.237923	-0.0227151	0.00155316	-0.0461778	
406	78492	0.25522	-0.0227151	-0.00111043	-0.0461778	
407	79236	0.257127	-0.0227151	-0.00377403	-0.0461778	
408	79980	0.243513	-0.0227151	0.00244103	-0.0461778	
409	80724	0.247032	-0.0227151	-0.00476054	-0.0461778	
410	81468	0.260876	-0.0227151	-0.000518522	-0.0461778	
411	82212	0.244368	-0.0227151	-0.00706241	-0.0461778	
412	82956	0.245387	-0.0227151	-0.0169276	-0.0461778	
413	83700	0.233681	-0.0227151	-0.00180099	-0.0461778	
414	84444	0.219738	-0.0227151	-0.003215	-0.0461778	
415	85188	0.262684	-0.0227151	4.05043E-5	-0.0461778	
416	85932	0.231543	-0.0227151	-0.00495785	-0.0461778	
417	86676	0.264723	-0.0227151	-0.0054511	-0.0461778	
418	87420	0.265841	-0.0227151	0.00711054	-0.0461778	
419	88164	0.239501	-0.0227151	0.00244103	-0.0461778	
420	88908	0.270379	-0.0227151	-0.00775297	-0.0461778	
421	89652	0.259659	-0.0227151	-0.00380691	-0.0461778	
422	90396	0.28304	-0.0227151	-0.00893679	-0.0461778	
423	91140	0.249235	-0.0227151	0.000698182	-0.0461778	
424	91884	0.253937	-0.0227151	-0.00377403	-0.0461778	
425	92628	0.271596	-0.0227151	0.00477578	-0.0461778	
426	93372	0.277811	-0.0227151	-0.00364249	-0.0461778	
427	94116	0.270346	-0.0227151	-0.0030177	-0.0461778	
428	94860	0.275213	-0.0227151	-0.000978896	-0.0461778	
429	95604	0.257916	-0.0227151	0.000731066	-0.0461778	
430	96348	0.273273	-0.0227151	-0.00259021	-0.0461778	
431	97092	0.258311	-0.0227151	-0.00436594	-0.0461778	
432	97836	0.285999	-0.0227151	0.000994137	-0.0461778	
433	98580	0.267748	-0.0227151	0.000204924	-0.0461778	
434	99324	0.281954	-0.0227151	0.00230949	-0.0461778	
435	100068	0.279981	-0.0227151	-0.000354102	-0.0461778	
436	100812	0.280902	-0.0227151	-0.00278751	-0.0461778	
437	101556	0.272911	-0.0227151	0.000106272	-0.0461778	
438	102300	0.282678	-0.0227151	0.00336178	-0.0461778	
439	103044	0.262323	-0.0227151	-0.000222567	-0.0461778	
440	103788	0.279652	-0.0227151	-0.00679934	-0.0461778	
441	104532	0.266302	-0.0227151	-0.00262309	-0.0461778	
442	105276	0.282448	-0.0227151	0.00589383	-0.0461778	
443	106020	0.268603	-0.0227151	0.00684747	-0.0461778	
444	106764	0.280738	-0.0227151	0.00191489	-0.0461778	
445	107508	0.244565	-0.0227151	0.00418387	-0.0461778	
446	108252	0.261731	-0.0227151	0.00388792	-0.0461778	
447	108996	0.273602	-0.0227151	0.00102702	-0.0461778	
448	109740	0.289781	-0.0227151	-0.00245867	-0.0461778	
449	110484	0.267354	-0.0227151	-0.00206406	-0.0461778	
450	111228	0.265973	-0.0227151	-0.00140639	-0.0461778	
451	111414	0.260251	-0.0227151	-0.000222567	-0.0461778	
452	110670	0.282448	-0.0227151	0.0103332	-0.0461778	
453	109926	0.271267	-0.0227151	0.00704477	-0.0461778	
454	109182	0.281297	-0.0227151	-0.000485638	-0.0461778	
455	108438	0.265512	-0.0227151	0.0045456	-0.0461778	
456	107694	0.30346	-0.0227151	0.00849166	-0.0461778	
457	106950	0.279751	-0.0227151	0.0045456	-0.0461778	
458	106206	0.27883	-0.0227151	0.00161893	-0.0461778	
459	105462	0.287314	-0.0227151	0.0123391	-0.0461778	
460	104718	0.297607	-0.0227151	0.00868896	-0.0461778	
461	103974	0.282744	-0.0227151	0.00221084	-0.0461778	
462	103230	0.265545	-0.0227151	-0.000781593	-0.0461778	
463	102486	0.262915	-0.0227151	0.00112567	-0.0461778	
464	101742	0.301586	-0.0227151	-0.000485638	-0.0461778	
465	100998	0.274128	-0.0227151	0.00566365	-0.0461778	
466	100254	0.283862	-0.0227151	0.00411811	-0.0461778	
467	99510	0.282645	-0.0227151	0.00138874	-0.0461778	
468	98766	0.273109	-0.0227151	0.00401945	-0.0461778	
469	98022	0.286525	-0.0227151	-0.000485638	-0.0461778	
470	97278	0.296127	-0.0227151	0.00415099	-0.0461778	
471	96534	0.278403	-0.0227151	-0.00107755	-0.0461778	
472	95790	0.284223	-0.0227151	0.00388792	-0.0461778	
473	95046	0.281066	-0.0227151	0.00191489	-0.0461778	
474	94302	0.283927	-0.0227151	0.00155316	-0.0461778	
475	93558	0.282217	-0.0227151	0.00911645	-0.0461778	
476	92814	0.249794	-0.0227151	-0.00499073	-0.0461778	
477	92070	0.302803	-0.0227151	0.00165181	-0.0461778	
478	91326	0.28419	-0.0227151	0.00217796	-0.0461778	
479	90582	0.305368	-0.0227151	0.00434829	-0.0461778	
480	89838	0.299416	-0.0227151	0.000369343	-0.0461778	
481	89094	0.277745	-0.0227151	-0.00305058	-0.0461778	
482	88350	0.273437	-0.0227151	0.000204924	-0.0461778	
483	87606	0.277219	-0.0227151	0.00520327	-0.0461778	
484	86862	0.281527	-0.0227151	0.0109251	-0.0461778	
485	86118	0.274358	-0.0227151	-0.00140639	-0.0461778	
486	85374	0.285769	-0.0227151	0.00875473	-0.0461778	
487	84630	0.305532	-0.0227151	0.00438118	-0.0461778	
488	83886	0.290274	-0.0227151	0.00888627	-0.0461778	
489	83142	0.305368	-0.0227151	0.00418387	-0.0461778	
490	82398	0.278074	-0.0227151	-0.00183388	-0.0461778	
491	81654	0.270511	-0.0227151	0.00122432	-0.0461778	
492	80910	0.253148	-0.0227151	0.00316447	-0.0461778	
493	80166	0.276233	-0.0227151	-0.000682941	-0.0461778	
494	79422	0.288465	-0.0227151	0.00240814	-0.0461778	
495	78678	0.301553	-0.0227151	0.0111553	-0.0461778	
496	77934	0.295568	-0.0227151	0.00411811	-0.0461778	
497	77190	0.290175	-0.0227151	0.00444694	-0.0461778	
498	76446	0.278107	-0.0227151	-0.00334654	-0.0461778	
499	75702	0.297476	-0.0227151	0.0088205	-0.0461778	
500	74958	0.297508	-0.0227151	0.0137202	-0.0461778	
501	74214	0.299087	-0.0227151	0.00129009	-0.0461778	
502	73470	0.307867	-0.0227151	0.00349331	-0.0461778	
503	72726	0.285835	-0.0227151	0.00520327	-0.0461778	
504	71982	0.293266	-0.0227151	0.00342754	-0.0461778	
505	71238	0.281527	-0.0227151	0.00898492	-0.0461778	
506	70494	0.272977	-0.0227151	0.00536769	-0.0461778	
507	69750	0.290274	-0.0227151	0.0020793	-0.0461778	
508	69006	0.27985	-0.0227151	0.000731066	-0.0461778	
509	68262	0.303132	-0.0227151	0.00549923	-0.0461778	
510	67518	0.294713	-0.0227151	0.00734073	-0.0461778	
511	66774	0.28419	-0.0227151	-0.00111043	-0.0461778	
512	66030	0.282875	-0.0227151	0.00589383	-0.0461778	
513	65286	0.268406	-0.0227151	-0.00041987	-0.0461778	
514	64542	0.271859	-0.0227151	0.000665298	-0.0461778	
515	63798	0.284355	-0.0227151	0.00224372	-0.0461778	
516	63054	0.301915	-0.0227151	0.00237526	-0.0461778	
517	62310	0.309741	-0.0227151	0.00109279	-0.0461778	
518	61566	0.291261	-0.0227151	0.00132298	-0.0461778	
519	60822	0.299843	-0.0227151	0.00632133	-0.0461778	
520	60078	0.300501	-0.0227151	0.00214507	-0.0461778	
521	59334	0.302441	-0.0227151	0.001882	-0.0461778	
522	58590	0.293069	-0.0227151	0.00865608	-0.0461778	
523	57846	0.277877	-0.0227151	0.00115856	-0.0461778	
524	57102	0.307308	-0.0227151	0.00375638	-0.0461778	
525	56358	0.276528	-0.0227151	0.00234238	-0.0461778	
526	55614	0.277449	-0.0227151	0.00115856	-0.0461778	
527	54870	0.27883	-0.0227151	0.00609114	-0.0461778	
528	54126	0.279258	-0.0227151	0.00411811	-0.0461778	
529	53382	0.272681	-0.0227151	-0.00140639	-0.0461778	
530	52638	0.272878	-0.0227151	-0.00410286	-0.0461778	
531	51894	0.271333	-0.0227151	-0.00265597	-0.0461778	
532	51150	0.26035	-0.0227151	0.00145451	-0.0461778	
533	50406	0.293332	-0.0227151	-0.00328077	-0.0461778	
534	49662	0.298265	-0.0227151	0.00316447	-0.0461778	
535	48918	0.308294	-0.0227151	-0.00107755	-0.0461778	
536	48174	0.26617	-0.0227151	-0.00272174	-0.0461778	
537	47430	0.264723	-0.0227151	0.00954395	-0.0461778	
538	46686	0.258048	-0.0227151	-0.00124197	-0.0461778	
539	45942	0.295042	-0.0227151	0.006979	-0.0461778	
540	45198	0.304414	-0.0227151	0.00671593	-0.0461778	
541	44454	0.301027	-0.0227151	0.00566365	-0.0461778	
542	43710	0.286394	-0.0227151	0.00323024	-0.0461778	
543	42966	0.290932	-0.0227151	0.00737361	-0.0461778	
544	42222	0.286591	-0.0227151	0.00497309	-0.0461778	
545	41478	0.279916	-0.0227151	0.00428252	-0.0461778	
546	40734	0.291326	-0.0227151	0.00132298	-0.0461778	
547	39990	0.283434	-0.0227151	0.000435111	-0.0461778	
548	39246	0.300797	-0.0227151	0.00947818	-0.0461778	
549	38502	0.278995	-0.0227151	-0.000518522	-0.0461778	
550	37758	0.283138	-0.0227151	0.00714342	-0.0461778	
551	37014	0.292806	-0.0227151	0.00119144	-0.0461778	
552	36270	0.275345	-0.0227151	0.00293429	-0.0461778	
553	35526	0.258607	-0.0227151	0.00622267	-0.0461778	
554	34782	0.290307	-0.0227151	0.00632133	-0.0461778	
555	34038	0.275739	-0.0227151	0.00905069	-0.0461778	
556	33294	0.294582	-0.0227151	0.0067817	-0.0461778	
557	32550	0.292083	-0.0227151	0.00727496	-0.0461778	
558	31806	0.272056	-0.0227151	0.00112567	-0.0461778	
559	31062	0.275871	-0.0227151	0.00109279	-0.0461778	
560	30318	0.230294	-0.0227151	-0.00232713	-0.0461778	
561	29574	0.242592	-0.0227151	-0.00252444	-0.0461778	
562	28830	0.26423	-0.0227151	-0.00446459	-0.0461778	
563	28086	0.260974	-0.0227151	-0.0062732	-0.0461778	
564	27342	0.259001	-0.0227151	0.00260545	-0.0461778	
565	26598	0.285407	-0.0227151	0.00951106	-0.0461778	
566	25854	0.272385	-0.0227151	-0.00785163	-0.0461778	
567	25110	0.274095	-0.0227151	0.00260545	-0.0461778	
568	24366	0.283171	-0.0227151	0.000270691	-0.0461778	
569	23622	0.276989	-0.0227151	-0.00101178	-0.0461778	
570	22878	0.312964	-0.0227151	0.00704477	-0.0461778	
571	22134	0.303033	-0.0227151	0.00809705	-0.0461778	
572	21390	0.296917	-0.0227151	0.000829717	-0.0461778	
573	20646	0.267946	-0.0227151	0.00694612	-0.0461778	
574	19902	0.279817	-0.0227151	-0.000255451	-0.0461778	
575	19158	0.275608	-0.0227151	0.00701189	-0.0461778	
576	18414	0.292214	-0.0227151	-0.00390556	-0.0461778	
577	17670	0.275312	-0.0227151	0.00960971	-0.0461778	
578	16926	0.294253	-0.0227151	7.62044E-6	-0.0461778	
579	16182	0.288005	-0.0227151	0.0020793	-0.0461778	
580	15438	0.28738	-0.0227151	-0.00150504	-0.0461778	
581	14694	0.268012	-0.0227151	0.00615691	-0.0461778	
582	13950	0.295108	-0.0227151	0.000336459	-0.0461778	
583	13206	0.276956	-0.0227151	-0.000222567	-0.0461778	
584	12462	0.283862	-0.0227151	0.00490732	-0.0461778	
585	11718	0.306025	-0.0227151	0.000435111	-0.0461778	
586	10974	0.311221	-0.0227151	0.00424964	-0.0461778	
587	10230	0.291162	-0.0227151	-0.000386986	-0.0461778	
588	9486	0.288334	-0.0227151	0.0045456	-0.0461778	
589	8742	0.28761	-0.0227151	0.00346043	-0.0461778	
590	7998	0.302869	-0.0227151	0.00319736	-0.0461778	
591	7254	0.293102	-0.0227151	0.00283563	-0.0461778	
592	6510	0.29764	-0.0227151	0.0102016	-0.0461778	
593	5766	0.302375	-0.0227151	0.00622267	-0.0461778	
594	5022	0.281987	-0.0227151	0.00540058	-0.0461778	
595	4278	0.263868	-0.0227151	0.00655151	-0.0461778	
596	3534	0.294878	-0.0227151	0.00122432	-0.0461778	
597	2790	0.311287	-0.0227151	-0.000222567	-0.0461778	
598	2046	0.30425	-0.0227151	0.00102702	-0.0461778	
599	1302	0.290965	-0.0227151	-0.00334654	-0.0461778	
600	558	0.327828	-0.0240338	0.0102016	-0.0458983	
