# Filename	2016-09-28\9_delay.txt
# Date	2016-09-28
# Title	DL-Pro & DL-100 Locked delay scan.
# DL-Pro	365824.8 GHz
# DL-100	365808.9 GHz
# Static	500 mV Pulsed
# MWOn	On
# MWf	15931.6 MHz
# Attn	44 dB
# FixedAttn	6 dB
# B2	B2 = T2 + 2.050 us
# HP214B	HP 214B FIP at 5.5 on 100V setting ; Applied to Top ; Mesh & Vin of MCP @ +25V ; Vout of MCP @ +2025 V
# Oven	32 A
# Boxcar	Gate = 200 ns ; Amp = 25x ; Sensitivity = 5 mV
# Offset	+/- 30 mV IR/Oven offset.
# Bias	Top: 0 V ; Bot: -0.440 V ; IR: +0.050 V ; Oven: -0.050 V ; Vis: -0.010 V ; MW: +0.010 V
# Passes	4
i	step	norm	nbackground	signal	sbackground
0	0	0.27199	-0.0242837	0.110465	-0.0465724
1	744	0.296653	-0.0242837	0.100139	-0.0465724
2	1488	0.283467	-0.0242837	0.104052	-0.0465724
3	2232	0.255516	-0.0242837	0.0929375	-0.0465724
4	2976	0.28008	-0.0242837	0.0983962	-0.0465724
5	3720	0.29274	-0.0242837	0.101717	-0.0465724
6	4464	0.260382	-0.0242837	0.105696	-0.0465724
7	5208	0.293727	-0.0242837	0.107209	-0.0465724
8	5952	0.284651	-0.0242837	0.0921483	-0.0465724
9	6696	0.227827	-0.0242837	0.0937925	-0.0465724
10	7440	0.255844	-0.0242837	0.103427	-0.0465724
11	8184	0.287841	-0.0242837	0.0950749	-0.0465724
12	8928	0.263572	-0.0242837	0.102507	-0.0465724
13	9672	0.267025	-0.0242837	0.0891558	-0.0465724
14	10416	0.275772	-0.0242837	0.0787974	-0.0465724
15	11160	0.265447	-0.0242837	0.108228	-0.0465724
16	11904	0.257258	-0.0242837	0.0966862	-0.0465724
17	12648	0.259988	-0.0242837	0.0930361	-0.0465724
18	13392	0.234174	-0.0242837	0.0747527	-0.0465724
19	14136	0.213589	-0.0242837	0.0874459	-0.0465724
20	14880	0.262092	-0.0242837	0.0959957	-0.0465724
21	15624	0.256042	-0.0242837	0.0746869	-0.0465724
22	16368	0.255351	-0.0242837	0.101948	-0.0465724
23	17112	0.26663	-0.0242837	0.0933321	-0.0465724
24	17856	0.244894	-0.0242837	0.0845192	-0.0465724
25	18600	0.234766	-0.0242837	0.0912275	-0.0465724
26	19344	0.249465	-0.0242837	0.0951736	-0.0465724
27	20088	0.252129	-0.0242837	0.0975083	-0.0465724
28	20832	0.265118	-0.0242837	0.0952722	-0.0465724
29	21576	0.285933	-0.0242837	0.100501	-0.0465724
30	22320	0.283401	-0.0242837	0.0978701	-0.0465724
31	23064	0.242757	-0.0242837	0.0923456	-0.0465724
32	23808	0.26982	-0.0242837	0.0861963	-0.0465724
33	24552	0.271497	-0.0242837	0.0858017	-0.0465724
34	25296	0.239666	-0.0242837	0.0784028	-0.0465724
35	26040	0.262355	-0.0242837	0.098725	-0.0465724
36	26784	0.271431	-0.0242837	0.10175	-0.0465724
37	27528	0.270576	-0.0242837	0.0871499	-0.0465724
38	28272	0.234667	-0.0242837	0.0979687	-0.0465724
39	29016	0.249005	-0.0242837	0.0742265	-0.0465724
40	29760	0.256272	-0.0242837	0.0855057	-0.0465724
41	30504	0.243184	-0.0242837	0.0757392	-0.0465724
42	31248	0.204776	-0.0242837	0.0898793	-0.0465724
43	31992	0.261139	-0.0242837	0.0754104	-0.0465724
44	32736	0.237824	-0.0242837	0.0865251	-0.0465724
45	33480	0.254989	-0.0242837	0.0864265	-0.0465724
46	34224	0.256864	-0.0242837	0.0816583	-0.0465724
47	34968	0.244368	-0.0242837	0.0890901	-0.0465724
48	35712	0.246341	-0.0242837	0.0702147	-0.0465724
49	36456	0.271695	-0.0242837	0.0833025	-0.0465724
50	37200	0.253214	-0.0242837	0.101783	-0.0465724
51	37944	0.244006	-0.0242837	0.101323	-0.0465724
52	38688	0.266795	-0.0242837	0.0978043	-0.0465724
53	39432	0.265743	-0.0242837	0.0878734	-0.0465724
54	40176	0.28054	-0.0242837	0.0904383	-0.0465724
55	40920	0.292214	-0.0242837	0.0937596	-0.0465724
56	41664	0.282053	-0.0242837	0.0848809	-0.0465724
57	42408	0.247393	-0.0242837	0.0931019	-0.0465724
58	43152	0.244828	-0.0242837	0.0903396	-0.0465724
59	43896	0.277548	-0.0242837	0.106913	-0.0465724
60	44640	0.256864	-0.0242837	0.0922469	-0.0465724
61	45384	0.29182	-0.0242837	0.0936938	-0.0465724
62	46128	0.256272	-0.0242837	0.0804745	-0.0465724
63	46872	0.24986	-0.0242837	0.0968178	-0.0465724
64	47616	0.261106	-0.0242837	0.084585	-0.0465724
65	48360	0.223289	-0.0242837	0.0741937	-0.0465724
66	49104	0.24815	-0.0242837	0.0991196	-0.0465724
67	49848	0.24986	-0.0242837	0.0812308	-0.0465724
68	50592	0.22296	-0.0242837	0.103493	-0.0465724
69	51336	0.247492	-0.0242837	0.0922469	-0.0465724
70	52080	0.258475	-0.0242837	0.0901095	-0.0465724
71	52824	0.26446	-0.0242837	0.0817898	-0.0465724
72	53568	0.252392	-0.0242837	0.0878076	-0.0465724
73	54312	0.257094	-0.0242837	0.0903068	-0.0465724
74	55056	0.263441	-0.0242837	0.0748185	-0.0465724
75	55800	0.244006	-0.0242837	0.098725	-0.0465724
76	56544	0.277252	-0.0242837	0.0940226	-0.0465724
77	57288	0.261073	-0.0242837	0.0988895	-0.0465724
78	58032	0.264657	-0.0242837	0.0994814	-0.0465724
79	58776	0.254529	-0.0242837	0.0905041	-0.0465724
80	59520	0.244993	-0.0242837	0.0865909	-0.0465724
81	60264	0.258771	-0.0242837	0.10882	-0.0465724
82	61008	0.245322	-0.0242837	0.089386	-0.0465724
83	61752	0.246078	-0.0242837	0.101257	-0.0465724
84	62496	0.260777	-0.0242837	0.094483	-0.0465724
85	63240	0.273437	-0.0242837	0.0948776	-0.0465724
86	63984	0.259297	-0.0242837	0.0919838	-0.0465724
87	64728	0.284256	-0.0242837	0.0974755	-0.0465724
88	65472	0.25203	-0.0242837	0.0883008	-0.0465724
89	66216	0.257522	-0.0242837	0.0935952	-0.0465724
90	66960	0.264855	-0.0242837	0.089682	-0.0465724
91	67704	0.268538	-0.0242837	0.101224	-0.0465724
92	68448	0.251635	-0.0242837	0.0977056	-0.0465724
93	69192	0.274457	-0.0242837	0.0887612	-0.0465724
94	69936	0.257061	-0.0242837	0.0917208	-0.0465724
95	70680	0.287413	-0.0242837	0.099876	-0.0465724
96	71424	0.260415	-0.0242837	0.0913919	-0.0465724
97	72168	0.261501	-0.0242837	0.0852426	-0.0465724
98	72912	0.255779	-0.0242837	0.0846836	-0.0465724
99	73656	0.274259	-0.0242837	0.101126	-0.0465724
100	74400	0.283829	-0.0242837	0.0917537	-0.0465724
101	75144	0.267716	-0.0242837	0.0910302	-0.0465724
102	75888	0.271168	-0.0242837	0.105729	-0.0465724
103	76632	0.264855	-0.0242837	0.110202	-0.0465724
104	77376	0.259527	-0.0242837	0.10323	-0.0465724
105	78120	0.267551	-0.0242837	0.0969164	-0.0465724
106	78864	0.286196	-0.0242837	0.0834011	-0.0465724
107	79608	0.277416	-0.0242837	0.102046	-0.0465724
108	80352	0.265447	-0.0242837	0.106749	-0.0465724
109	81096	0.256897	-0.0242837	0.0979029	-0.0465724
110	81840	0.267748	-0.0242837	0.0961601	-0.0465724
111	82584	0.262092	-0.0242837	0.0894189	-0.0465724
112	83328	0.256798	-0.0242837	0.0925429	-0.0465724
113	84072	0.248248	-0.0242837	0.0841246	-0.0465724
114	84816	0.25226	-0.0242837	0.0943515	-0.0465724
115	85560	0.279028	-0.0242837	0.104052	-0.0465724
116	86304	0.264164	-0.0242837	0.0979358	-0.0465724
117	87048	0.271859	-0.0242837	0.100205	-0.0465724
118	87792	0.267551	-0.0242837	0.0936938	-0.0465724
119	88536	0.242855	-0.0242837	0.0924771	-0.0465724
120	89280	0.247591	-0.0242837	0.0938582	-0.0465724
121	90024	0.266038	-0.0242837	0.100895	-0.0465724
122	90768	0.250353	-0.0242837	0.097048	-0.0465724
123	91512	0.285802	-0.0242837	0.0859661	-0.0465724
124	92256	0.2713	-0.0242837	0.100599	-0.0465724
125	93000	0.271826	-0.0242837	0.0995471	-0.0465724
126	93744	0.246834	-0.0242837	0.0786001	-0.0465724
127	94488	0.250024	-0.0242837	0.0956997	-0.0465724
128	95232	0.243381	-0.0242837	0.0872486	-0.0465724
129	95976	0.252918	-0.0242837	0.0917208	-0.0465724
130	96720	0.275739	-0.0242837	0.0885968	-0.0465724
131	97464	0.238284	-0.0242837	0.0756077	-0.0465724
132	98208	0.261599	-0.0242837	0.0793893	-0.0465724
133	98952	0.237561	-0.0242837	0.0810664	-0.0465724
134	99696	0.270281	-0.0242837	0.0876432	-0.0465724
135	100440	0.240882	-0.0242837	0.086558	-0.0465724
136	101184	0.240356	-0.0242837	0.0748185	-0.0465724
137	101928	0.258377	-0.0242837	0.0897149	-0.0465724
138	102672	0.255943	-0.0242837	0.0875445	-0.0465724
139	103416	0.246703	-0.0242837	0.0947132	-0.0465724
140	104160	0.228025	-0.0242837	0.0894189	-0.0465724
141	104904	0.235983	-0.0242837	0.0938253	-0.0465724
142	105648	0.226019	-0.0242837	0.0793235	-0.0465724
143	106392	0.236772	-0.0242837	0.0838615	-0.0465724
144	107136	0.258377	-0.0242837	0.090537	-0.0465724
145	107880	0.248676	-0.0242837	0.0928059	-0.0465724
146	108624	0.251997	-0.0242837	0.0892216	-0.0465724
147	109368	0.242066	-0.0242837	0.0771861	-0.0465724
148	110112	0.244105	-0.0242837	0.0963245	-0.0465724
149	110856	0.26206	-0.0242837	0.0929046	-0.0465724
150	111600	0.262487	-0.0242837	0.0936609	-0.0465724
151	111042	0.261895	-0.0242837	0.0896491	-0.0465724
152	110298	0.236542	-0.0242837	0.0823489	-0.0465724
153	109554	0.276824	-0.0242837	0.091655	-0.0465724
154	108810	0.26492	-0.0242837	0.0972453	-0.0465724
155	108066	0.286163	-0.0242837	0.0976728	-0.0465724
156	107322	0.258607	-0.0242837	0.0811979	-0.0465724
157	106578	0.260777	-0.0242837	0.085999	-0.0465724
158	105834	0.271333	-0.0242837	0.0891558	-0.0465724
159	105090	0.275641	-0.0242837	0.0889585	-0.0465724
160	104346	0.276397	-0.0242837	0.0866238	-0.0465724
161	103602	0.256601	-0.0242837	0.0947461	-0.0465724
162	102858	0.249465	-0.0242837	0.105368	-0.0465724
163	102114	0.240718	-0.0242837	0.0912604	-0.0465724
164	101370	0.252786	-0.0242837	0.0876103	-0.0465724
165	100626	0.252063	-0.0242837	0.097311	-0.0465724
166	99882	0.276233	-0.0242837	0.091096	-0.0465724
167	99138	0.25614	-0.0242837	0.0882351	-0.0465724
168	98394	0.274358	-0.0242837	0.10517	-0.0465724
169	97650	0.258607	-0.0242837	0.0916879	-0.0465724
170	96906	0.271399	-0.0242837	0.109018	-0.0465724
171	96162	0.25397	-0.0242837	0.0890901	-0.0465724
172	95418	0.269097	-0.0242837	0.0916879	-0.0465724
173	94674	0.266203	-0.0242837	0.0969493	-0.0465724
174	93930	0.268439	-0.0242837	0.0868211	-0.0465724
175	93186	0.275739	-0.0242837	0.105006	-0.0465724
176	92442	0.26229	-0.0242837	0.0890572	-0.0465724
177	91698	0.269491	-0.0242837	0.0980345	-0.0465724
178	90954	0.26936	-0.0242837	0.0979358	-0.0465724
179	90210	0.265381	-0.0242837	0.0923127	-0.0465724
180	89466	0.247952	-0.0242837	0.104874	-0.0465724
181	88722	0.263605	-0.0242837	0.101882	-0.0465724
182	87978	0.242132	-0.0242837	0.0937925	-0.0465724
183	87234	0.260646	-0.0242837	0.100008	-0.0465724
184	86490	0.254365	-0.0242837	0.0963574	-0.0465724
185	85746	0.245552	-0.0242837	0.0781726	-0.0465724
186	85002	0.263276	-0.0242837	0.0905698	-0.0465724
187	84258	0.248873	-0.0242837	0.0849138	-0.0465724
188	83514	0.228584	-0.0242837	0.0783699	-0.0465724
189	82770	0.226282	-0.0242837	0.0678471	-0.0465724
190	82026	0.248709	-0.0242837	0.0821516	-0.0465724
191	81282	0.260876	-0.0242837	0.0770546	-0.0465724
192	80538	0.253773	-0.0242837	0.0866238	-0.0465724
193	79794	0.256305	-0.0242837	0.0933979	-0.0465724
194	79050	0.252392	-0.0242837	0.0915892	-0.0465724
195	78306	0.235128	-0.0242837	0.0810335	-0.0465724
196	77562	0.26594	-0.0242837	0.0701489	-0.0465724
197	76818	0.260119	-0.0242837	0.0848809	-0.0465724
198	76074	0.257324	-0.0242837	0.0927073	-0.0465724
199	75330	0.274424	-0.0242837	0.107308	-0.0465724
200	74586	0.274457	-0.0242837	0.0906685	-0.0465724
201	73842	0.260876	-0.0242837	0.0868211	-0.0465724
202	73098	0.277022	-0.0242837	0.0896162	-0.0465724
203	72354	0.256469	-0.0242837	0.0939898	-0.0465724
204	71610	0.228551	-0.0242837	0.0789289	-0.0465724
205	70866	0.250616	-0.0242837	0.0971795	-0.0465724
206	70122	0.27199	-0.0242837	0.0879062	-0.0465724
207	69378	0.268505	-0.0242837	0.0804745	-0.0465724
208	68634	0.2469	-0.0242837	0.0932334	-0.0465724
209	67890	0.258409	-0.0242837	0.0793235	-0.0465724
210	67146	0.257752	-0.0242837	0.0917865	-0.0465724
211	66402	0.254726	-0.0242837	0.0771861	-0.0465724
212	65658	0.228912	-0.0242837	0.07666	-0.0465724
213	64914	0.228255	-0.0242837	0.091096	-0.0465724
214	64170	0.253312	-0.0242837	0.0988895	-0.0465724
215	63426	0.254957	-0.0242837	0.0824804	-0.0465724
216	62682	0.264888	-0.0242837	0.0878734	-0.0465724
217	61938	0.244368	-0.0242837	0.0942528	-0.0465724
218	61194	0.242428	-0.0242837	0.0955024	-0.0465724
219	60450	0.267683	-0.0242837	0.0775807	-0.0465724
220	59706	0.249333	-0.0242837	0.0840259	-0.0465724
221	58962	0.238186	-0.0242837	0.0979358	-0.0465724
222	58218	0.231214	-0.0242837	0.0852426	-0.0465724
223	57474	0.253378	-0.0242837	0.097607	-0.0465724
224	56730	0.240751	-0.0242837	0.0806389	-0.0465724
225	55986	0.239994	-0.0242837	0.0995143	-0.0465724
226	55242	0.196193	-0.0242837	0.079751	-0.0465724
227	54498	0.264559	-0.0242837	0.102507	-0.0465724
228	53754	0.239501	-0.0242837	0.0843877	-0.0465724
229	53010	0.271267	-0.0242837	0.0920496	-0.0465724
230	52266	0.256436	-0.0242837	0.0924771	-0.0465724
231	51522	0.271399	-0.0242837	0.0870841	-0.0465724
232	50778	0.239074	-0.0242837	0.0686692	-0.0465724
233	50034	0.258903	-0.0242837	0.0802443	-0.0465724
234	49290	0.233187	-0.0242837	0.0860647	-0.0465724
235	48546	0.220527	-0.0242837	0.0716616	-0.0465724
236	47802	0.239994	-0.0242837	0.0619609	-0.0465724
237	47058	0.249564	-0.0242837	0.0889914	-0.0465724
238	46314	0.258607	-0.0242837	0.0903068	-0.0465724
239	45570	0.258508	-0.0242837	0.0964889	-0.0465724
240	44826	0.268899	-0.0242837	0.0971137	-0.0465724
241	44082	0.227564	-0.0242837	0.0994814	-0.0465724
242	43338	0.252556	-0.0242837	0.0912275	-0.0465724
243	42594	0.235226	-0.0242837	0.0970151	-0.0465724
244	41850	0.246867	-0.0242837	0.0889256	-0.0465724
245	41106	0.235917	-0.0242837	0.0903068	-0.0465724
246	40362	0.256601	-0.0242837	0.0944501	-0.0465724
247	39618	0.278633	-0.0242837	0.0862292	-0.0465724
248	38874	0.261106	-0.0242837	0.0882022	-0.0465724
249	38130	0.270774	-0.0242837	0.0830394	-0.0465724
250	37386	0.267321	-0.0242837	0.0897149	-0.0465724
251	36642	0.246505	-0.0242837	0.0897477	-0.0465724
252	35898	0.279258	-0.0242837	0.0930032	-0.0465724
253	35154	0.26423	-0.0242837	0.0955353	-0.0465724
254	34410	0.265085	-0.0242837	0.0846179	-0.0465724
255	33666	0.288564	-0.0242837	0.1054	-0.0465724
256	32922	0.25568	-0.0242837	0.0971466	-0.0465724
257	32178	0.295371	-0.0242837	0.092214	-0.0465724
258	31434	0.25614	-0.0242837	0.0894518	-0.0465724
259	30690	0.244697	-0.0242837	0.0807047	-0.0465724
260	29946	0.276101	-0.0242837	0.10711	-0.0465724
261	29202	0.255943	-0.0242837	0.085703	-0.0465724
262	28458	0.264559	-0.0242837	0.104019	-0.0465724
263	27714	0.286295	-0.0242837	0.0936609	-0.0465724
264	26970	0.272878	-0.0242837	0.0872157	-0.0465724
265	26226	0.265512	-0.0242837	0.0956668	-0.0465724
266	25482	0.258146	-0.0242837	0.104184	-0.0465724
267	24738	0.265808	-0.0242837	0.0981002	-0.0465724
268	23994	0.249662	-0.0242837	0.091359	-0.0465724
269	23250	0.313326	-0.0242837	0.0997444	-0.0465724
270	22506	0.282842	-0.0242837	0.110793	-0.0465724
271	21762	0.266071	-0.0242837	0.110202	-0.0465724
272	21018	0.270642	-0.0242837	0.0894189	-0.0465724
273	20274	0.268998	-0.0242837	0.108492	-0.0465724
274	19530	0.272023	-0.0242837	0.101027	-0.0465724
275	18786	0.266565	-0.0242837	0.0869197	-0.0465724
276	18042	0.282448	-0.0242837	0.103362	-0.0465724
277	17298	0.283829	-0.0242837	0.106321	-0.0465724
278	16554	0.272944	-0.0242837	0.104743	-0.0465724
279	15810	0.272286	-0.0242837	0.0869855	-0.0465724
280	15066	0.259495	-0.0242837	0.0898135	-0.0465724
281	14322	0.287249	-0.0242837	0.0867224	-0.0465724
282	13578	0.262487	-0.0242837	0.0893202	-0.0465724
283	12834	0.27347	-0.0242837	0.107801	-0.0465724
284	12090	0.262388	-0.0242837	0.089386	-0.0465724
285	11346	0.261961	-0.0242837	0.103296	-0.0465724
286	10602	0.268998	-0.0242837	0.105532	-0.0465724
287	9858	0.284388	-0.0242837	0.0962587	-0.0465724
288	9114	0.261533	-0.0242837	0.109774	-0.0465724
289	8370	0.254003	-0.0242837	0.0776136	-0.0465724
290	7626	0.25328	-0.0242837	0.104019	-0.0465724
291	6882	0.256042	-0.0242837	0.0919838	-0.0465724
292	6138	0.275345	-0.0242837	0.100797	-0.0465724
293	5394	0.286558	-0.0242837	0.0887941	-0.0465724
294	4650	0.270412	-0.0242837	0.0932334	-0.0465724
295	3906	0.245124	-0.0242837	0.0888928	-0.0465724
296	3162	0.272911	-0.0242837	0.078074	-0.0465724
297	2418	0.256634	-0.0242837	0.0866895	-0.0465724
298	1674	0.258705	-0.0242837	0.0881693	-0.0465724
299	930	0.243579	-0.0242837	0.0941871	-0.0465724
300	186	0.262849	-0.0242837	0.0841904	-0.0465724
301	372	0.251668	-0.0242837	0.097311	-0.0465724
302	1116	0.268932	-0.0242837	0.0846179	-0.0465724
303	1860	0.261402	-0.0242837	0.0815268	-0.0465724
304	2604	0.277351	-0.0242837	0.10129	-0.0465724
305	3348	0.265118	-0.0242837	0.0972782	-0.0465724
306	4092	0.264789	-0.0242837	0.0921811	-0.0465724
307	4836	0.269491	-0.0242837	0.0890901	-0.0465724
308	5580	0.268209	-0.0242837	0.100665	-0.0465724
309	6324	0.274325	-0.0242837	0.106716	-0.0465724
310	7068	0.277975	-0.0242837	0.102046	-0.0465724
311	7812	0.283631	-0.0242837	0.0997116	-0.0465724
312	8556	0.283072	-0.0242837	0.0936938	-0.0465724
313	9300	0.267814	-0.0242837	0.0946803	-0.0465724
314	10044	0.275246	-0.0242837	0.0834998	-0.0465724
315	10788	0.25933	-0.0242837	0.104217	-0.0465724
316	11532	0.270675	-0.0242837	0.107439	-0.0465724
317	12276	0.250123	-0.0242837	0.0981989	-0.0465724
318	13020	0.271431	-0.0242837	0.0970151	-0.0465724
319	13764	0.270281	-0.0242837	0.0940884	-0.0465724
320	14508	0.244302	-0.0242837	0.0735689	-0.0465724
321	15252	0.278863	-0.0242837	0.0997444	-0.0465724
322	15996	0.263901	-0.0242837	0.0957655	-0.0465724
323	16740	0.267288	-0.0242837	0.109347	-0.0465724
324	17484	0.24838	-0.0242837	0.0952722	-0.0465724
325	18228	0.239698	-0.0242837	0.0874459	-0.0465724
326	18972	0.256864	-0.0242837	0.097607	-0.0465724
327	19716	0.225098	-0.0242837	0.0829079	-0.0465724
328	20460	0.26446	-0.0242837	0.0941213	-0.0465724
329	21204	0.242165	-0.0242837	0.085703	-0.0465724
330	21948	0.28202	-0.0242837	0.0939898	-0.0465724
331	22692	0.251701	-0.0242837	0.0950749	-0.0465724
332	23436	0.27176	-0.0242837	0.0924771	-0.0465724
333	24180	0.257817	-0.0242837	0.0943186	-0.0465724
334	24924	0.280803	-0.0242837	0.101158	-0.0465724
335	25668	0.247558	-0.0242837	0.0991196	-0.0465724
336	26412	0.268373	-0.0242837	0.100895	-0.0465724
337	27156	0.238449	-0.0242837	0.0954367	-0.0465724
338	27900	0.265348	-0.0242837	0.0980016	-0.0465724
339	28644	0.27255	-0.0242837	0.0881364	-0.0465724
340	29388	0.267584	-0.0242837	0.0886626	-0.0465724
341	30132	0.2591	-0.0242837	0.101027	-0.0465724
342	30876	0.268472	-0.0242837	0.0932334	-0.0465724
343	31620	0.275937	-0.0242837	0.105006	-0.0465724
344	32364	0.23105	-0.0242837	0.0736346	-0.0465724
345	33108	0.27176	-0.0242837	0.0881693	-0.0465724
346	33852	0.28031	-0.0242837	0.0820529	-0.0465724
347	34596	0.276134	-0.0242837	0.0985277	-0.0465724
348	35340	0.260251	-0.0242837	0.0855386	-0.0465724
349	36084	0.263769	-0.0242837	0.0922469	-0.0465724
350	36828	0.259659	-0.0242837	0.0799155	-0.0465724
351	37572	0.262191	-0.0242837	0.0871499	-0.0465724
352	38316	0.262454	-0.0242837	0.0942528	-0.0465724
353	39060	0.26127	-0.0242837	0.0880707	-0.0465724
354	39804	0.282415	-0.0242837	0.0892216	-0.0465724
355	40548	0.280409	-0.0242837	0.10083	-0.0465724
356	41292	0.257489	-0.0242837	0.0914248	-0.0465724
357	42036	0.287413	-0.0242837	0.102178	-0.0465724
358	42780	0.284486	-0.0242837	0.0906356	-0.0465724
359	43524	0.257916	-0.0242837	0.105039	-0.0465724
360	44268	0.260777	-0.0242837	0.089386	-0.0465724
361	45012	0.257982	-0.0242837	0.095897	-0.0465724
362	45756	0.265151	-0.0242837	0.0835656	-0.0465724
363	46500	0.278238	-0.0242837	0.0874788	-0.0465724
364	47244	0.254891	-0.0242837	0.0963903	-0.0465724
365	47988	0.253871	-0.0242837	0.0824475	-0.0465724
366	48732	0.245091	-0.0242837	0.0850125	-0.0465724
367	49476	0.265118	-0.0242837	0.0847165	-0.0465724
368	50220	0.268669	-0.0242837	0.0725823	-0.0465724
369	50964	0.239666	-0.0242837	0.105039	-0.0465724
370	51708	0.264427	-0.0242837	0.0967849	-0.0465724
371	52452	0.249662	-0.0242837	0.0873801	-0.0465724
372	53196	0.253214	-0.0242837	0.100599	-0.0465724
373	53940	0.240948	-0.0242837	0.0854071	-0.0465724
374	54684	0.210399	-0.0242837	0.0686363	-0.0465724
375	55428	0.266104	-0.0242837	0.0964232	-0.0465724
376	56172	0.238811	-0.0242837	0.0996129	-0.0465724
377	56916	0.256864	-0.0242837	0.0984949	-0.0465724
378	57660	0.247196	-0.0242837	0.0953709	-0.0465724
379	58404	0.229998	-0.0242837	0.10152	-0.0465724
380	59148	0.258442	-0.0242837	0.0937925	-0.0465724
381	59892	0.246867	-0.0242837	0.0943515	-0.0465724
382	60636	0.247821	-0.0242837	0.0731414	-0.0465724
383	61380	0.229077	-0.0242837	0.0757063	-0.0465724
384	62124	0.261862	-0.0242837	0.0828421	-0.0465724
385	62868	0.251964	-0.0242837	0.0935623	-0.0465724
386	63612	0.259856	-0.0242837	0.096752	-0.0465724
387	64356	0.248084	-0.0242837	0.0942199	-0.0465724
388	65100	0.240422	-0.0242837	0.0930032	-0.0465724
389	65844	0.235621	-0.0242837	0.0804745	-0.0465724
390	66588	0.23128	-0.0242837	0.08373	-0.0465724
391	67332	0.259922	-0.0242837	0.0808691	-0.0465724
392	68076	0.240882	-0.0242837	0.07324	-0.0465724
393	68820	0.282744	-0.0242837	0.0906027	-0.0465724
394	69564	0.252918	-0.0242837	0.0829408	-0.0465724
395	70308	0.253839	-0.0242837	0.0838286	-0.0465724
396	71052	0.215299	-0.0242837	0.0841575	-0.0465724
397	71796	0.257752	-0.0242837	0.0869197	-0.0465724
398	72540	0.218521	-0.0242837	0.0808691	-0.0465724
399	73284	0.279225	-0.0242837	0.0861963	-0.0465724
400	74028	0.253674	-0.0242837	0.0880378	-0.0465724
401	74772	0.257094	-0.0242837	0.0896162	-0.0465724
402	75516	0.250353	-0.0242837	0.0978043	-0.0465724
403	76260	0.237495	-0.0242837	0.0733716	-0.0465724
404	77004	0.241836	-0.0242837	0.0779424	-0.0465724
405	77748	0.239205	-0.0242837	0.0879391	-0.0465724
406	78492	0.241704	-0.0242837	0.0799155	-0.0465724
407	79236	0.247919	-0.0242837	0.0833025	-0.0465724
408	79980	0.273602	-0.0242837	0.0779753	-0.0465724
409	80724	0.259626	-0.0242837	0.0829079	-0.0465724
410	81468	0.248478	-0.0242837	0.0733716	-0.0465724
411	82212	0.238021	-0.0242837	0.0909316	-0.0465724
412	82956	0.223454	-0.0242837	0.0775807	-0.0465724
413	83700	0.22638	-0.0242837	0.0751144	-0.0465724
414	84444	0.240455	-0.0242837	0.079488	-0.0465724
415	85188	0.231971	-0.0242837	0.0811979	-0.0465724
416	85932	0.239764	-0.0242837	0.0874459	-0.0465724
417	86676	0.191523	-0.0242837	0.0792249	-0.0465724
418	87420	0.242263	-0.0242837	0.0843548	-0.0465724
419	88164	0.227301	-0.0242837	0.0885639	-0.0465724
420	88908	0.199712	-0.0242837	0.0768901	-0.0465724
421	89652	0.255154	-0.0242837	0.0971466	-0.0465724
422	90396	0.256305	-0.0242837	0.0749829	-0.0465724
423	91140	0.247788	-0.0242837	0.0791262	-0.0465724
424	91884	0.280968	-0.0242837	0.0854728	-0.0465724
425	92628	0.240257	-0.0242837	0.0966534	-0.0465724
426	93372	0.260218	-0.0242837	0.0921483	-0.0465724
427	94116	0.238383	-0.0242837	0.0809349	-0.0465724
428	94860	0.243546	-0.0242837	0.0953709	-0.0465724
429	95604	0.272944	-0.0242837	0.0969493	-0.0465724
430	96348	0.261435	-0.0242837	0.095042	-0.0465724
431	97092	0.232859	-0.0242837	0.0828092	-0.0465724
432	97836	0.257653	-0.0242837	0.0964561	-0.0465724
433	98580	0.241014	-0.0242837	0.0898793	-0.0465724
434	99324	0.246966	-0.0242837	0.082875	-0.0465724
435	100068	0.224868	-0.0242837	0.0640983	-0.0465724
436	100812	0.257258	-0.0242837	0.0867224	-0.0465724
437	101556	0.232793	-0.0242837	0.0820529	-0.0465724
438	102300	0.250517	-0.0242837	0.0786659	-0.0465724
439	103044	0.231806	-0.0242837	0.0897806	-0.0465724
440	103788	0.227137	-0.0242837	0.0801785	-0.0465724
441	104532	0.233615	-0.0242837	0.0725823	-0.0465724
442	105276	0.234437	-0.0242837	0.0578833	-0.0465724
443	106020	0.241935	-0.0242837	0.0778109	-0.0465724
444	106764	0.20494	-0.0242837	0.0918852	-0.0465724
445	107508	0.192346	-0.0242837	0.0577188	-0.0465724
446	108252	0.236673	-0.0242837	0.0805402	-0.0465724
447	108996	0.235588	-0.0242837	0.072681	-0.0465724
448	109740	0.222237	-0.0242837	0.0841246	-0.0465724
449	110484	0.224868	-0.0242837	0.0843877	-0.0465724
450	111228	0.195897	-0.0242837	0.0702476	-0.0465724
451	111414	0.202244	-0.0242837	0.0726481	-0.0465724
452	110670	0.231708	-0.0242837	0.0694255	-0.0465724
453	109926	0.220494	-0.0242837	0.0800141	-0.0465724
454	109182	0.255877	-0.0242837	0.0824804	-0.0465724
455	108438	0.253345	-0.0242837	0.0950092	-0.0465724
456	107694	0.26594	-0.0242837	0.0901423	-0.0465724
457	106950	0.241112	-0.0242837	0.0928388	-0.0465724
458	106206	0.236443	-0.0242837	0.0701489	-0.0465724
459	105462	0.239271	-0.0242837	0.0898135	-0.0465724
460	104718	0.249432	-0.0242837	0.0773834	-0.0465724
461	103974	0.238613	-0.0242837	0.0787974	-0.0465724
462	103230	0.264723	-0.0242837	0.085999	-0.0465724
463	102486	0.255614	-0.0242837	0.0935952	-0.0465724
464	101742	0.256338	-0.0242837	0.0956997	-0.0465724
465	100998	0.265775	-0.0242837	0.0853413	-0.0465724
466	100254	0.245091	-0.0242837	0.084585	-0.0465724
467	99510	0.277844	-0.0242837	0.0942857	-0.0465724
468	98766	0.260086	-0.0242837	0.0902081	-0.0465724
469	98022	0.2713	-0.0242837	0.0872486	-0.0465724
470	97278	0.247558	-0.0242837	0.086558	-0.0465724
471	96534	0.245059	-0.0242837	0.0860319	-0.0465724
472	95790	0.262092	-0.0242837	0.0913919	-0.0465724
473	95046	0.261599	-0.0242837	0.0877089	-0.0465724
474	94302	0.246078	-0.0242837	0.0876103	-0.0465724
475	93558	0.257226	-0.0242837	0.0977056	-0.0465724
476	92814	0.255154	-0.0242837	0.0822502	-0.0465724
477	92070	0.237101	-0.0242837	0.0819214	-0.0465724
478	91326	0.274983	-0.0242837	0.0868211	-0.0465724
479	90582	0.263408	-0.0242837	0.0724508	-0.0465724
480	89838	0.255121	-0.0242837	0.0878076	-0.0465724
481	89094	0.255088	-0.0242837	0.087972	-0.0465724
482	88350	0.221842	-0.0242837	0.091951	-0.0465724
483	87606	0.25055	-0.0242837	0.0818556	-0.0465724
484	86862	0.270215	-0.0242837	0.10346	-0.0465724
485	86118	0.257357	-0.0242837	0.0909316	-0.0465724
486	85374	0.260185	-0.0242837	0.0863278	-0.0465724
487	84630	0.261369	-0.0242837	0.0799483	-0.0465724
488	83886	0.246111	-0.0242837	0.0801128	-0.0465724
489	83142	0.239139	-0.0242837	0.0938911	-0.0465724
490	82398	0.241737	-0.0242837	0.0838615	-0.0465724
491	81654	0.238679	-0.0242837	0.0739635	-0.0465724
492	80910	0.249827	-0.0242837	0.0986922	-0.0465724
493	80166	0.245618	-0.0242837	0.0882351	-0.0465724
494	79422	0.2542	-0.0242837	0.0938911	-0.0465724
495	78678	0.260711	-0.0242837	0.0915235	-0.0465724
496	77934	0.233319	-0.0242837	0.0814281	-0.0465724
497	77190	0.234634	-0.0242837	0.0797182	-0.0465724
498	76446	0.25351	-0.0242837	0.105927	-0.0465724
499	75702	0.240159	-0.0242837	0.0938911	-0.0465724
500	74958	0.270281	-0.0242837	0.0896491	-0.0465724
501	74214	0.263967	-0.0242837	0.0846507	-0.0465724
502	73470	0.276759	-0.0242837	0.0897149	-0.0465724
503	72726	0.272056	-0.0242837	0.0929375	-0.0465724
504	71982	0.263835	-0.0242837	0.0985606	-0.0465724
505	71238	0.240816	-0.0242837	0.0835656	-0.0465724
506	70494	0.248774	-0.0242837	0.0881364	-0.0465724
507	69750	0.241474	-0.0242837	0.0884982	-0.0465724
508	69006	0.239567	-0.0242837	0.0877747	-0.0465724
509	68262	0.251504	-0.0242837	0.0895176	-0.0465724
510	67518	0.259659	-0.0242837	0.0907014	-0.0465724
511	66774	0.266137	-0.0242837	0.0858346	-0.0465724
512	66030	0.256995	-0.0242837	0.0781726	-0.0465724
513	65286	0.226282	-0.0242837	0.0733058	-0.0465724
514	64542	0.242263	-0.0242837	0.0909644	-0.0465724
515	63798	0.241244	-0.0242837	0.0857359	-0.0465724
516	63054	0.276989	-0.0242837	0.0915235	-0.0465724
517	62310	0.259725	-0.0242837	0.0844205	-0.0465724
518	61566	0.244138	-0.0242837	0.088827	-0.0465724
519	60822	0.271201	-0.0242837	0.076364	-0.0465724
520	60078	0.210004	-0.0242837	0.0800141	-0.0465724
521	59334	0.241014	-0.0242837	0.0889914	-0.0465724
522	58590	0.24542	-0.0242837	0.0799483	-0.0465724
523	57846	0.253016	-0.0242837	0.093069	-0.0465724
524	57102	0.243973	-0.0242837	0.0852755	-0.0465724
525	56358	0.237791	-0.0242837	0.0691624	-0.0465724
526	55614	0.246341	-0.0242837	0.0815925	-0.0465724
527	54870	0.213556	-0.0242837	0.0555814	-0.0465724
528	54126	0.238515	-0.0242837	0.0778767	-0.0465724
529	53382	0.239764	-0.0242837	0.104315	-0.0465724
530	52638	0.24348	-0.0242837	0.0846179	-0.0465724
531	51894	0.267748	-0.0242837	0.0883008	-0.0465724
532	51150	0.259889	-0.0242837	0.0851769	-0.0465724
533	50406	0.265118	-0.0242837	0.0960943	-0.0465724
534	49662	0.247393	-0.0242837	0.0834669	-0.0465724
535	48918	0.251142	-0.0242837	0.0993827	-0.0465724
536	48174	0.247689	-0.0242837	0.0874459	-0.0465724
537	47430	0.263638	-0.0242837	0.0778767	-0.0465724
538	46686	0.241836	-0.0242837	0.0839931	-0.0465724
539	45942	0.261632	-0.0242837	0.0861963	-0.0465724
540	45198	0.259396	-0.0242837	0.0879062	-0.0465724
541	44454	0.260514	-0.0242837	0.0835985	-0.0465724
542	43710	0.262684	-0.0242837	0.0967191	-0.0465724
543	42966	0.249892	-0.0242837	0.097311	-0.0465724
544	42222	0.251668	-0.0242837	0.0999089	-0.0465724
545	41478	0.273964	-0.0242837	0.100698	-0.0465724
546	40734	0.26834	-0.0242837	0.0899122	-0.0465724
547	39990	0.265611	-0.0242837	0.0910631	-0.0465724
548	39246	0.273832	-0.0242837	0.0984949	-0.0465724
549	38502	0.258015	-0.0242837	0.0819214	-0.0465724
550	37758	0.259856	-0.0242837	0.0885639	-0.0465724
551	37014	0.252227	-0.0242837	0.100139	-0.0465724
552	36270	0.239731	-0.0242837	0.0957326	-0.0465724
553	35526	0.238778	-0.0242837	0.0946474	-0.0465724
554	34782	0.275378	-0.0242837	0.0863936	-0.0465724
555	34038	0.276726	-0.0242837	0.0876103	-0.0465724
556	33294	0.280738	-0.0242837	0.0921483	-0.0465724
557	32550	0.262717	-0.0242837	0.0868211	-0.0465724
558	31806	0.266334	-0.0242837	0.0894847	-0.0465724
559	31062	0.280211	-0.0242837	0.10004	-0.0465724
560	30318	0.252392	-0.0242837	0.0819214	-0.0465724
561	29574	0.273437	-0.0242837	0.0933979	-0.0465724
562	28830	0.267321	-0.0242837	0.0869526	-0.0465724
563	28086	0.264493	-0.0242837	0.092214	-0.0465724
564	27342	0.259363	-0.0242837	0.101027	-0.0465724
565	26598	0.286657	-0.0242837	0.0898464	-0.0465724
566	25854	0.271234	-0.0242837	0.091096	-0.0465724
567	25110	0.26423	-0.0242837	0.0996787	-0.0465724
568	24366	0.282217	-0.0242837	0.105532	-0.0465724
569	23622	0.29011	-0.0242837	0.107078	-0.0465724
570	22878	0.284486	-0.0242837	0.108689	-0.0465724
571	22134	0.290997	-0.0242837	0.112536	-0.0465724
572	21390	0.279192	-0.0242837	0.0901752	-0.0465724
573	20646	0.267387	-0.0242837	0.0914577	-0.0465724
574	19902	0.271958	-0.0242837	0.100632	-0.0465724
575	19158	0.28715	-0.0242837	0.109807	-0.0465724
576	18414	0.263112	-0.0242837	0.0929046	-0.0465724
577	17670	0.27791	-0.0242837	0.0936938	-0.0465724
578	16926	0.284848	-0.0242837	0.0925429	-0.0465724
579	16182	0.257291	-0.0242837	0.111517	-0.0465724
580	15438	0.275082	-0.0242837	0.0946474	-0.0465724
581	14694	0.270182	-0.0242837	0.0965876	-0.0465724
582	13950	0.262421	-0.0242837	0.091359	-0.0465724
583	13206	0.259396	-0.0242837	0.106091	-0.0465724
584	12462	0.277877	-0.0242837	0.0873801	-0.0465724
585	11718	0.286098	-0.0242837	0.0886626	-0.0465724
586	10974	0.274917	-0.0242837	0.0954367	-0.0465724
587	10230	0.278732	-0.0242837	0.103855	-0.0465724
588	9486	0.269031	-0.0242837	0.0998431	-0.0465724
589	8742	0.266104	-0.0242837	0.0792578	-0.0465724
590	7998	0.25887	-0.0242837	0.098462	-0.0465724
591	7254	0.2591	-0.0242837	0.0884653	-0.0465724
592	6510	0.265775	-0.0242837	0.0889914	-0.0465724
593	5766	0.27176	-0.0242837	0.099021	-0.0465724
594	5022	0.280014	-0.0242837	0.0899122	-0.0465724
595	4278	0.258607	-0.0242837	0.0922798	-0.0465724
596	3534	0.274424	-0.0242837	0.0949434	-0.0465724
597	2790	0.238054	-0.0242837	0.0816912	-0.0465724
598	2046	0.27666	-0.0242837	0.0962587	-0.0465724
599	1302	0.262125	-0.0242837	0.0870184	-0.0465724
600	558	0.268603	-0.0256714	0.0903396	-0.0483646
