-8.000000000000000000e+03 3.566219916067113471e-02 1.962782750411140066e-03 8.786562230665284634e-01
-6.000000000000000000e+03 6.900119093531525971e-02 4.630350312743410253e-03 9.439358755071596274e-01
-4.000000000000000000e+03 1.284964696298889764e-01 6.648721382962731637e-03 8.423314701173243435e-01
-3.000000000000000000e+03 1.547268170441467861e-01 6.283712741880935482e-03 9.394058708953869630e-01
-2.000000000000000000e+03 2.304164466432969405e-01 5.799832386152874858e-03 9.445866387530763575e-01
-1.700000000000000000e+03 2.801592575135068985e-01 1.036839589802383919e-03 8.828937324606372927e-01
-1.500000000000000000e+03 3.163906930492964564e-01 -5.545830772421268297e-03 6.032145724696738043e-01
-1.300000000000000000e+03 3.442393748655672159e-01 -1.007805340653068760e-02 5.670515555734672031e-01
-1.000000000000000000e+03 3.714360610811706098e-01 -7.278064680371328608e-03 6.067805852813953349e-01
-8.000000000000000000e+02 4.360930134450434204e-01 -1.985132779872082406e-03 5.243153953734630557e-01
-6.000000000000000000e+02 4.830333082039605652e-01 -3.172613758345966227e-03 6.896932603005994089e-01
-4.000000000000000000e+02 5.085304867669323547e-01 1.036438437638999245e-03 9.828272307438062905e-01
-2.000000000000000000e+02 4.922171196774372537e-01 -2.563326521820516804e-03 5.390395970465200470e-01
0.000000000000000000e+00 6.131270712807129764e-01 2.015509765314342245e-03 8.142702730028557045e-01
2.000000000000000000e+02 5.657971716176972699e-01 3.305353179071560989e-03 9.201868406313364890e-01
4.000000000000000000e+02 5.231158660835226737e-01 -8.350916502118465408e-04 6.785916355151876411e-01
6.000000000000000000e+02 4.838210037028708443e-01 4.989232204306296402e-03 8.162218889969748981e-01
8.000000000000000000e+02 4.400321269292427617e-01 2.718826118035844695e-03 1.210258304948820474e+00
1.000000000000000000e+03 3.885158753984818691e-01 6.555724378666089557e-03 1.046662203339890906e+00
1.300000000000000000e+03 3.545742014983357948e-01 1.745536756102242584e-02 1.045517877612401891e+00
1.500000000000000000e+03 3.055737924803567651e-01 7.095441202552303130e-03 1.076534697431430265e+00
1.700000000000000000e+03 2.779795255057706527e-01 2.294965686002669106e-03 1.185260695831793942e+00
2.000000000000000000e+03 2.315594424610549484e-01 -3.106411337188696564e-03 4.922655160256960150e-01
3.000000000000000000e+03 1.428195371410208858e-01 -4.510515035714232450e-03 3.828458742566087647e-01
4.000000000000000000e+03 1.238361443329283190e-01 -6.265813471568265625e-03 4.421482172330229998e-01
6.000000000000000000e+03 7.344065886697043188e-02 -3.909318542051331072e-03 4.087508413993696799e-01
8.000000000000000000e+03 4.351566049159366623e-02 -3.046202125894970688e-03 4.744058569773430545e-01
