# Date	2015-11-30-02:55
# Type	Delay Scan
# Ov	100 mV
# IR	-100 mV
# Bot	-40 mV
# DL-Pro	365857.6 GHz
# DL-100	365841.6 GHz
# MW	On
# mwf	15932.0 MHz
# Attn	35 dB
i	step	norm	norm bkgnd	signal	signal bkgnd
0	79800	0.285506	0.00552554	0.106288	-0.0137411	
1	79600	0.274983	0.00552554	0.0954038	-0.0137411	
2	79400	0.277252	0.00552554	0.0921154	-0.0137411	
3	79200	0.260317	0.00552554	0.0941542	-0.0137411	
4	79000	0.256831	0.00552554	0.100303	-0.0137411	
5	78800	0.260021	0.00552554	0.100567	-0.0137411	
6	78600	0.242888	0.00552554	0.0963245	-0.0137411	
7	78400	0.262191	0.00552554	0.0925758	-0.0137411	
8	78200	0.25545	0.00552554	0.0770874	-0.0137411	
9	78000	0.273964	0.00552554	0.0933321	-0.0137411	
10	77800	0.269557	0.00552554	0.0902081	-0.0137411	
11	77600	0.277383	0.00552554	0.0932005	-0.0137411	
12	77400	0.267091	0.00552554	0.0904054	-0.0137411	
13	77200	0.268932	0.00552554	0.0951078	-0.0137411	
14	77000	0.28304	0.00552554	0.0952393	-0.0137411	
15	76800	0.274227	0.00552554	0.0918852	-0.0137411	
16	76600	0.27449	0.00552554	0.0977056	-0.0137411	
17	76400	0.273832	0.00552554	0.085999	-0.0137411	
18	76200	0.25762	0.00552554	0.0805074	-0.0137411	
19	76000	0.26936	0.00552554	0.0780411	-0.0137411	
20	75800	0.269195	0.00552554	0.0908	-0.0137411	
21	75600	0.267748	0.00552554	0.0909316	-0.0137411	
22	75400	0.269886	0.00552554	0.0858674	-0.0137411	
23	75200	0.283434	0.00552554	0.0833354	-0.0137411	
24	75000	0.284815	0.00552554	0.0983304	-0.0137411	
25	74800	0.275641	0.00552554	0.0876761	-0.0137411	
26	74600	0.283829	0.00552554	0.0830723	-0.0137411	
27	74400	0.279488	0.00552554	0.106025	-0.0137411	
28	74200	0.276101	0.00552554	0.0942199	-0.0137411	
29	74000	0.255187	0.00552554	0.0949434	-0.0137411	
30	73800	0.287643	0.00552554	0.0954367	-0.0137411	
31	73600	0.27518	0.00552554	0.0957984	-0.0137411	
32	73400	0.276594	0.00552554	0.0969822	-0.0137411	
33	73200	0.27176	0.00552554	0.0863278	-0.0137411	
34	73000	0.280803	0.00552554	0.0928717	-0.0137411	
35	72800	0.286163	0.00552554	0.0912604	-0.0137411	
36	72600	0.271168	0.00552554	0.0992512	-0.0137411	
37	72400	0.269886	0.00552554	0.0850782	-0.0137411	
38	72200	0.278633	0.00552554	0.0844205	-0.0137411	
39	72000	0.289057	0.00552554	0.0862292	-0.0137411	
40	71800	0.252951	0.00552554	0.0897149	-0.0137411	
41	71600	0.256699	0.00552554	0.0896491	-0.0137411	
42	71400	0.251865	0.00552554	0.0874788	-0.0137411	
43	71200	0.276627	0.00552554	0.0880707	-0.0137411	
44	71000	0.260613	0.00552554	0.0813952	-0.0137411	
45	70800	0.261665	0.00552554	0.0951736	-0.0137411	
46	70600	0.263309	0.00552554	0.0835985	-0.0137411	
47	70400	0.265874	0.00552554	0.0980674	-0.0137411	
48	70200	0.273372	0.00552554	0.0901423	-0.0137411	
49	70000	0.275049	0.00552554	0.0920825	-0.0137411	
50	69800	0.242625	0.00552554	0.0790605	-0.0137411	
51	69600	0.260185	0.00552554	0.084585	-0.0137411	
52	69400	0.274523	0.00552554	0.0837629	-0.0137411	
53	69200	0.255581	0.00552554	0.0832367	-0.0137411	
54	69000	0.263013	0.00552554	0.0859661	-0.0137411	
55	68800	0.265118	0.00552554	0.0955353	-0.0137411	
56	68600	0.271201	0.00552554	0.0849796	-0.0137411	
57	68400	0.257883	0.00552554	0.0868211	-0.0137411	
58	68200	0.252951	0.00552554	0.0840259	-0.0137411	
59	68000	0.25203	0.00552554	0.0816254	-0.0137411	
60	67800	0.257423	0.00552554	0.0912275	-0.0137411	
61	67600	0.263835	0.00552554	0.0858346	-0.0137411	
62	67400	0.258771	0.00552554	0.0906356	-0.0137411	
63	67200	0.267979	0.00552554	0.0867882	-0.0137411	
64	67000	0.259955	0.00552554	0.0818556	-0.0137411	
65	66800	0.25864	0.00552554	0.0929046	-0.0137411	
66	66600	0.27153	0.00552554	0.0833025	-0.0137411	
67	66400	0.265085	0.00552554	0.101158	-0.0137411	
68	66200	0.262586	0.00552554	0.0986922	-0.0137411	
69	66000	0.291688	0.00552554	0.0921811	-0.0137411	
70	65800	0.277745	0.00552554	0.0952393	-0.0137411	
71	65600	0.257785	0.00552554	0.0934307	-0.0137411	
72	65400	0.267584	0.00552554	0.0807376	-0.0137411	
73	65200	0.250386	0.00552554	0.0904383	-0.0137411	
74	65000	0.269162	0.00552554	0.0878076	-0.0137411	
75	64800	0.26982	0.00552554	0.0875774	-0.0137411	
76	64600	0.260317	0.00552554	0.0902739	-0.0137411	
77	64400	0.265348	0.00552554	0.0926744	-0.0137411	
78	64200	0.255779	0.00552554	0.087972	-0.0137411	
79	64000	0.263901	0.00552554	0.0894518	-0.0137411	
80	63800	0.263868	0.00552554	0.0952722	-0.0137411	
81	63600	0.278797	0.00552554	0.0915892	-0.0137411	
82	63400	0.25762	0.00552554	0.086854	-0.0137411	
83	63200	0.245716	0.00552554	0.0868868	-0.0137411	
84	63000	0.268735	0.00552554	0.0864265	-0.0137411	
85	62800	0.251668	0.00552554	0.0802114	-0.0137411	
86	62600	0.257061	0.00552554	0.0766271	-0.0137411	
87	62400	0.248117	0.00552554	0.0905041	-0.0137411	
88	62200	0.27005	0.00552554	0.0800799	-0.0137411	
89	62000	0.259823	0.00552554	0.0901752	-0.0137411	
90	61800	0.260876	0.00552554	0.0832696	-0.0137411	
91	61600	0.254957	0.00552554	0.0862949	-0.0137411	
92	61400	0.261632	0.00552554	0.0833354	-0.0137411	
93	61200	0.270478	0.00552554	0.0827764	-0.0137411	
94	61000	0.263572	0.00552554	0.0830723	-0.0137411	
95	60800	0.271826	0.00552554	0.0781726	-0.0137411	
96	60600	0.259692	0.00552554	0.0835327	-0.0137411	
97	60400	0.268603	0.00552554	0.0743252	-0.0137411	
98	60200	0.274259	0.00552554	0.0853413	-0.0137411	
99	60000	0.270379	0.00552554	0.0844534	-0.0137411	
100	59800	0.263802	0.00552554	0.0839273	-0.0137411	
101	59600	0.274851	0.00552554	0.090241	-0.0137411	
102	59400	0.259725	0.00552554	0.092214	-0.0137411	
103	59200	0.267847	0.00552554	0.0819214	-0.0137411	
104	59000	0.254924	0.00552554	0.0845192	-0.0137411	
105	58800	0.260777	0.00552554	0.0932005	-0.0137411	
106	58600	0.256173	0.00552554	0.0787645	-0.0137411	
107	58400	0.258607	0.00552554	0.0725495	-0.0137411	
108	58200	0.25055	0.00552554	0.0877418	-0.0137411	
109	58000	0.266861	0.00552554	0.0770217	-0.0137411	
110	57800	0.253411	0.00552554	0.0832038	-0.0137411	
111	57600	0.256436	0.00552554	0.0858674	-0.0137411	
112	57400	0.279357	0.00552554	0.0847165	-0.0137411	
113	57200	0.262849	0.00552554	0.0835656	-0.0137411	
114	57000	0.277581	0.00552554	0.0818885	-0.0137411	
115	56800	0.270905	0.00552554	0.0823817	-0.0137411	
116	56600	0.261994	0.00552554	0.0836971	-0.0137411	
117	56400	0.266104	0.00552554	0.0798497	-0.0137411	
118	56200	0.272648	0.00552554	0.090241	-0.0137411	
119	56000	0.270149	0.00552554	0.0861963	-0.0137411	
120	55800	0.259725	0.00552554	0.0856701	-0.0137411	
121	55600	0.245223	0.00552554	0.0838615	-0.0137411	
122	55400	0.252326	0.00552554	0.081165	-0.0137411	
123	55200	0.273141	0.00552554	0.0880707	-0.0137411	
124	55000	0.265151	0.00552554	0.0866895	-0.0137411	
125	54800	0.273306	0.00552554	0.0726481	-0.0137411	
126	54600	0.262158	0.00552554	0.0863278	-0.0137411	
127	54400	0.255055	0.00552554	0.0810335	-0.0137411	
128	54200	0.251701	0.00552554	0.0805731	-0.0137411	
129	54000	0.257324	0.00552554	0.0845521	-0.0137411	
130	53800	0.27712	0.00552554	0.0890901	-0.0137411	
131	53600	0.249827	0.00552554	0.0856701	-0.0137411	
132	53400	0.255088	0.00552554	0.0923785	-0.0137411	
133	53200	0.240488	0.00552554	0.0914577	-0.0137411	
134	53000	0.271399	0.00552554	0.0904383	-0.0137411	
135	52800	0.269853	0.00552554	0.0843548	-0.0137411	
136	52600	0.275378	0.00552554	0.092214	-0.0137411	
137	52400	0.281494	0.00552554	0.0848152	-0.0137411	
138	52200	0.261731	0.00552554	0.0965547	-0.0137411	
139	52000	0.263671	0.00552554	0.0919181	-0.0137411	
140	51800	0.260119	0.00552554	0.0839931	-0.0137411	
141	51600	0.266959	0.00552554	0.0926415	-0.0137411	
142	51400	0.25522	0.00552554	0.0878734	-0.0137411	
143	51200	0.270872	0.00552554	0.0782384	-0.0137411	
144	51000	0.280244	0.00552554	0.0995143	-0.0137411	
145	50800	0.251043	0.00552554	0.0921154	-0.0137411	
146	50600	0.254529	0.00552554	0.0819214	-0.0137411	
147	50400	0.273898	0.00552554	0.0860319	-0.0137411	
148	50200	0.260941	0.00552554	0.0891558	-0.0137411	
149	50000	0.261796	0.00552554	0.0883995	-0.0137411	
150	49800	0.256173	0.00552554	0.0755748	-0.0137411	
151	49600	0.262355	0.00552554	0.0739964	-0.0137411	
152	49400	0.261566	0.00552554	0.081461	-0.0137411	
153	49200	0.257587	0.00552554	0.084848	-0.0137411	
154	49000	0.248314	0.00552554	0.0761996	-0.0137411	
155	48800	0.244532	0.00552554	0.0976728	-0.0137411	
156	48600	0.249662	0.00552554	0.0945488	-0.0137411	
157	48400	0.253411	0.00552554	0.0865251	-0.0137411	
158	48200	0.2737	0.00552554	0.0926744	-0.0137411	
159	48000	0.25157	0.00552554	0.078633	-0.0137411	
160	47800	0.247887	0.00552554	0.0878734	-0.0137411	
161	47600	0.268998	0.00552554	0.0826448	-0.0137411	
162	47400	0.258607	0.00552554	0.0999089	-0.0137411	
163	47200	0.249695	0.00552554	0.0882351	-0.0137411	
164	47000	0.236607	0.00552554	0.0960286	-0.0137411	
165	46800	0.270642	0.00552554	0.0903725	-0.0137411	
166	46600	0.254989	0.00552554	0.0954695	-0.0137411	
167	46400	0.259396	0.00552554	0.0885968	-0.0137411	
168	46200	0.237265	0.00552554	0.0905041	-0.0137411	
169	46000	0.272122	0.00552554	0.0899779	-0.0137411	
170	45800	0.264131	0.00552554	0.0730756	-0.0137411	
171	45600	0.274851	0.00552554	0.085999	-0.0137411	
172	45400	0.281395	0.00552554	0.0806389	-0.0137411	
173	45200	0.266433	0.00552554	0.088268	-0.0137411	
174	45000	0.268307	0.00552554	0.0901423	-0.0137411	
175	44800	0.254529	0.00552554	0.0927731	-0.0137411	
176	44600	0.263112	0.00552554	0.101915	-0.0137411	
177	44400	0.250517	0.00552554	0.0839931	-0.0137411	
178	44200	0.264361	0.00552554	0.081757	-0.0137411	
179	44000	0.270905	0.00552554	0.100599	-0.0137411	
180	43800	0.259856	0.00552554	0.0937267	-0.0137411	
181	43600	0.290406	0.00552554	0.094779	-0.0137411	
182	43400	0.268505	0.00552554	0.0899122	-0.0137411	
183	43200	0.261533	0.00552554	0.0952393	-0.0137411	
184	43000	0.267485	0.00552554	0.0943186	-0.0137411	
185	42800	0.27278	0.00552554	0.09251	-0.0137411	
186	42600	0.276364	0.00552554	0.102342	-0.0137411	
187	42400	0.270609	0.00552554	0.088827	-0.0137411	
188	42200	0.267979	0.00552554	0.0863607	-0.0137411	
189	42000	0.256667	0.00552554	0.091951	-0.0137411	
190	41800	0.262421	0.00552554	0.101422	-0.0137411	
191	41600	0.263243	0.00552554	0.0921154	-0.0137411	
192	41400	0.277548	0.00552554	0.0774492	-0.0137411	
193	41200	0.267288	0.00552554	0.0870184	-0.0137411	
194	41000	0.260876	0.00552554	0.0836313	-0.0137411	
195	40800	0.274884	0.00552554	0.0795537	-0.0137411	
196	40600	0.249432	0.00552554	0.0917208	-0.0137411	
197	40400	0.26423	0.00552554	0.0833354	-0.0137411	
198	40200	0.265381	0.00552554	0.104513	-0.0137411	
199	40000	0.261829	0.00552554	0.0860976	-0.0137411	
200	39800	0.276035	0.00552554	0.0840588	-0.0137411	
201	39600	0.275509	0.00552554	0.0926744	-0.0137411	
202	39400	0.272122	0.00552554	0.0901752	-0.0137411	
203	39200	0.27883	0.00552554	0.0915564	-0.0137411	
204	39000	0.252786	0.00552554	0.0793893	-0.0137411	
205	38800	0.258837	0.00552554	0.0761009	-0.0137411	
206	38600	0.261796	0.00552554	0.0877089	-0.0137411	
207	38400	0.266137	0.00552554	0.0793564	-0.0137411	
208	38200	0.241244	0.00552554	0.0908987	-0.0137411	
209	38000	0.250715	0.00552554	0.0876761	-0.0137411	
210	37800	0.246111	0.00552554	0.0816583	-0.0137411	
211	37600	0.250583	0.00552554	0.0744567	-0.0137411	
212	37400	0.257061	0.00552554	0.0928059	-0.0137411	
213	37200	0.263013	0.00552554	0.082316	-0.0137411	
214	37000	0.267716	0.00552554	0.0909644	-0.0137411	
215	36800	0.266532	0.00552554	0.0905041	-0.0137411	
216	36600	0.237133	0.00552554	0.077219	-0.0137411	
217	36400	0.248117	0.00552554	0.0821187	-0.0137411	
218	36200	0.264986	0.00552554	0.080047	-0.0137411	
219	36000	0.244828	0.00552554	0.0839273	-0.0137411	
220	35800	0.261731	0.00552554	0.0813295	-0.0137411	
221	35600	0.249629	0.00552554	0.0892216	-0.0137411	
222	35400	0.245223	0.00552554	0.0796853	-0.0137411	
223	35200	0.245519	0.00552554	0.0761009	-0.0137411	
224	35000	0.263638	0.00552554	0.0755748	-0.0137411	
225	34800	0.259363	0.00552554	0.0885968	-0.0137411	
226	34600	0.264164	0.00552554	0.0857688	-0.0137411	
227	34400	0.256502	0.00552554	0.0798826	-0.0137411	
228	34200	0.250846	0.00552554	0.0836642	-0.0137411	
229	34000	0.258311	0.00552554	0.0983633	-0.0137411	
230	33800	0.258245	0.00552554	0.0715301	-0.0137411	
231	33600	0.244598	0.00552554	0.0727797	-0.0137411	
232	33400	0.265447	0.00552554	0.0834011	-0.0137411	
233	33200	0.258968	0.00552554	0.0927731	-0.0137411	
234	33000	0.257653	0.00552554	0.0855386	-0.0137411	
235	32800	0.252161	0.00552554	0.0851111	-0.0137411	
236	32600	0.266565	0.00552554	0.0967191	-0.0137411	
237	32400	0.261994	0.00552554	0.0829079	-0.0137411	
238	32200	0.268505	0.00552554	0.0903396	-0.0137411	
239	32000	0.251931	0.00552554	0.0895176	-0.0137411	
240	31800	0.269952	0.00552554	0.0842561	-0.0137411	
241	31600	0.266104	0.00552554	0.0804416	-0.0137411	
242	31400	0.241047	0.00552554	0.0830065	-0.0137411	
243	31200	0.244434	0.00552554	0.0884324	-0.0137411	
244	31000	0.241211	0.00552554	0.079192	-0.0137411	
245	30800	0.263967	0.00552554	0.0818556	-0.0137411	
246	30600	0.25249	0.00552554	0.083434	-0.0137411	
247	30400	0.265381	0.00552554	0.088531	-0.0137411	
248	30200	0.264657	0.00552554	0.0792578	-0.0137411	
249	30000	0.26104	0.00552554	0.0763969	-0.0137411	
250	29800	0.268176	0.00552554	0.091359	-0.0137411	
251	29600	0.261303	0.00552554	0.0777122	-0.0137411	
252	29400	0.253806	0.00552554	0.0754432	-0.0137411	
253	29200	0.252392	0.00552554	0.0836971	-0.0137411	
254	29000	0.246933	0.00552554	0.0848152	-0.0137411	
255	28800	0.236739	0.00552554	0.0885639	-0.0137411	
256	28600	0.247591	0.00552554	0.0792249	-0.0137411	
257	28400	0.277482	0.00552554	0.0839602	-0.0137411	
258	28200	0.259856	0.00552554	0.0989552	-0.0137411	
259	28000	0.273766	0.00552554	0.0885968	-0.0137411	
260	27800	0.255746	0.00552554	0.0878076	-0.0137411	
261	27600	0.261533	0.00552554	0.0886297	-0.0137411	
262	27400	0.248544	0.00552554	0.088827	-0.0137411	
263	27200	0.251964	0.00552554	0.0847494	-0.0137411	
264	27000	0.273668	0.00552554	0.0844534	-0.0137411	
265	26800	0.254069	0.00552554	0.0839273	-0.0137411	
266	26600	0.239633	0.00552554	0.0891558	-0.0137411	
267	26400	0.245322	0.00552554	0.0963574	-0.0137411	
268	26200	0.25739	0.00552554	0.0910302	-0.0137411	
269	26000	0.258475	0.00552554	0.0818227	-0.0137411	
270	25800	0.258311	0.00552554	0.0861963	-0.0137411	
271	25600	0.254266	0.00552554	0.0877747	-0.0137411	
272	25400	0.248281	0.00552554	0.0889585	-0.0137411	
273	25200	0.255647	0.00552554	0.0844534	-0.0137411	
274	25000	0.260777	0.00552554	0.0801456	-0.0137411	
275	24800	0.26298	0.00552554	0.0825791	-0.0137411	
276	24600	0.252589	0.00552554	0.0850453	-0.0137411	
277	24400	0.259823	0.00552554	0.0840259	-0.0137411	
278	24200	0.245387	0.00552554	0.0779424	-0.0137411	
279	24000	0.266038	0.00552554	0.09958	-0.0137411	
280	23800	0.242625	0.00552554	0.0938582	-0.0137411	
281	23600	0.276857	0.00552554	0.0812637	-0.0137411	
282	23400	0.26663	0.00552554	0.0813295	-0.0137411	
283	23200	0.28179	0.00552554	0.0921154	-0.0137411	
284	23000	0.264723	0.00552554	0.0818227	-0.0137411	
285	22800	0.247393	0.00552554	0.0810664	-0.0137411	
286	22600	0.261139	0.00552554	0.087117	-0.0137411	
287	22400	0.249005	0.00552554	0.0924113	-0.0137411	
288	22200	0.266137	0.00552554	0.0873801	-0.0137411	
289	22000	0.255549	0.00552554	0.0878734	-0.0137411	
290	21800	0.270281	0.00552554	0.080902	-0.0137411	
291	21600	0.26423	0.00552554	0.0903068	-0.0137411	
292	21400	0.266598	0.00552554	0.0825133	-0.0137411	
293	21200	0.256765	0.00552554	0.0836313	-0.0137411	
294	21000	0.237824	0.00552554	0.0840588	-0.0137411	
295	20800	0.231412	0.00552554	0.0987579	-0.0137411	
296	20600	0.24815	0.00552554	0.0809677	-0.0137411	
297	20400	0.253674	0.00552554	0.0863936	-0.0137411	
298	20200	0.256371	0.00552554	0.0881035	-0.0137411	
299	20000	0.252293	0.00552554	0.0835985	-0.0137411	
300	19800	0.267847	0.00552554	0.0749829	-0.0137411	
301	19600	0.274029	0.00552554	0.0758707	-0.0137411	
302	19400	0.253312	0.00552554	0.0856701	-0.0137411	
303	19200	0.259593	0.00552554	0.0864922	-0.0137411	
304	19000	0.275082	0.00552554	0.0809349	-0.0137411	
305	18800	0.254891	0.00552554	0.0877089	-0.0137411	
306	18600	0.259791	0.00552554	0.0796853	-0.0137411	
307	18400	0.2469	0.00552554	0.0859003	-0.0137411	
308	18200	0.256469	0.00552554	0.0745554	-0.0137411	
309	18000	0.235292	0.00552554	0.0824804	-0.0137411	
310	17800	0.23082	0.00552554	0.079192	-0.0137411	
311	17600	0.255746	0.00552554	0.0774163	-0.0137411	
312	17400	0.246505	0.00552554	0.0784686	-0.0137411	
313	17200	0.251964	0.00552554	0.080902	-0.0137411	
314	17000	0.245979	0.00552554	0.0805731	-0.0137411	
315	16800	0.25785	0.00552554	0.0818227	-0.0137411	
316	16600	0.249333	0.00552554	0.0790276	-0.0137411	
317	16400	0.25249	0.00552554	0.0948119	-0.0137411	
318	16200	0.256732	0.00552554	0.0708395	-0.0137411	
319	16000	0.237857	0.00552554	0.0739306	-0.0137411	
320	15800	0.22398	0.00552554	0.0720891	-0.0137411	
321	15600	0.243743	0.00552554	0.0694913	-0.0137411	
322	15400	0.240751	0.00552554	0.0805074	-0.0137411	
323	15200	0.234371	0.00552554	0.0711355	-0.0137411	
324	15000	0.230655	0.00552554	0.0823489	-0.0137411	
325	14800	0.237364	0.00552554	0.0771861	-0.0137411	
326	14600	0.24108	0.00552554	0.0759365	-0.0137411	
327	14400	0.261369	0.00552554	0.0888928	-0.0137411	
328	14200	0.245749	0.00552554	0.089945	-0.0137411	
329	14000	0.236246	0.00552554	0.0741937	-0.0137411	
330	13800	0.246341	0.00552554	0.0758707	-0.0137411	
331	13600	0.253839	0.00552554	0.0816912	-0.0137411	
332	13400	0.23276	0.00552554	0.0823489	-0.0137411	
333	13200	0.249005	0.00552554	0.0827106	-0.0137411	
334	13000	0.263441	0.00552554	0.0908	-0.0137411	
335	12800	0.242526	0.00552554	0.0855386	-0.0137411	
336	12600	0.256042	0.00552554	0.101191	-0.0137411	
337	12400	0.25545	0.00552554	0.0870513	-0.0137411	
338	12200	0.264263	0.00552554	0.0899122	-0.0137411	
339	12000	0.259363	0.00552554	0.0998102	-0.0137411	
340	11800	0.260909	0.00552554	0.0910631	-0.0137411	
341	11600	0.25693	0.00552554	0.0951407	-0.0137411	
342	11400	0.251865	0.00552554	0.085999	-0.0137411	
343	11200	0.253904	0.00552554	0.0822173	-0.0137411	
344	11000	0.240192	0.00552554	0.0865909	-0.0137411	
345	10800	0.236772	0.00552554	0.0853084	-0.0137411	
346	10600	0.23618	0.00552554	0.0852755	-0.0137411	
347	10400	0.244204	0.00552554	0.0789289	-0.0137411	
348	10200	0.244861	0.00552554	0.0925758	-0.0137411	
349	10000	0.269853	0.00552554	0.0843548	-0.0137411	
350	9800	0.255384	0.00552554	0.0759365	-0.0137411	
351	9600	0.263474	0.00552554	0.0965547	-0.0137411	
352	9400	0.264723	0.00552554	0.0730098	-0.0137411	
353	9200	0.244993	0.00552554	0.0836971	-0.0137411	
354	9000	0.23858	0.00552554	0.0901752	-0.0137411	
355	8800	0.238811	0.00552554	0.0748513	-0.0137411	
356	8600	0.253904	0.00552554	0.0878734	-0.0137411	
357	8400	0.254661	0.00552554	0.0759036	-0.0137411	
358	8200	0.256042	0.00552554	0.0863278	-0.0137411	
359	8000	0.262783	0.00552554	0.081757	-0.0137411	
360	7800	0.245749	0.00552554	0.0941871	-0.0137411	
361	7600	0.252293	0.00552554	0.0866895	-0.0137411	
362	7400	0.261862	0.00552554	0.086558	-0.0137411	
363	7200	0.24029	0.00552554	0.0819871	-0.0137411	
364	7000	0.256075	0.00552554	0.0902081	-0.0137411	
365	6800	0.232234	0.00552554	0.0818556	-0.0137411	
366	6600	0.24394	0.00552554	0.0891887	-0.0137411	
367	6400	0.241737	0.00552554	0.0900437	-0.0137411	
368	6200	0.24565	0.00552554	0.0884982	-0.0137411	
369	6000	0.241967	0.00552554	0.0820529	-0.0137411	
370	5800	0.251208	0.00552554	0.0859332	-0.0137411	
371	5600	0.251339	0.00552554	0.0910631	-0.0137411	
372	5400	0.269886	0.00552554	0.0951078	-0.0137411	
373	5200	0.260514	0.00552554	0.0868868	-0.0137411	
374	5000	0.261106	0.00552554	0.081757	-0.0137411	
375	4800	0.239271	0.00552554	0.0822173	-0.0137411	
376	4600	0.249268	0.00552554	0.0845521	-0.0137411	
377	4400	0.261731	0.00552554	0.0853413	-0.0137411	
378	4200	0.258936	0.00552554	0.0892874	-0.0137411	
379	4000	0.253839	0.00552554	0.0823489	-0.0137411	
380	3800	0.252359	0.00552554	0.0884324	-0.0137411	
381	3600	0.250156	0.00552554	0.0843219	-0.0137411	
382	3400	0.253312	0.00552554	0.0828092	-0.0137411	
383	3200	0.263539	0.00552554	0.093924	-0.0137411	
384	3000	0.262816	0.00552554	0.0871828	-0.0137411	
385	2800	0.263704	0.00552554	0.0908987	-0.0137411	
386	2600	0.255549	0.00552554	0.0784686	-0.0137411	
387	2400	0.243151	0.00552554	0.0843219	-0.0137411	
388	2200	0.25716	0.00552554	0.0860319	-0.0137411	
389	2000	0.267354	0.00552554	0.0846507	-0.0137411	
390	1800	0.253115	0.00552554	0.0880378	-0.0137411	
391	1600	0.253543	0.00552554	0.102277	-0.0137411	
392	1400	0.258278	0.00552554	0.0844205	-0.0137411	
393	1200	0.249991	0.00552554	0.0858017	-0.0137411	
394	1000	0.243414	0.00552554	0.0811979	-0.0137411	
395	800	0.23835	0.00552554	0.0855057	-0.0137411	
396	600	0.261862	0.00552554	0.0799155	-0.0137411	
397	400	0.253345	0.00552554	0.0796524	-0.0137411	
398	200	0.251635	0.00552554	0.0856044	-0.0137411	
399	0	0.248446	0.00426279	0.076923	-0.013409	
