# Filename	10_delay.txt
# Date	2016-09-22
# Title	DL-Pro & DL-100 Locked delay scan.
# DL-Pro	365872.6 GHz
# DL-100	365856.7 GHz
# Static	-1000 mV Pulsed
# MWOn	On
# MWf	15932.0 MHz
# Attn	38 dB
# FixedAttn	6 dB
# B2	B2 = T2 + 2.050 us
# HP214B	HP 214B FIP at 5.5 on 100V setting ; Applied to Top ; Mesh & Vin of MCP @ +25V ; Vout of MCP @ +2025 V
# Oven	32 A
# Boxcar	Gate = 200 ns ; Amp = 25x ; Sensitivity = 5 mV
# Offset	+/- 30 mV IR/Oven offset.
# Bias	Top: 0 V ; Bot: -0.409 V ; IR: +0.052 V ; Oven: -0.052 V ; Vis: -0.011 V ; MW: +0.011 V
# Passes	4
i	step	norm	nbackground	signal	sbackground
0	0	0.267485	-0.0203935	-0.0282067	-0.0425836
1	744	0.257686	-0.0203935	-0.0220246	-0.0425836
2	1488	0.255253	-0.0203935	-0.0239647	-0.0425836
3	2232	0.268735	-0.0203935	-0.0260693	-0.0425836
4	2976	0.265874	-0.0203935	-0.0286671	-0.0425836
5	3720	0.252161	-0.0203935	-0.0293248	-0.0425836
6	4464	0.262191	-0.0203935	-0.0243264	-0.0425836
7	5208	0.261796	-0.0203935	-0.0262008	-0.0425836
8	5952	0.268143	-0.0203935	-0.0224192	-0.0425836
9	6696	0.2518	-0.0203935	-0.0340272	-0.0425836
10	7440	0.264624	-0.0203935	-0.032383	-0.0425836
11	8184	0.249037	-0.0203935	-0.0360002	-0.0425836
12	8928	0.265216	-0.0203935	-0.0295879	-0.0425836
13	9672	0.252622	-0.0203935	-0.0299825	-0.0425836
14	10416	0.266071	-0.0203935	-0.0264639	-0.0425836
15	11160	0.259067	-0.0203935	-0.029555	-0.0425836
16	11904	0.258311	-0.0203935	-0.0236688	-0.0425836
17	12648	0.264131	-0.0203935	-0.0287329	-0.0425836
18	13392	0.252918	-0.0203935	-0.0303442	-0.0425836
19	14136	0.260119	-0.0203935	-0.0308046	-0.0425836
20	14880	0.279291	-0.0203935	-0.0295221	-0.0425836
21	15624	0.273437	-0.0203935	-0.0309361	-0.0425836
22	16368	0.257489	-0.0203935	-0.0310348	-0.0425836
23	17112	0.288432	-0.0203935	-0.0256747	-0.0425836
24	17856	0.285078	-0.0203935	-0.0301469	-0.0425836
25	18600	0.268571	-0.0203935	-0.0299825	-0.0425836
26	19344	0.273207	-0.0203935	-0.0329091	-0.0425836
27	20088	0.269853	-0.0203935	-0.0346191	-0.0425836
28	20832	0.270807	-0.0203935	-0.0325803	-0.0425836
29	21576	0.27666	-0.0203935	-0.0306073	-0.0425836
30	22320	0.273306	-0.0203935	-0.0344876	-0.0425836
31	23064	0.270281	-0.0203935	-0.0337312	-0.0425836
32	23808	0.2908	-0.0203935	-0.0338299	-0.0425836
33	24552	0.257817	-0.0203935	-0.0387625	-0.0425836
34	25296	0.285933	-0.0203935	-0.0312321	-0.0425836
35	26040	0.275147	-0.0203935	-0.0306073	-0.0425836
36	26784	0.267683	-0.0203935	-0.0276806	-0.0425836
37	27528	0.295568	-0.0203935	-0.0283054	-0.0425836
38	28272	0.283204	-0.0203935	-0.0273518	-0.0425836
39	29016	0.27962	-0.0203935	-0.0282396	-0.0425836
40	29760	0.267748	-0.0203935	-0.0311005	-0.0425836
41	30504	0.273766	-0.0203935	-0.0273518	-0.0425836
42	31248	0.283171	-0.0203935	-0.0316267	-0.0425836
43	31992	0.273569	-0.0203935	-0.022748	-0.0425836
44	32736	0.28932	-0.0203935	-0.0248855	-0.0425836
45	33480	0.292707	-0.0203935	-0.0254116	-0.0425836
46	34224	0.287314	-0.0203935	-0.0269572	-0.0425836
47	34968	0.280047	-0.0203935	-0.0240634	-0.0425836
48	35712	0.271958	-0.0203935	-0.0300482	-0.0425836
49	36456	0.280672	-0.0203935	-0.0311663	-0.0425836
50	37200	0.284519	-0.0203935	-0.0243593	-0.0425836
51	37944	0.265085	-0.0203935	-0.0270229	-0.0425836
52	38688	0.263276	-0.0203935	-0.0268585	-0.0425836
53	39432	0.265611	-0.0203935	-0.0252801	-0.0425836
54	40176	0.272911	-0.0203935	-0.0228467	-0.0425836
55	40920	0.272747	-0.0203935	-0.022189	-0.0425836
56	41664	0.281231	-0.0203935	-0.0277793	-0.0425836
57	42408	0.275805	-0.0203935	-0.0283712	-0.0425836
58	43152	0.287117	-0.0203935	-0.025313	-0.0425836
59	43896	0.284289	-0.0203935	-0.022748	-0.0425836
60	44640	0.293266	-0.0203935	-0.0251485	-0.0425836
61	45384	0.296423	-0.0203935	-0.0276477	-0.0425836
62	46128	0.271004	-0.0203935	-0.0282396	-0.0425836
63	46872	0.269228	-0.0203935	-0.0351452	-0.0425836
64	47616	0.286131	-0.0203935	-0.0290617	-0.0425836
65	48360	0.26936	-0.0203935	-0.029259	-0.0425836
66	49104	0.279324	-0.0203935	-0.0271873	-0.0425836
67	49848	0.305039	-0.0203935	-0.0247539	-0.0425836
68	50592	0.272155	-0.0203935	-0.022748	-0.0425836
69	51336	0.274753	-0.0203935	-0.0246553	-0.0425836
70	52080	0.279488	-0.0203935	-0.0325803	-0.0425836
71	52824	0.276989	-0.0203935	-0.0354741	-0.0425836
72	53568	0.284125	-0.0203935	-0.0307388	-0.0425836
73	54312	0.277482	-0.0203935	-0.0249512	-0.0425836
74	55056	0.284815	-0.0203935	-0.0256418	-0.0425836
75	55800	0.293497	-0.0203935	-0.0246224	-0.0425836
76	56544	0.2859	-0.0203935	-0.0249512	-0.0425836
77	57288	0.28909	-0.0203935	-0.0236359	-0.0425836
78	58032	0.27255	-0.0203935	-0.0278121	-0.0425836
79	58776	0.281165	-0.0203935	-0.030673	-0.0425836
80	59520	0.279685	-0.0203935	-0.0280423	-0.0425836
81	60264	0.279981	-0.0203935	-0.0276806	-0.0425836
82	61008	0.299679	-0.0203935	-0.0312978	-0.0425836
83	61752	0.276068	-0.0203935	-0.025576	-0.0425836
84	62496	0.285045	-0.0203935	-0.0314951	-0.0425836
85	63240	0.278534	-0.0203935	-0.027582	-0.0425836
86	63984	0.279521	-0.0203935	-0.0288973	-0.0425836
87	64728	0.2786	-0.0203935	-0.0293577	-0.0425836
88	65472	0.274786	-0.0203935	-0.028996	-0.0425836
89	66216	0.27814	-0.0203935	-0.0327776	-0.0425836
90	66960	0.286032	-0.0203935	-0.0262337	-0.0425836
91	67704	0.284552	-0.0203935	-0.0299825	-0.0425836
92	68448	0.265907	-0.0203935	-0.0291604	-0.0425836
93	69192	0.266663	-0.0203935	-0.0281739	-0.0425836
94	69936	0.275575	-0.0203935	-0.0284041	-0.0425836
95	70680	0.287939	-0.0203935	-0.0328434	-0.0425836
96	71424	0.270248	-0.0203935	-0.028141	-0.0425836
97	72168	0.276857	-0.0203935	-0.0296865	-0.0425836
98	72912	0.281231	-0.0203935	-0.0232084	-0.0425836
99	73656	0.296588	-0.0203935	-0.0266612	-0.0425836
100	74400	0.278436	-0.0203935	-0.0297194	-0.0425836
101	75144	0.260152	-0.0203935	-0.0237017	-0.0425836
102	75888	0.267617	-0.0203935	-0.0260035	-0.0425836
103	76632	0.271431	-0.0203935	-0.0239647	-0.0425836
104	77376	0.278699	-0.0203935	-0.0239647	-0.0425836
105	78120	0.259692	-0.0203935	-0.0290946	-0.0425836
106	78864	0.290932	-0.0203935	-0.0284041	-0.0425836
107	79608	0.262619	-0.0203935	-0.0285027	-0.0425836
108	80352	0.273766	-0.0203935	-0.0296865	-0.0425836
109	81096	0.278534	-0.0203935	-0.027582	-0.0425836
110	81840	0.275838	-0.0203935	-0.0299167	-0.0425836
111	82584	0.269919	-0.0203935	-0.027286	-0.0425836
112	83328	0.255549	-0.0203935	-0.0294563	-0.0425836
113	84072	0.271103	-0.0203935	-0.0278121	-0.0425836
114	84816	0.275312	-0.0203935	-0.0316267	-0.0425836
115	85560	0.272451	-0.0203935	-0.0238332	-0.0425836
116	86304	0.289255	-0.0203935	-0.034093	-0.0425836
117	87048	0.289649	-0.0203935	-0.0326461	-0.0425836
118	87792	0.29011	-0.0203935	-0.0237674	-0.0425836
119	88536	0.28327	-0.0203935	-0.0291604	-0.0425836
120	89280	0.285572	-0.0203935	-0.0373156	-0.0425836
121	90024	0.276956	-0.0203935	-0.0303113	-0.0425836
122	90768	0.278304	-0.0203935	-0.0303113	-0.0425836
123	91512	0.277088	-0.0203935	-0.035507	-0.0425836
124	92256	0.281494	-0.0203935	-0.0310676	-0.0425836
125	93000	0.277975	-0.0203935	-0.0307388	-0.0425836
126	93744	0.279488	-0.0203935	-0.032679	-0.0425836
127	94488	0.286492	-0.0203935	-0.0337641	-0.0425836
128	95232	0.283204	-0.0203935	-0.0285356	-0.0425836
129	95976	0.279389	-0.0203935	-0.0347506	-0.0425836
130	96720	0.289715	-0.0203935	-0.0296865	-0.0425836
131	97464	0.28932	-0.0203935	-0.0283712	-0.0425836
132	98208	0.286328	-0.0203935	-0.0331064	-0.0425836
133	98952	0.274884	-0.0203935	-0.0305086	-0.0425836
134	99696	0.291688	-0.0203935	-0.0292261	-0.0425836
135	100440	0.298495	-0.0203935	-0.0292919	-0.0425836
136	101184	0.286459	-0.0203935	-0.0313965	-0.0425836
137	101928	0.272648	-0.0203935	-0.0300482	-0.0425836
138	102672	0.294352	-0.0203935	-0.0282067	-0.0425836
139	103416	0.280705	-0.0203935	-0.0324817	-0.0425836
140	104160	0.27643	-0.0203935	-0.0319226	-0.0425836
141	104904	0.281921	-0.0203935	-0.0267927	-0.0425836
142	105648	0.282842	-0.0203935	-0.0248855	-0.0425836
143	106392	0.274621	-0.0203935	-0.0266283	-0.0425836
144	107136	0.280705	-0.0203935	-0.0280094	-0.0425836
145	107880	0.27495	-0.0203935	-0.025313	-0.0425836
146	108624	0.284125	-0.0203935	-0.0236359	-0.0425836
147	109368	0.285868	-0.0203935	-0.0252143	-0.0425836
148	110112	0.276956	-0.0203935	-0.0302784	-0.0425836
149	110856	0.291589	-0.0203935	-0.0240963	-0.0425836
150	111600	0.287775	-0.0203935	-0.0279437	-0.0425836
151	111042	0.287808	-0.0203935	-0.0286014	-0.0425836
152	110298	0.273207	-0.0203935	-0.0294892	-0.0425836
153	109554	0.280507	-0.0203935	-0.0302127	-0.0425836
154	108810	0.282119	-0.0203935	-0.0261351	-0.0425836
155	108066	0.288827	-0.0203935	-0.0311005	-0.0425836
156	107322	0.27814	-0.0203935	-0.0307717	-0.0425836
157	106578	0.28498	-0.0203935	-0.0214327	-0.0425836
158	105834	0.288432	-0.0203935	-0.0264639	-0.0425836
159	105090	0.280376	-0.0203935	-0.028996	-0.0425836
160	104346	0.27883	-0.0203935	-0.0303442	-0.0425836
161	103602	0.289748	-0.0203935	-0.0291275	-0.0425836
162	102858	0.271431	-0.0203935	-0.0252143	-0.0425836
163	102114	0.281987	-0.0203935	-0.0246553	-0.0425836
164	101370	0.286723	-0.0203935	-0.0316267	-0.0425836
165	100626	0.281231	-0.0203935	-0.0327118	-0.0425836
166	99882	0.280573	-0.0203935	-0.0316924	-0.0425836
167	99138	0.272023	-0.0203935	-0.0323501	-0.0425836
168	98394	0.278238	-0.0203935	-0.0286671	-0.0425836
169	97650	0.287545	-0.0203935	-0.0328763	-0.0425836
170	96906	0.275969	-0.0203935	-0.0305086	-0.0425836
171	96162	0.277186	-0.0203935	-0.0294235	-0.0425836
172	95418	0.271793	-0.0203935	-0.0356385	-0.0425836
173	94674	0.265677	-0.0203935	-0.028996	-0.0425836
174	93930	0.279028	-0.0203935	-0.0309032	-0.0425836
175	93186	0.278238	-0.0203935	-0.0315609	-0.0425836
176	92442	0.290899	-0.0203935	-0.0287329	-0.0425836
177	91698	0.268899	-0.0203935	-0.0316267	-0.0425836
178	90954	0.278008	-0.0203935	-0.0288973	-0.0425836
179	90210	0.271629	-0.0203935	-0.0283383	-0.0425836
180	89466	0.27791	-0.0203935	-0.0292919	-0.0425836
181	88722	0.293332	-0.0203935	-0.029259	-0.0425836
182	87978	0.279126	-0.0203935	-0.0271545	-0.0425836
183	87234	0.286328	-0.0203935	-0.0271216	-0.0425836
184	86490	0.270609	-0.0203935	-0.0242278	-0.0425836
185	85746	0.28715	-0.0203935	-0.0240963	-0.0425836
186	85002	0.266532	-0.0203935	-0.0311663	-0.0425836
187	84258	0.259264	-0.0203935	-0.0249184	-0.0425836
188	83514	0.271793	-0.0203935	-0.0279766	-0.0425836
189	82770	0.268735	-0.0203935	-0.0286014	-0.0425836
190	82026	0.269064	-0.0203935	-0.0191308	-0.0425836
191	81282	0.28304	-0.0203935	-0.0262008	-0.0425836
192	80538	0.274753	-0.0203935	-0.0213998	-0.0425836
193	79794	0.276101	-0.0203935	-0.0288315	-0.0425836
194	79050	0.269985	-0.0203935	-0.0297852	-0.0425836
195	78306	0.266203	-0.0203935	-0.0238661	-0.0425836
196	77562	0.271234	-0.0203935	-0.0237017	-0.0425836
197	76818	0.260941	-0.0203935	-0.0231426	-0.0425836
198	76074	0.289222	-0.0203935	-0.0228467	-0.0425836
199	75330	0.260415	-0.0203935	-0.0315609	-0.0425836
200	74586	0.267157	-0.0203935	-0.0217615	-0.0425836
201	73842	0.28225	-0.0203935	-0.0231097	-0.0425836
202	73098	0.277252	-0.0203935	-0.0232742	-0.0425836
203	72354	0.267683	-0.0203935	-0.027582	-0.0425836
204	71610	0.285243	-0.0203935	-0.0314623	-0.0425836
205	70866	0.265874	-0.0203935	-0.0316596	-0.0425836
206	70122	0.272418	-0.0203935	-0.0285027	-0.0425836
207	69378	0.294516	-0.0203935	-0.0235701	-0.0425836
208	68634	0.278337	-0.0203935	-0.0267927	-0.0425836
209	67890	0.295141	-0.0203935	-0.0299167	-0.0425836
210	67146	0.284947	-0.0203935	-0.0303113	-0.0425836
211	66402	0.271497	-0.0203935	-0.02699	-0.0425836
212	65658	0.288268	-0.0203935	-0.0288315	-0.0425836
213	64914	0.284486	-0.0203935	-0.0336655	-0.0425836
214	64170	0.285999	-0.0203935	-0.0300811	-0.0425836
215	63426	0.299284	-0.0203935	-0.0322186	-0.0425836
216	62682	0.294516	-0.0203935	-0.0243593	-0.0425836
217	61938	0.283105	-0.0203935	-0.027845	-0.0425836
218	61194	0.302046	-0.0203935	-0.0268585	-0.0425836
219	60450	0.298232	-0.0203935	-0.0282067	-0.0425836
220	59706	0.297903	-0.0203935	-0.0329749	-0.0425836
221	58962	0.307012	-0.0203935	-0.0346191	-0.0425836
222	58218	0.284881	-0.0203935	-0.0322186	-0.0425836
223	57474	0.278666	-0.0203935	-0.0298838	-0.0425836
224	56730	0.283533	-0.0203935	-0.033238	-0.0425836
225	55986	0.276792	-0.0203935	-0.0275491	-0.0425836
226	55242	0.287051	-0.0203935	-0.0333366	-0.0425836
227	54498	0.286854	-0.0203935	-0.03041	-0.0425836
228	53754	0.305335	-0.0203935	-0.030969	-0.0425836
229	53010	0.285999	-0.0203935	-0.0322843	-0.0425836
230	52266	0.280244	-0.0203935	-0.0291933	-0.0425836
231	51522	0.296127	-0.0203935	-0.0291604	-0.0425836
232	50778	0.283697	-0.0203935	-0.0323501	-0.0425836
233	50034	0.282152	-0.0203935	-0.0238332	-0.0425836
234	49290	0.283401	-0.0203935	-0.0303113	-0.0425836
235	48546	0.281921	-0.0203935	-0.0293248	-0.0425836
236	47802	0.282316	-0.0203935	-0.0279766	-0.0425836
237	47058	0.268932	-0.0203935	-0.02699	-0.0425836
238	46314	0.277022	-0.0203935	-0.0294563	-0.0425836
239	45570	0.258081	-0.0203935	-0.031824	-0.0425836
240	44826	0.264493	-0.0203935	-0.0297852	-0.0425836
241	44082	0.270511	-0.0203935	-0.0271216	-0.0425836
242	43338	0.268965	-0.0203935	-0.0241949	-0.0425836
243	42594	0.294417	-0.0203935	-0.0287987	-0.0425836
244	41850	0.287873	-0.0203935	-0.0266612	-0.0425836
245	41106	0.293891	-0.0203935	-0.0303442	-0.0425836
246	40362	0.274983	-0.0203935	-0.0282725	-0.0425836
247	39618	0.287084	-0.0203935	-0.0256747	-0.0425836
248	38874	0.284585	-0.0203935	-0.0248197	-0.0425836
249	38130	0.279028	-0.0203935	-0.0275491	-0.0425836
250	37386	0.275114	-0.0203935	-0.0253787	-0.0425836
251	36642	0.28054	-0.0203935	-0.0225178	-0.0425836
252	35898	0.298363	-0.0203935	-0.0283383	-0.0425836
253	35154	0.27962	-0.0203935	-0.023899	-0.0425836
254	34410	0.287578	-0.0203935	-0.0283383	-0.0425836
255	33666	0.258475	-0.0203935	-0.0278121	-0.0425836
256	32922	0.266006	-0.0203935	-0.0232084	-0.0425836
257	32178	0.290932	-0.0203935	-0.0245895	-0.0425836
258	31434	0.296489	-0.0203935	-0.0342574	-0.0425836
259	30690	0.282119	-0.0203935	-0.0327447	-0.0425836
260	29946	0.269952	-0.0203935	-0.0296865	-0.0425836
261	29202	0.291524	-0.0203935	-0.0333037	-0.0425836
262	28458	0.274523	-0.0203935	-0.0363948	-0.0425836
263	27714	0.270609	-0.0203935	-0.0261351	-0.0425836
264	26970	0.271826	-0.0203935	-0.0328105	-0.0425836
265	26226	0.269097	-0.0203935	-0.0364606	-0.0425836
266	25482	0.274687	-0.0203935	-0.0278779	-0.0425836
267	24738	0.277942	-0.0203935	-0.0302784	-0.0425836
268	23994	0.26617	-0.0203935	-0.0313636	-0.0425836
269	23250	0.279455	-0.0203935	-0.0331393	-0.0425836
270	22506	0.261632	-0.0203935	-0.0254116	-0.0425836
271	21762	0.272582	-0.0203935	-0.0336326	-0.0425836
272	21018	0.270346	-0.0203935	-0.032679	-0.0425836
273	20274	0.262717	-0.0203935	-0.0281739	-0.0425836
274	19530	0.286953	-0.0203935	-0.0298181	-0.0425836
275	18786	0.273306	-0.0203935	-0.0341916	-0.0425836
276	18042	0.272813	-0.0203935	-0.0317911	-0.0425836
277	17298	0.269327	-0.0203935	-0.0253787	-0.0425836
278	16554	0.265249	-0.0203935	-0.0315609	-0.0425836
279	15810	0.26617	-0.0203935	-0.0340272	-0.0425836
280	15066	0.27301	-0.0203935	-0.0296536	-0.0425836
281	14322	0.27518	-0.0203935	-0.0298838	-0.0425836
282	13578	0.282349	-0.0203935	-0.0276806	-0.0425836
283	12834	0.284454	-0.0203935	-0.0246224	-0.0425836
284	12090	0.274128	-0.0203935	-0.028996	-0.0425836
285	11346	0.294812	-0.0203935	-0.0220246	-0.0425836
286	10602	0.272484	-0.0203935	-0.0333037	-0.0425836
287	9858	0.278863	-0.0203935	-0.027582	-0.0425836
288	9114	0.281691	-0.0203935	-0.01992	-0.0425836
289	8370	0.278403	-0.0203935	-0.0262008	-0.0425836
290	7626	0.274457	-0.0203935	-0.0304757	-0.0425836
291	6882	0.277285	-0.0203935	-0.0258391	-0.0425836
292	6138	0.278206	-0.0203935	-0.026431	-0.0425836
293	5394	0.273372	-0.0203935	-0.0302455	-0.0425836
294	4650	0.275443	-0.0203935	-0.028141	-0.0425836
295	3906	0.285407	-0.0203935	-0.0288644	-0.0425836
296	3162	0.275805	-0.0203935	-0.0240634	-0.0425836
297	2418	0.271168	-0.0203935	-0.0287329	-0.0425836
298	1674	0.284717	-0.0203935	-0.0273189	-0.0425836
299	930	0.267979	-0.0203935	-0.0256089	-0.0425836
300	186	0.263112	-0.0203935	-0.0319226	-0.0425836
301	372	0.266992	-0.0203935	-0.0247211	-0.0425836
302	1116	0.26298	-0.0203935	-0.0256089	-0.0425836
303	1860	0.25864	-0.0203935	-0.0275491	-0.0425836
304	2604	0.261468	-0.0203935	-0.0287	-0.0425836
305	3348	0.276397	-0.0203935	-0.0285027	-0.0425836
306	4092	0.278436	-0.0203935	-0.0315609	-0.0425836
307	4836	0.260152	-0.0203935	-0.0274175	-0.0425836
308	5580	0.261369	-0.0203935	-0.0263324	-0.0425836
309	6324	0.266598	-0.0203935	-0.0263981	-0.0425836
310	7068	0.254233	-0.0203935	-0.0298181	-0.0425836
311	7812	0.26594	-0.0203935	-0.0300811	-0.0425836
312	8556	0.282776	-0.0203935	-0.0283712	-0.0425836
313	9300	0.275608	-0.0203935	-0.0284369	-0.0425836
314	10044	0.288367	-0.0203935	-0.0256089	-0.0425836
315	10788	0.269754	-0.0203935	-0.0286671	-0.0425836
316	11532	0.265447	-0.0203935	-0.0328763	-0.0425836
317	12276	0.279718	-0.0203935	-0.0234386	-0.0425836
318	13020	0.276068	-0.0203935	-0.0298181	-0.0425836
319	13764	0.285111	-0.0203935	-0.0323501	-0.0425836
320	14508	0.278304	-0.0203935	-0.0256747	-0.0425836
321	15252	0.28715	-0.0203935	-0.0265626	-0.0425836
322	15996	0.282349	-0.0203935	-0.0251814	-0.0425836
323	16740	0.274555	-0.0203935	-0.0298838	-0.0425836
324	17484	0.271431	-0.0203935	-0.0231755	-0.0425836
325	18228	0.267189	-0.0203935	-0.0254774	-0.0425836
326	18972	0.284026	-0.0203935	-0.0324817	-0.0425836
327	19716	0.284388	-0.0203935	-0.0299825	-0.0425836
328	20460	0.263802	-0.0203935	-0.0333037	-0.0425836
329	21204	0.286196	-0.0203935	-0.0287658	-0.0425836
330	21948	0.285966	-0.0203935	-0.0323172	-0.0425836
331	22692	0.277647	-0.0203935	-0.0319226	-0.0425836
332	23436	0.292477	-0.0203935	-0.0334682	-0.0425836
333	24180	0.274325	-0.0203935	-0.0334682	-0.0425836
334	24924	0.272122	-0.0203935	-0.0274175	-0.0425836
335	25668	0.284256	-0.0203935	-0.030114	-0.0425836
336	26412	0.274128	-0.0203935	-0.0273846	-0.0425836
337	27156	0.281231	-0.0203935	-0.0271873	-0.0425836
338	27900	0.275279	-0.0203935	-0.0284041	-0.0425836
339	28644	0.281231	-0.0203935	-0.0260364	-0.0425836
340	29388	0.27837	-0.0203935	-0.0290288	-0.0425836
341	30132	0.271136	-0.0203935	-0.0270558	-0.0425836
342	30876	0.265381	-0.0203935	-0.0295221	-0.0425836
343	31620	0.277679	-0.0203935	-0.0301469	-0.0425836
344	32364	0.284749	-0.0203935	-0.0310019	-0.0425836
345	33108	0.270412	-0.0203935	-0.0308046	-0.0425836
346	33852	0.276002	-0.0203935	-0.0232413	-0.0425836
347	34596	0.248347	-0.0203935	-0.0265626	-0.0425836
348	35340	0.261928	-0.0203935	-0.0261351	-0.0425836
349	36084	0.272221	-0.0203935	-0.0274833	-0.0425836
350	36828	0.269886	-0.0203935	-0.0277793	-0.0425836
351	37572	0.254891	-0.0203935	-0.0317253	-0.0425836
352	38316	0.260382	-0.0203935	-0.028141	-0.0425836
353	39060	0.277022	-0.0203935	-0.0291933	-0.0425836
354	39804	0.26469	-0.0203935	-0.0271216	-0.0425836
355	40548	0.276857	-0.0203935	-0.0286342	-0.0425836
356	41292	0.284454	-0.0203935	-0.0260693	-0.0425836
357	42036	0.247788	-0.0203935	-0.0273846	-0.0425836
358	42780	0.267189	-0.0203935	-0.0225178	-0.0425836
359	43524	0.275509	-0.0203935	-0.0284369	-0.0425836
360	44268	0.276759	-0.0203935	-0.0282396	-0.0425836
361	45012	0.268669	-0.0203935	-0.0330407	-0.0425836
362	45756	0.260843	-0.0203935	-0.0280752	-0.0425836
363	46500	0.280376	-0.0203935	-0.0328105	-0.0425836
364	47244	0.264197	-0.0203935	-0.0291933	-0.0425836
365	47988	0.271004	-0.0203935	-0.0309032	-0.0425836
366	48732	0.278271	-0.0203935	-0.0300482	-0.0425836
367	49476	0.268406	-0.0203935	-0.0251485	-0.0425836
368	50220	0.271464	-0.0203935	-0.0260035	-0.0425836
369	50964	0.265348	-0.0203935	-0.0255103	-0.0425836
370	51708	0.275114	-0.0203935	-0.0322515	-0.0425836
371	52452	0.250978	-0.0203935	-0.0341258	-0.0425836
372	53196	0.266104	-0.0203935	-0.0273189	-0.0425836
373	53940	0.260251	-0.0203935	-0.0365921	-0.0425836
374	54684	0.263408	-0.0203935	-0.0324488	-0.0425836
375	55428	0.257653	-0.0203935	-0.0336326	-0.0425836
376	56172	0.266071	-0.0203935	-0.0346849	-0.0425836
377	56916	0.269097	-0.0203935	-0.0293906	-0.0425836
378	57660	0.260547	-0.0203935	-0.0316596	-0.0425836
379	58404	0.26492	-0.0203935	-0.0268256	-0.0425836
380	59148	0.252951	-0.0203935	-0.0305744	-0.0425836
381	59892	0.268209	-0.0203935	-0.0270229	-0.0425836
382	60636	0.25226	-0.0203935	-0.0239647	-0.0425836
383	61380	0.264723	-0.0203935	-0.0314294	-0.0425836
384	62124	0.264394	-0.0203935	-0.0310348	-0.0425836
385	62868	0.265118	-0.0203935	-0.0282396	-0.0425836
386	63612	0.255318	-0.0203935	-0.0286671	-0.0425836
387	64356	0.259856	-0.0203935	-0.0297852	-0.0425836
388	65100	0.246144	-0.0203935	-0.027286	-0.0425836
389	65844	0.258409	-0.0203935	-0.0239318	-0.0425836
390	66588	0.261994	-0.0203935	-0.0287	-0.0425836
391	67332	0.267288	-0.0203935	-0.036066	-0.0425836
392	68076	0.260054	-0.0203935	-0.0329091	-0.0425836
393	68820	0.264822	-0.0203935	-0.0204133	-0.0425836
394	69564	0.259955	-0.0203935	-0.0296536	-0.0425836
395	70308	0.251898	-0.0203935	-0.0265954	-0.0425836
396	71052	0.264657	-0.0203935	-0.01992	-0.0425836
397	71796	0.27107	-0.0203935	-0.0239976	-0.0425836
398	72540	0.265973	-0.0203935	-0.023899	-0.0425836
399	73284	0.261007	-0.0203935	-0.0236359	-0.0425836
400	74028	0.256305	-0.0203935	-0.0262666	-0.0425836
401	74772	0.249925	-0.0203935	-0.0281739	-0.0425836
402	75516	0.244072	-0.0203935	-0.0255103	-0.0425836
403	76260	0.252622	-0.0203935	-0.0278121	-0.0425836
404	77004	0.239468	-0.0203935	-0.0341916	-0.0425836
405	77748	0.249498	-0.0203935	-0.0316596	-0.0425836
406	78492	0.235983	-0.0203935	-0.0217944	-0.0425836
407	79236	0.255253	-0.0203935	-0.0292261	-0.0425836
408	79980	0.250682	-0.0203935	-0.0302127	-0.0425836
409	80724	0.256436	-0.0203935	-0.0267599	-0.0425836
410	81468	0.253411	-0.0203935	-0.0218602	-0.0425836
411	82212	0.252194	-0.0203935	-0.0247868	-0.0425836
412	82956	0.251076	-0.0203935	-0.0280423	-0.0425836
413	83700	0.250188	-0.0203935	-0.0246224	-0.0425836
414	84444	0.259659	-0.0203935	-0.0310019	-0.0425836
415	85188	0.261106	-0.0203935	-0.0302127	-0.0425836
416	85932	0.249301	-0.0203935	-0.0266283	-0.0425836
417	86676	0.251241	-0.0203935	-0.032087	-0.0425836
418	87420	0.259626	-0.0203935	-0.0394201	-0.0425836
419	88164	0.253411	-0.0203935	-0.0304757	-0.0425836
420	88908	0.265184	-0.0203935	-0.0308375	-0.0425836
421	89652	0.272122	-0.0203935	-0.0314623	-0.0425836
422	90396	0.262191	-0.0203935	-0.0253787	-0.0425836
423	91140	0.270511	-0.0203935	-0.0353425	-0.0425836
424	91884	0.26469	-0.0203935	-0.0349151	-0.0425836
425	92628	0.272878	-0.0203935	-0.0335011	-0.0425836
426	93372	0.240553	-0.0203935	-0.0311005	-0.0425836
427	94116	0.253411	-0.0203935	-0.0343231	-0.0425836
428	94860	0.254562	-0.0203935	-0.0316596	-0.0425836
429	95604	0.257456	-0.0203935	-0.0324159	-0.0425836
430	96348	0.260284	-0.0203935	-0.0313965	-0.0425836
431	97092	0.272352	-0.0203935	-0.0312321	-0.0425836
432	97836	0.257324	-0.0203935	-0.0341916	-0.0425836
433	98580	0.244927	-0.0203935	-0.0300154	-0.0425836
434	99324	0.265381	-0.0203935	-0.0326461	-0.0425836
435	100068	0.269195	-0.0203935	-0.0284041	-0.0425836
436	100812	0.266137	-0.0203935	-0.0291275	-0.0425836
437	101556	0.272714	-0.0203935	-0.0274504	-0.0425836
438	102300	0.273931	-0.0203935	-0.0305415	-0.0425836
439	103044	0.250484	-0.0203935	-0.0266283	-0.0425836
440	103788	0.248676	-0.0203935	-0.0331393	-0.0425836
441	104532	0.259067	-0.0203935	-0.0293248	-0.0425836
442	105276	0.258278	-0.0203935	-0.0319555	-0.0425836
443	106020	0.257522	-0.0203935	-0.0313307	-0.0425836
444	106764	0.252063	-0.0203935	-0.0283712	-0.0425836
445	107508	0.257752	-0.0203935	-0.0276148	-0.0425836
446	108252	0.257587	-0.0203935	-0.0226165	-0.0425836
447	108996	0.256206	-0.0203935	-0.0283054	-0.0425836
448	109740	0.248215	-0.0203935	-0.0302127	-0.0425836
449	110484	0.247755	-0.0203935	-0.0292261	-0.0425836
450	111228	0.247295	-0.0203935	-0.0256418	-0.0425836
451	111414	0.254726	-0.0203935	-0.0253458	-0.0425836
452	110670	0.259034	-0.0203935	-0.0243593	-0.0425836
453	109926	0.257357	-0.0203935	-0.0288644	-0.0425836
454	109182	0.251734	-0.0203935	-0.0223534	-0.0425836
455	108438	0.266334	-0.0203935	-0.0285027	-0.0425836
456	107694	0.264559	-0.0203935	-0.023307	-0.0425836
457	106950	0.258015	-0.0203935	-0.0260035	-0.0425836
458	106206	0.256634	-0.0203935	-0.0300154	-0.0425836
459	105462	0.265841	-0.0203935	-0.0276477	-0.0425836
460	104718	0.267485	-0.0203935	-0.0277464	-0.0425836
461	103974	0.251109	-0.0203935	-0.0304757	-0.0425836
462	103230	0.258344	-0.0203935	-0.0277464	-0.0425836
463	102486	0.262191	-0.0203935	-0.0283712	-0.0425836
464	101742	0.261862	-0.0203935	-0.0273846	-0.0425836
465	100998	0.268669	-0.0203935	-0.0335011	-0.0425836
466	100254	0.266959	-0.0203935	-0.0312978	-0.0425836
467	99510	0.26321	-0.0203935	-0.0310348	-0.0425836
468	98766	0.261599	-0.0203935	-0.032679	-0.0425836
469	98022	0.271168	-0.0203935	-0.0299167	-0.0425836
470	97278	0.270313	-0.0203935	-0.0335997	-0.0425836
471	96534	0.261928	-0.0203935	-0.0287658	-0.0425836
472	95790	0.266269	-0.0203935	-0.0368223	-0.0425836
473	95046	0.256305	-0.0203935	-0.0328434	-0.0425836
474	94302	0.261928	-0.0203935	-0.0274504	-0.0425836
475	93558	0.265841	-0.0203935	-0.0343889	-0.0425836
476	92814	0.254266	-0.0203935	-0.0299167	-0.0425836
477	92070	0.262487	-0.0203935	-0.0287	-0.0425836
478	91326	0.260777	-0.0203935	-0.0288315	-0.0425836
479	90582	0.276002	-0.0203935	-0.0305415	-0.0425836
480	89838	0.256765	-0.0203935	-0.0322843	-0.0425836
481	89094	0.266959	-0.0203935	-0.0322515	-0.0425836
482	88350	0.279554	-0.0203935	-0.033238	-0.0425836
483	87606	0.255943	-0.0203935	-0.0309032	-0.0425836
484	86862	0.261731	-0.0203935	-0.0284369	-0.0425836
485	86118	0.264164	-0.0203935	-0.032383	-0.0425836
486	85374	0.267847	-0.0203935	-0.0285356	-0.0425836
487	84630	0.257094	-0.0203935	-0.0317253	-0.0425836
488	83886	0.266466	-0.0203935	-0.0235044	-0.0425836
489	83142	0.270182	-0.0203935	-0.0248526	-0.0425836
490	82398	0.265775	-0.0203935	-0.0281081	-0.0425836
491	81654	0.273141	-0.0203935	-0.028141	-0.0425836
492	80910	0.270642	-0.0203935	-0.0281739	-0.0425836
493	80166	0.263769	-0.0203935	-0.0209065	-0.0425836
494	79422	0.258936	-0.0203935	-0.0268256	-0.0425836
495	78678	0.263671	-0.0203935	-0.0245895	-0.0425836
496	77934	0.257554	-0.0203935	-0.0254116	-0.0425836
497	77190	0.251339	-0.0203935	-0.0263652	-0.0425836
498	76446	0.269261	-0.0203935	-0.0307388	-0.0425836
499	75702	0.266861	-0.0203935	-0.0297852	-0.0425836
500	74958	0.268275	-0.0203935	-0.0263324	-0.0425836
501	74214	0.275838	-0.0203935	-0.0281739	-0.0425836
502	73470	0.26492	-0.0203935	-0.0251485	-0.0425836
503	72726	0.263506	-0.0203935	-0.0315609	-0.0425836
504	71982	0.270544	-0.0203935	-0.0293248	-0.0425836
505	71238	0.270544	-0.0203935	-0.0306073	-0.0425836
506	70494	0.267551	-0.0203935	-0.0270887	-0.0425836
507	69750	0.27689	-0.0203935	-0.022748	-0.0425836
508	69006	0.280277	-0.0203935	-0.0210052	-0.0425836
509	68262	0.274457	-0.0203935	-0.0242607	-0.0425836
510	67518	0.267683	-0.0203935	-0.023899	-0.0425836
511	66774	0.274095	-0.0203935	-0.0263652	-0.0425836
512	66030	0.256009	-0.0203935	-0.0278121	-0.0425836
513	65286	0.266598	-0.0203935	-0.029259	-0.0425836
514	64542	0.262586	-0.0203935	-0.0287987	-0.0425836
515	63798	0.267617	-0.0203935	-0.025872	-0.0425836
516	63054	0.259692	-0.0203935	-0.0298181	-0.0425836
517	62310	0.267354	-0.0203935	-0.0285685	-0.0425836
518	61566	0.285473	-0.0203935	-0.0323172	-0.0425836
519	60822	0.237791	-0.0203935	-0.0331064	-0.0425836
520	60078	0.270774	-0.0203935	-0.0366579	-0.0425836
521	59334	0.276265	-0.0203935	-0.0266612	-0.0425836
522	58590	0.274424	-0.0203935	-0.034652	-0.0425836
523	57846	0.281198	-0.0203935	-0.0235701	-0.0425836
524	57102	0.272484	-0.0203935	-0.0310676	-0.0425836
525	56358	0.267124	-0.0203935	-0.0244909	-0.0425836
526	55614	0.272254	-0.0203935	-0.0318897	-0.0425836
527	54870	0.273569	-0.0203935	-0.0271216	-0.0425836
528	54126	0.269261	-0.0203935	-0.0299825	-0.0425836
529	53382	0.279061	-0.0203935	-0.03577	-0.0425836
530	52638	0.261731	-0.0203935	-0.0351452	-0.0425836
531	51894	0.276627	-0.0203935	-0.0276806	-0.0425836
532	51150	0.277186	-0.0203935	-0.0290288	-0.0425836
533	50406	0.281231	-0.0203935	-0.0293248	-0.0425836
534	49662	0.273865	-0.0203935	-0.0278121	-0.0425836
535	48918	0.270248	-0.0203935	-0.0321199	-0.0425836
536	48174	0.273635	-0.0203935	-0.0274504	-0.0425836
537	47430	0.271925	-0.0203935	-0.0284369	-0.0425836
538	46686	0.272681	-0.0203935	-0.0322843	-0.0425836
539	45942	0.263375	-0.0203935	-0.0233399	-0.0425836
540	45198	0.266762	-0.0203935	-0.0249184	-0.0425836
541	44454	0.281428	-0.0203935	-0.0205448	-0.0425836
542	43710	0.250649	-0.0203935	-0.0331722	-0.0425836
543	42966	0.287446	-0.0203935	-0.0261351	-0.0425836
544	42222	0.275937	-0.0203935	-0.029259	-0.0425836
545	41478	0.26252	-0.0203935	-0.0270887	-0.0425836
546	40734	0.275904	-0.0203935	-0.0284369	-0.0425836
547	39990	0.28054	-0.0203935	-0.0246553	-0.0425836
548	39246	0.266071	-0.0203935	-0.025017	-0.0425836
549	38502	0.276463	-0.0203935	-0.0265626	-0.0425836
550	37758	0.278403	-0.0203935	-0.027582	-0.0425836
551	37014	0.28419	-0.0203935	-0.0219917	-0.0425836
552	36270	0.279883	-0.0203935	-0.0261022	-0.0425836
553	35526	0.296226	-0.0203935	-0.0223534	-0.0425836
554	34782	0.278666	-0.0203935	-0.0174866	-0.0425836
555	34038	0.291688	-0.0203935	-0.0279437	-0.0425836
556	33294	0.292313	-0.0203935	-0.0255103	-0.0425836
557	32550	0.282119	-0.0203935	-0.023044	-0.0425836
558	31806	0.290373	-0.0203935	-0.0237345	-0.0425836
559	31062	0.299186	-0.0203935	-0.0295879	-0.0425836
560	30318	0.293398	-0.0203935	-0.0291275	-0.0425836
561	29574	0.271497	-0.0203935	-0.0356385	-0.0425836
562	28830	0.288926	-0.0203935	-0.034093	-0.0425836
563	28086	0.285703	-0.0203935	-0.0287329	-0.0425836
564	27342	0.293069	-0.0203935	-0.0247539	-0.0425836
565	26598	0.286986	-0.0203935	-0.0321857	-0.0425836
566	25854	0.28008	-0.0203935	-0.0287	-0.0425836
567	25110	0.293332	-0.0203935	-0.0334682	-0.0425836
568	24366	0.280376	-0.0203935	-0.0257405	-0.0425836
569	23622	0.279554	-0.0203935	-0.0304429	-0.0425836
570	22878	0.292576	-0.0203935	-0.027582	-0.0425836
571	22134	0.278765	-0.0203935	-0.025017	-0.0425836
572	21390	0.275706	-0.0203935	-0.0302127	-0.0425836
573	20646	0.283368	-0.0203935	-0.0328763	-0.0425836
574	19902	0.277383	-0.0203935	-0.0282067	-0.0425836
575	19158	0.278534	-0.0203935	-0.0287329	-0.0425836
576	18414	0.286131	-0.0203935	-0.0286342	-0.0425836
577	17670	0.284848	-0.0203935	-0.0333366	-0.0425836
578	16926	0.282349	-0.0203935	-0.0300811	-0.0425836
579	16182	0.263934	-0.0203935	-0.0345205	-0.0425836
580	15438	0.265184	-0.0203935	-0.0302784	-0.0425836
581	14694	0.269721	-0.0203935	-0.0282067	-0.0425836
582	13950	0.259922	-0.0203935	-0.0267599	-0.0425836
583	13206	0.275673	-0.0203935	-0.0308046	-0.0425836
584	12462	0.258048	-0.0203935	-0.0260364	-0.0425836
585	11718	0.268735	-0.0203935	-0.0262337	-0.0425836
586	10974	0.260777	-0.0203935	-0.0302127	-0.0425836
587	10230	0.270675	-0.0203935	-0.0233399	-0.0425836
588	9486	0.267584	-0.0203935	-0.0299167	-0.0425836
589	8742	0.255614	-0.0203935	-0.0282725	-0.0425836
590	7998	0.245815	-0.0203935	-0.0296208	-0.0425836
591	7254	0.262947	-0.0203935	-0.0262008	-0.0425836
592	6510	0.271826	-0.0203935	-0.0287658	-0.0425836
593	5766	0.270083	-0.0203935	-0.0289631	-0.0425836
594	5022	0.270774	-0.0203935	-0.0286014	-0.0425836
595	4278	0.255779	-0.0203935	-0.0294563	-0.0425836
596	3534	0.262915	-0.0203935	-0.0228467	-0.0425836
597	2790	0.274917	-0.0203935	-0.026727	-0.0425836
598	2046	0.269327	-0.0203935	-0.0258062	-0.0425836
599	1302	0.251997	-0.0203935	-0.0217286	-0.0425836
600	558	0.2542	-0.0194563	-0.0228796	-0.043945
