# Filename	11_delay.txt
# Date	2016-09-22
# Title	DL-Pro & DL-100 Locked delay scan.
# DL-Pro	365872.6 GHz
# DL-100	365856.7 GHz
# Static	1000 mV Pulsed
# MWOn	On
# MWf	15932.0 MHz
# Attn	38 dB
# FixedAttn	6 dB
# B2	B2 = T2 + 2.050 us
# HP214B	HP 214B FIP at 5.5 on 100V setting ; Applied to Top ; Mesh & Vin of MCP @ +25V ; Vout of MCP @ +2025 V
# Oven	32 A
# Boxcar	Gate = 200 ns ; Amp = 25x ; Sensitivity = 5 mV
# Offset	+/- 30 mV IR/Oven offset.
# Bias	Top: 0 V ; Bot: -0.409 V ; IR: +0.052 V ; Oven: -0.052 V ; Vis: -0.011 V ; MW: +0.011 V
# Passes	4
i	step	norm	nbackground	signal	sbackground
0	0	0.25397	-0.0217714	-0.0243264	-0.0447013
1	744	0.274555	-0.0217714	-0.0200844	-0.0447013
2	1488	0.278074	-0.0217714	-0.0232742	-0.0447013
3	2232	0.257061	-0.0217714	-0.02699	-0.0447013
4	2976	0.268242	-0.0217714	-0.0229124	-0.0447013
5	3720	0.259659	-0.0217714	-0.020479	-0.0447013
6	4464	0.275706	-0.0217714	-0.0174866	-0.0447013
7	5208	0.263704	-0.0217714	-0.0241949	-0.0447013
8	5952	0.27791	-0.0217714	-0.0289302	-0.0447013
9	6696	0.269689	-0.0217714	-0.0245895	-0.0447013
10	7440	0.278008	-0.0217714	-0.0252472	-0.0447013
11	8184	0.269426	-0.0217714	-0.0223863	-0.0447013
12	8928	0.256699	-0.0217714	-0.0232084	-0.0447013
13	9672	0.27449	-0.0217714	-0.0242278	-0.0447013
14	10416	0.273339	-0.0217714	-0.0282725	-0.0447013
15	11160	0.252326	-0.0217714	-0.0257076	-0.0447013
16	11904	0.297476	-0.0217714	-0.0220575	-0.0447013
17	12648	0.272254	-0.0217714	-0.0228467	-0.0447013
18	13392	0.283894	-0.0217714	-0.0219588	-0.0447013
19	14136	0.257489	-0.0217714	-0.025017	-0.0447013
20	14880	0.261862	-0.0217714	-0.0214656	-0.0447013
21	15624	0.277416	-0.0217714	-0.0236359	-0.0447013
22	16368	0.272911	-0.0217714	-0.019361	-0.0447013
23	17112	0.276857	-0.0217714	-0.0254116	-0.0447013
24	17856	0.260843	-0.0217714	-0.0247539	-0.0447013
25	18600	0.284026	-0.0217714	-0.0237345	-0.0447013
26	19344	0.261303	-0.0217714	-0.020479	-0.0447013
27	20088	0.275969	-0.0217714	-0.025017	-0.0447013
28	20832	0.269097	-0.0217714	-0.0186375	-0.0447013
29	21576	0.258705	-0.0217714	-0.0226165	-0.0447013
30	22320	0.263013	-0.0217714	-0.0210381	-0.0447013
31	23064	0.280475	-0.0217714	-0.017947	-0.0447013
32	23808	0.256206	-0.0217714	-0.0250828	-0.0447013
33	24552	0.268275	-0.0217714	-0.0254116	-0.0447013
34	25296	0.271925	-0.0217714	-0.0241291	-0.0447013
35	26040	0.285111	-0.0217714	-0.021334	-0.0447013
36	26784	0.257982	-0.0217714	-0.027582	-0.0447013
37	27528	0.268242	-0.0217714	-0.0251157	-0.0447013
38	28272	0.280573	-0.0217714	-0.0174537	-0.0447013
39	29016	0.285374	-0.0217714	-0.0226165	-0.0447013
40	29760	0.293003	-0.0217714	-0.0261351	-0.0447013
41	30504	0.283303	-0.0217714	-0.0212025	-0.0447013
42	31248	0.271892	-0.0217714	-0.0348493	-0.0447013
43	31992	0.261237	-0.0217714	-0.0288315	-0.0447013
44	32736	0.275969	-0.0217714	-0.0210709	-0.0447013
45	33480	0.276463	-0.0217714	-0.0260693	-0.0447013
46	34224	0.286558	-0.0217714	-0.0284698	-0.0447013
47	34968	0.270971	-0.0217714	-0.0268256	-0.0447013
48	35712	0.277153	-0.0217714	-0.0268914	-0.0447013
49	36456	0.281593	-0.0217714	-0.0307717	-0.0447013
50	37200	0.268867	-0.0217714	-0.0261022	-0.0447013
51	37944	0.28179	-0.0217714	-0.0247211	-0.0447013
52	38688	0.262257	-0.0217714	-0.0213011	-0.0447013
53	39432	0.265151	-0.0217714	-0.0277135	-0.0447013
54	40176	0.269557	-0.0217714	-0.0304429	-0.0447013
55	40920	0.263769	-0.0217714	-0.0254774	-0.0447013
56	41664	0.258738	-0.0217714	-0.0237674	-0.0447013
57	42408	0.268702	-0.0217714	-0.0211696	-0.0447013
58	43152	0.260613	-0.0217714	-0.0208408	-0.0447013
59	43896	0.267584	-0.0217714	-0.0206435	-0.0447013
60	44640	0.285999	-0.0217714	-0.0264968	-0.0447013
61	45384	0.271399	-0.0217714	-0.0276477	-0.0447013
62	46128	0.290767	-0.0217714	-0.0283383	-0.0447013
63	46872	0.283763	-0.0217714	-0.0226823	-0.0447013
64	47616	0.270774	-0.0217714	-0.0234386	-0.0447013
65	48360	0.273109	-0.0217714	-0.0259049	-0.0447013
66	49104	0.285144	-0.0217714	-0.0290946	-0.0447013
67	49848	0.275443	-0.0217714	-0.0281739	-0.0447013
68	50592	0.272352	-0.0217714	-0.0200515	-0.0447013
69	51336	0.279225	-0.0217714	-0.0214327	-0.0447013
70	52080	0.266565	-0.0217714	-0.0223534	-0.0447013
71	52824	0.277844	-0.0217714	-0.0211367	-0.0447013
72	53568	0.266992	-0.0217714	-0.0222219	-0.0447013
73	54312	0.283335	-0.0217714	-0.0162041	-0.0447013
74	55056	0.266926	-0.0217714	-0.0215642	-0.0447013
75	55800	0.271629	-0.0217714	-0.023307	-0.0447013
76	56544	0.267222	-0.0217714	-0.0229124	-0.0447013
77	57288	0.257817	-0.0217714	-0.0196569	-0.0447013
78	58032	0.26765	-0.0217714	-0.0191966	-0.0447013
79	58776	0.261402	-0.0217714	-0.0179799	-0.0447013
80	59520	0.25933	-0.0217714	-0.0192294	-0.0447013
81	60264	0.266367	-0.0217714	-0.0209394	-0.0447013
82	61008	0.266762	-0.0217714	-0.0252143	-0.0447013
83	61752	0.258278	-0.0217714	-0.0266612	-0.0447013
84	62496	0.267748	-0.0217714	-0.0206435	-0.0447013
85	63240	0.270182	-0.0217714	-0.0260364	-0.0447013
86	63984	0.280277	-0.0217714	-0.0219588	-0.0447013
87	64728	0.26127	-0.0217714	-0.0247539	-0.0447013
88	65472	0.266367	-0.0217714	-0.0208736	-0.0447013
89	66216	0.263737	-0.0217714	-0.0204462	-0.0447013
90	66960	0.247558	-0.0217714	-0.0251157	-0.0447013
91	67704	0.257258	-0.0217714	-0.0264639	-0.0447013
92	68448	0.256601	-0.0217714	-0.0262337	-0.0447013
93	69192	0.266203	-0.0217714	-0.0284041	-0.0447013
94	69936	0.260777	-0.0217714	-0.0226494	-0.0447013
95	70680	0.264723	-0.0217714	-0.0247211	-0.0447013
96	71424	0.272418	-0.0217714	-0.0322186	-0.0447013
97	72168	0.266532	-0.0217714	-0.0294563	-0.0447013
98	72912	0.274917	-0.0217714	-0.022748	-0.0447013
99	73656	0.257456	-0.0217714	-0.0209394	-0.0447013
100	74400	0.265808	-0.0217714	-0.0288315	-0.0447013
101	75144	0.286624	-0.0217714	-0.0241949	-0.0447013
102	75888	0.265414	-0.0217714	-0.0305086	-0.0447013
103	76632	0.270445	-0.0217714	-0.0228796	-0.0447013
104	77376	0.273306	-0.0217714	-0.0264639	-0.0447013
105	78120	0.262915	-0.0217714	-0.0264968	-0.0447013
106	78864	0.266598	-0.0217714	-0.0271216	-0.0447013
107	79608	0.27518	-0.0217714	-0.0294563	-0.0447013
108	80352	0.265677	-0.0217714	-0.0286342	-0.0447013
109	81096	0.275969	-0.0217714	-0.0247539	-0.0447013
110	81840	0.262388	-0.0217714	-0.0243264	-0.0447013
111	82584	0.26834	-0.0217714	-0.0231755	-0.0447013
112	83328	0.264986	-0.0217714	-0.0249184	-0.0447013
113	84072	0.255055	-0.0217714	-0.0283054	-0.0447013
114	84816	0.253839	-0.0217714	-0.022189	-0.0447013
115	85560	0.251043	-0.0217714	-0.0256089	-0.0447013
116	86304	0.267321	-0.0217714	-0.0287329	-0.0447013
117	87048	0.263934	-0.0217714	-0.0259706	-0.0447013
118	87792	0.261796	-0.0217714	-0.0209723	-0.0447013
119	88536	0.255253	-0.0217714	-0.0229782	-0.0447013
120	89280	0.243973	-0.0217714	-0.0234386	-0.0447013
121	90024	0.255351	-0.0217714	-0.0199858	-0.0447013
122	90768	0.246703	-0.0217714	-0.0226494	-0.0447013
123	91512	0.249531	-0.0217714	-0.0248197	-0.0447013
124	92256	0.247887	-0.0217714	-0.0258062	-0.0447013
125	93000	0.24884	-0.0217714	-0.023603	-0.0447013
126	93744	0.254924	-0.0217714	-0.0198542	-0.0447013
127	94488	0.258311	-0.0217714	-0.022189	-0.0447013
128	95232	0.254726	-0.0217714	-0.0215642	-0.0447013
129	95976	0.234503	-0.0217714	-0.0150203	-0.0447013
130	96720	0.262388	-0.0217714	-0.0262008	-0.0447013
131	97464	0.248117	-0.0217714	-0.0286014	-0.0447013
132	98208	0.252556	-0.0217714	-0.0257733	-0.0447013
133	98952	0.252161	-0.0217714	-0.0225178	-0.0447013
134	99696	0.254167	-0.0217714	-0.0193939	-0.0447013
135	100440	0.246736	-0.0217714	-0.0239976	-0.0447013
136	101184	0.256042	-0.0217714	-0.0173222	-0.0447013
137	101928	0.242033	-0.0217714	-0.0252472	-0.0447013
138	102672	0.252457	-0.0217714	-0.0214656	-0.0447013
139	103416	0.263704	-0.0217714	-0.0283712	-0.0447013
140	104160	0.27005	-0.0217714	-0.0252801	-0.0447013
141	104904	0.262388	-0.0217714	-0.025872	-0.0447013
142	105648	0.270938	-0.0217714	-0.0267599	-0.0447013
143	106392	0.253937	-0.0217714	-0.0256089	-0.0447013
144	107136	0.271859	-0.0217714	-0.0286671	-0.0447013
145	107880	0.265085	-0.0217714	-0.0331722	-0.0447013
146	108624	0.27255	-0.0217714	-0.0252801	-0.0447013
147	109368	0.255647	-0.0217714	-0.0259378	-0.0447013
148	110112	0.250287	-0.0217714	-0.0239318	-0.0447013
149	110856	0.268932	-0.0217714	-0.025313	-0.0447013
150	111600	0.27643	-0.0217714	-0.0269243	-0.0447013
151	111042	0.252359	-0.0217714	-0.0273189	-0.0447013
152	110298	0.28054	-0.0217714	-0.0282396	-0.0447013
153	109554	0.271136	-0.0217714	-0.023603	-0.0447013
154	108810	0.266762	-0.0217714	-0.024458	-0.0447013
155	108066	0.270774	-0.0217714	-0.0264968	-0.0447013
156	107322	0.265973	-0.0217714	-0.0240634	-0.0447013
157	106578	0.271826	-0.0217714	-0.02163	-0.0447013
158	105834	0.290603	-0.0217714	-0.0219917	-0.0447013
159	105090	0.269787	-0.0217714	-0.0197227	-0.0447013
160	104346	0.274128	-0.0217714	-0.0207092	-0.0447013
161	103602	0.288959	-0.0217714	-0.0262995	-0.0447013
162	102858	0.275213	-0.0217714	-0.0166316	-0.0447013
163	102114	0.287906	-0.0217714	-0.0246553	-0.0447013
164	101370	0.276331	-0.0217714	-0.0162699	-0.0447013
165	100626	0.29034	-0.0217714	-0.0248197	-0.0447013
166	99882	0.277844	-0.0217714	-0.0183745	-0.0447013
167	99138	0.290208	-0.0217714	-0.0204133	-0.0447013
168	98394	0.286657	-0.0217714	-0.0223534	-0.0447013
169	97650	0.291622	-0.0217714	-0.021334	-0.0447013
170	96906	0.289879	-0.0217714	-0.0197227	-0.0447013
171	96162	0.283434	-0.0217714	-0.0159411	-0.0447013
172	95418	0.287972	-0.0217714	-0.0201173	-0.0447013
173	94674	0.283401	-0.0217714	-0.0205777	-0.0447013
174	93930	0.2859	-0.0217714	-0.0155136	-0.0447013
175	93186	0.27472	-0.0217714	-0.0183087	-0.0447013
176	92442	0.280409	-0.0217714	-0.0186704	-0.0447013
177	91698	0.2908	-0.0217714	-0.0205448	-0.0447013
178	90954	0.278337	-0.0217714	-0.0198542	-0.0447013
179	90210	0.272188	-0.0217714	-0.0228138	-0.0447013
180	89466	0.26663	-0.0217714	-0.0242936	-0.0447013
181	88722	0.272089	-0.0217714	-0.0208736	-0.0447013
182	87978	0.271431	-0.0217714	-0.0231097	-0.0447013
183	87234	0.268899	-0.0217714	-0.0248855	-0.0447013
184	86490	0.270675	-0.0217714	-0.0246553	-0.0447013
185	85746	0.293497	-0.0217714	-0.0184731	-0.0447013
186	85002	0.277351	-0.0217714	-0.0217286	-0.0447013
187	84258	0.26617	-0.0217714	-0.0198871	-0.0447013
188	83514	0.256963	-0.0217714	-0.0271545	-0.0447013
189	82770	0.247426	-0.0217714	-0.0274833	-0.0447013
190	82026	0.260711	-0.0217714	-0.0311005	-0.0447013
191	81282	0.272582	-0.0217714	-0.0303113	-0.0447013
192	80538	0.252227	-0.0217714	-0.0288315	-0.0447013
193	79794	0.255154	-0.0217714	-0.0324159	-0.0447013
194	79050	0.266071	-0.0217714	-0.0300154	-0.0447013
195	78306	0.242198	-0.0217714	-0.0270887	-0.0447013
196	77562	0.252786	-0.0217714	-0.02699	-0.0447013
197	76818	0.268932	-0.0217714	-0.0297523	-0.0447013
198	76074	0.255549	-0.0217714	-0.0327447	-0.0447013
199	75330	0.267748	-0.0217714	-0.0330407	-0.0447013
200	74586	0.243217	-0.0217714	-0.0238332	-0.0447013
201	73842	0.244335	-0.0217714	-0.026727	-0.0447013
202	73098	0.256798	-0.0217714	-0.0246882	-0.0447013
203	72354	0.257489	-0.0217714	-0.0275162	-0.0447013
204	71610	0.242625	-0.0217714	-0.0308375	-0.0447013
205	70866	0.244697	-0.0217714	-0.0282067	-0.0447013
206	70122	0.253937	-0.0217714	-0.0299496	-0.0447013
207	69378	0.234273	-0.0217714	-0.0317911	-0.0447013
208	68634	0.24907	-0.0217714	-0.0295221	-0.0447013
209	67890	0.253214	-0.0217714	-0.0312978	-0.0447013
210	67146	0.274917	-0.0217714	-0.0223863	-0.0447013
211	66402	0.256765	-0.0217714	-0.0244251	-0.0447013
212	65658	0.255121	-0.0217714	-0.0210052	-0.0447013
213	64914	0.262882	-0.0217714	-0.0209723	-0.0447013
214	64170	0.262553	-0.0217714	-0.0240305	-0.0447013
215	63426	0.264033	-0.0217714	-0.0261351	-0.0447013
216	62682	0.263934	-0.0217714	-0.0256418	-0.0447013
217	61938	0.252457	-0.0217714	-0.0203146	-0.0447013
218	61194	0.265841	-0.0217714	-0.0200515	-0.0447013
219	60450	0.255384	-0.0217714	-0.0219917	-0.0447013
220	59706	0.252655	-0.0217714	-0.0234057	-0.0447013
221	58962	0.265545	-0.0217714	-0.0220246	-0.0447013
222	58218	0.264263	-0.0217714	-0.0301469	-0.0447013
223	57474	0.260448	-0.0217714	-0.024458	-0.0447013
224	56730	0.264953	-0.0217714	-0.0228467	-0.0447013
225	55986	0.276298	-0.0217714	-0.0259706	-0.0447013
226	55242	0.263967	-0.0217714	-0.019361	-0.0447013
227	54498	0.255746	-0.0217714	-0.0209394	-0.0447013
228	53754	0.266302	-0.0217714	-0.0245566	-0.0447013
229	53010	0.245387	-0.0217714	-0.0214656	-0.0447013
230	52266	0.248906	-0.0217714	-0.0266612	-0.0447013
231	51522	0.266466	-0.0217714	-0.026431	-0.0447013
232	50778	0.256436	-0.0217714	-0.0225507	-0.0447013
233	50034	0.27176	-0.0217714	-0.0279766	-0.0447013
234	49290	0.264657	-0.0217714	-0.0318897	-0.0447013
235	48546	0.255943	-0.0217714	-0.0205777	-0.0447013
236	47802	0.273733	-0.0217714	-0.0252472	-0.0447013
237	47058	0.25009	-0.0217714	-0.0243264	-0.0447013
238	46314	0.263506	-0.0217714	-0.0246224	-0.0447013
239	45570	0.265479	-0.0217714	-0.0293577	-0.0447013
240	44826	0.27837	-0.0217714	-0.0270887	-0.0447013
241	44082	0.253214	-0.0217714	-0.0247868	-0.0447013
242	43338	0.256075	-0.0217714	-0.0273846	-0.0447013
243	42594	0.252359	-0.0217714	-0.0278121	-0.0447013
244	41850	0.246308	-0.0217714	-0.0287658	-0.0447013
245	41106	0.249761	-0.0217714	-0.0259378	-0.0447013
246	40362	0.258278	-0.0217714	-0.0252143	-0.0447013
247	39618	0.264329	-0.0217714	-0.0247868	-0.0447013
248	38874	0.256436	-0.0217714	-0.0280094	-0.0447013
249	38130	0.244105	-0.0217714	-0.0283054	-0.0447013
250	37386	0.247985	-0.0217714	-0.0285027	-0.0447013
251	36642	0.269919	-0.0217714	-0.0240963	-0.0447013
252	35898	0.258278	-0.0217714	-0.0272202	-0.0447013
253	35154	0.251865	-0.0217714	-0.0276806	-0.0447013
254	34410	0.257423	-0.0217714	-0.0284369	-0.0447013
255	33666	0.257291	-0.0217714	-0.0280752	-0.0447013
256	32922	0.263638	-0.0217714	-0.0257733	-0.0447013
257	32178	0.25009	-0.0217714	-0.0239647	-0.0447013
258	31434	0.275509	-0.0217714	-0.0305415	-0.0447013
259	30690	0.255285	-0.0217714	-0.0259378	-0.0447013
260	29946	0.272878	-0.0217714	-0.0262666	-0.0447013
261	29202	0.265249	-0.0217714	-0.0234057	-0.0447013
262	28458	0.26298	-0.0217714	-0.0263324	-0.0447013
263	27714	0.266236	-0.0217714	-0.0303771	-0.0447013
264	26970	0.265578	-0.0217714	-0.0263652	-0.0447013
265	26226	0.272582	-0.0217714	-0.0260364	-0.0447013
266	25482	0.268571	-0.0217714	-0.0181443	-0.0447013
267	24738	0.268242	-0.0217714	-0.0245238	-0.0447013
268	23994	0.273536	-0.0217714	-0.0263324	-0.0447013
269	23250	0.297772	-0.0217714	-0.02163	-0.0447013
270	22506	0.262092	-0.0217714	-0.027286	-0.0447013
271	21762	0.269393	-0.0217714	-0.01821	-0.0447013
272	21018	0.282678	-0.0217714	-0.0247211	-0.0447013
273	20274	0.273141	-0.0217714	-0.0242607	-0.0447013
274	19530	0.273207	-0.0217714	-0.032679	-0.0447013
275	18786	0.275246	-0.0217714	-0.0232742	-0.0447013
276	18042	0.258212	-0.0217714	-0.0180456	-0.0447013
277	17298	0.277548	-0.0217714	-0.0258391	-0.0447013
278	16554	0.264197	-0.0217714	-0.0256747	-0.0447013
279	15810	0.261862	-0.0217714	-0.0271873	-0.0447013
280	15066	0.260481	-0.0217714	-0.0265626	-0.0447013
281	14322	0.264493	-0.0217714	-0.0210709	-0.0447013
282	13578	0.280902	-0.0217714	-0.0259049	-0.0447013
283	12834	0.261632	-0.0217714	-0.0267599	-0.0447013
284	12090	0.258903	-0.0217714	-0.0276148	-0.0447013
285	11346	0.251537	-0.0217714	-0.0272531	-0.0447013
286	10602	0.265808	-0.0217714	-0.0242607	-0.0447013
287	9858	0.267814	-0.0217714	-0.034093	-0.0447013
288	9114	0.268998	-0.0217714	-0.0265626	-0.0447013
289	8370	0.264394	-0.0217714	-0.0283054	-0.0447013
290	7626	0.263013	-0.0217714	-0.0297852	-0.0447013
291	6882	0.265677	-0.0217714	-0.0266941	-0.0447013
292	6138	0.257949	-0.0217714	-0.0282396	-0.0447013
293	5394	0.273503	-0.0217714	-0.0226165	-0.0447013
294	4650	0.265479	-0.0217714	-0.0251814	-0.0447013
295	3906	0.254825	-0.0217714	-0.0254116	-0.0447013
296	3162	0.259363	-0.0217714	-0.0286014	-0.0447013
297	2418	0.25078	-0.0217714	-0.0282067	-0.0447013
298	1674	0.241408	-0.0217714	-0.0273518	-0.0447013
299	930	0.246933	-0.0217714	-0.0348493	-0.0447013
300	186	0.241014	-0.0217714	-0.031528	-0.0447013
301	372	0.247525	-0.0217714	-0.0265297	-0.0447013
302	1116	0.24108	-0.0217714	-0.0280094	-0.0447013
303	1860	0.239797	-0.0217714	-0.0279437	-0.0447013
304	2604	0.252161	-0.0217714	-0.0307059	-0.0447013
305	3348	0.238975	-0.0217714	-0.030969	-0.0447013
306	4092	0.24394	-0.0217714	-0.0353754	-0.0447013
307	4836	0.270313	-0.0217714	-0.0358358	-0.0447013
308	5580	0.257752	-0.0217714	-0.0334024	-0.0447013
309	6324	0.256667	-0.0217714	-0.032087	-0.0447013
310	7068	0.257094	-0.0217714	-0.0289302	-0.0447013
311	7812	0.259955	-0.0217714	-0.0330078	-0.0447013
312	8556	0.264361	-0.0217714	-0.0286671	-0.0447013
313	9300	0.250912	-0.0217714	-0.0279766	-0.0447013
314	10044	0.245848	-0.0217714	-0.0279766	-0.0447013
315	10788	0.245322	-0.0217714	-0.0261022	-0.0447013
316	11532	0.251438	-0.0217714	-0.0254116	-0.0447013
317	12276	0.255713	-0.0217714	-0.0302455	-0.0447013
318	13020	0.26229	-0.0217714	-0.0241291	-0.0447013
319	13764	0.248117	-0.0217714	-0.0228796	-0.0447013
320	14508	0.222928	-0.0217714	-0.0242607	-0.0447013
321	15252	0.229472	-0.0217714	-0.0277793	-0.0447013
322	15996	0.246604	-0.0217714	-0.0208736	-0.0447013
323	16740	0.23858	-0.0217714	-0.0287329	-0.0447013
324	17484	0.250978	-0.0217714	-0.0312649	-0.0447013
325	18228	0.241441	-0.0217714	-0.0216957	-0.0447013
326	18972	0.242461	-0.0217714	-0.0292919	-0.0447013
327	19716	0.248511	-0.0217714	-0.0227809	-0.0447013
328	20460	0.262882	-0.0217714	-0.0181114	-0.0447013
329	21204	0.259593	-0.0217714	-0.025017	-0.0447013
330	21948	0.264394	-0.0217714	-0.0262337	-0.0447013
331	22692	0.265479	-0.0217714	-0.023307	-0.0447013
332	23436	0.280343	-0.0217714	-0.0143626	-0.0447013
333	24180	0.276002	-0.0217714	-0.0207092	-0.0447013
334	24924	0.253839	-0.0217714	-0.0228796	-0.0447013
335	25668	0.272911	-0.0217714	-0.030969	-0.0447013
336	26412	0.263112	-0.0217714	-0.0262337	-0.0447013
337	27156	0.261435	-0.0217714	-0.023307	-0.0447013
338	27900	0.274194	-0.0217714	-0.0262995	-0.0447013
339	28644	0.271037	-0.0217714	-0.0305744	-0.0447013
340	29388	0.28304	-0.0217714	-0.0205777	-0.0447013
341	30132	0.270281	-0.0217714	-0.0317582	-0.0447013
342	30876	0.281001	-0.0217714	-0.0281081	-0.0447013
343	31620	0.271037	-0.0217714	-0.0289631	-0.0447013
344	32364	0.272385	-0.0217714	-0.0234057	-0.0447013
345	33108	0.262947	-0.0217714	-0.0255432	-0.0447013
346	33852	0.256436	-0.0217714	-0.0251814	-0.0447013
347	34596	0.274851	-0.0217714	-0.0287329	-0.0447013
348	35340	0.267748	-0.0217714	-0.0279108	-0.0447013
349	36084	0.263671	-0.0217714	-0.0346849	-0.0447013
350	36828	0.269162	-0.0217714	-0.0315609	-0.0447013
351	37572	0.258377	-0.0217714	-0.0266941	-0.0447013
352	38316	0.250813	-0.0217714	-0.0215971	-0.0447013
353	39060	0.265151	-0.0217714	-0.0319884	-0.0447013
354	39804	0.254036	-0.0217714	-0.031528	-0.0447013
355	40548	0.267255	-0.0217714	-0.0312649	-0.0447013
356	41292	0.266006	-0.0217714	-0.0283712	-0.0447013
357	42036	0.256634	-0.0217714	-0.0292919	-0.0447013
358	42780	0.26321	-0.0217714	-0.0338957	-0.0447013
359	43524	0.253378	-0.0217714	-0.0320542	-0.0447013
360	44268	0.251898	-0.0217714	-0.0232742	-0.0447013
361	45012	0.266926	-0.0217714	-0.0324817	-0.0447013
362	45756	0.271727	-0.0217714	-0.0272531	-0.0447013
363	46500	0.260941	-0.0217714	-0.0269243	-0.0447013
364	47244	0.276627	-0.0217714	-0.0321857	-0.0447013
365	47988	0.265578	-0.0217714	-0.0194596	-0.0447013
366	48732	0.267979	-0.0217714	-0.02163	-0.0447013
367	49476	0.268143	-0.0217714	-0.0256089	-0.0447013
368	50220	0.266861	-0.0217714	-0.0298509	-0.0447013
369	50964	0.265743	-0.0217714	-0.0247539	-0.0447013
370	51708	0.281198	-0.0217714	-0.0175853	-0.0447013
371	52452	0.270017	-0.0217714	-0.0187362	-0.0447013
372	53196	0.264263	-0.0217714	-0.0199529	-0.0447013
373	53940	0.270182	-0.0217714	-0.0160726	-0.0447013
374	54684	0.280606	-0.0217714	-0.0232742	-0.0447013
375	55428	0.271168	-0.0217714	-0.0225178	-0.0447013
376	56172	0.272747	-0.0217714	-0.0270558	-0.0447013
377	56916	0.266367	-0.0217714	-0.0208408	-0.0447013
378	57660	0.26913	-0.0217714	-0.0255432	-0.0447013
379	58404	0.263605	-0.0217714	-0.0237017	-0.0447013
380	59148	0.272188	-0.0217714	-0.0214656	-0.0447013
381	59892	0.273174	-0.0217714	-0.0226494	-0.0447013
382	60636	0.284158	-0.0217714	-0.0216629	-0.0447013
383	61380	0.277055	-0.0217714	-0.0308703	-0.0447013
384	62124	0.279159	-0.0217714	-0.0248526	-0.0447013
385	62868	0.266565	-0.0217714	-0.0182758	-0.0447013
386	63612	0.280146	-0.0217714	-0.0304757	-0.0447013
387	64356	0.273273	-0.0217714	-0.0245566	-0.0447013
388	65100	0.271399	-0.0217714	-0.0241291	-0.0447013
389	65844	0.259922	-0.0217714	-0.0256089	-0.0447013
390	66588	0.259823	-0.0217714	-0.0253458	-0.0447013
391	67332	0.265348	-0.0217714	-0.029259	-0.0447013
392	68076	0.271366	-0.0217714	-0.026431	-0.0447013
393	68820	0.264033	-0.0217714	-0.0296536	-0.0447013
394	69564	0.272648	-0.0217714	-0.0222219	-0.0447013
395	70308	0.26127	-0.0217714	-0.0240634	-0.0447013
396	71052	0.274095	-0.0217714	-0.0226494	-0.0447013
397	71796	0.267025	-0.0217714	-0.0292919	-0.0447013
398	72540	0.258968	-0.0217714	-0.0284698	-0.0447013
399	73284	0.259067	-0.0217714	-0.0283383	-0.0447013
400	74028	0.275871	-0.0217714	-0.0273518	-0.0447013
401	74772	0.265249	-0.0217714	-0.0219259	-0.0447013
402	75516	0.272681	-0.0217714	-0.0331393	-0.0447013
403	76260	0.263013	-0.0217714	-0.0216957	-0.0447013
404	77004	0.258738	-0.0217714	-0.0334024	-0.0447013
405	77748	0.259988	-0.0217714	-0.0213669	-0.0447013
406	78492	0.259199	-0.0217714	-0.0285356	-0.0447013
407	79236	0.259462	-0.0217714	-0.028141	-0.0447013
408	79980	0.263145	-0.0217714	-0.0251814	-0.0447013
409	80724	0.274588	-0.0217714	-0.0338957	-0.0447013
410	81468	0.267222	-0.0217714	-0.025017	-0.0447013
411	82212	0.261336	-0.0217714	-0.0306402	-0.0447013
412	82956	0.272977	-0.0217714	-0.0256089	-0.0447013
413	83700	0.276167	-0.0217714	-0.0291933	-0.0447013
414	84444	0.272714	-0.0217714	-0.0283712	-0.0447013
415	85188	0.26936	-0.0217714	-0.0196898	-0.0447013
416	85932	0.259626	-0.0217714	-0.0291604	-0.0447013
417	86676	0.27084	-0.0217714	-0.0274504	-0.0447013
418	87420	0.261205	-0.0217714	-0.0199858	-0.0447013
419	88164	0.265019	-0.0217714	-0.0293248	-0.0447013
420	88908	0.277679	-0.0217714	-0.0269243	-0.0447013
421	89652	0.268044	-0.0217714	-0.0306073	-0.0447013
422	90396	0.26127	-0.0217714	-0.0243264	-0.0447013
423	91140	0.264657	-0.0217714	-0.022485	-0.0447013
424	91884	0.255779	-0.0217714	-0.0278121	-0.0447013
425	92628	0.27518	-0.0217714	-0.023603	-0.0447013
426	93372	0.268176	-0.0217714	-0.0261351	-0.0447013
427	94116	0.268834	-0.0217714	-0.0237674	-0.0447013
428	94860	0.276463	-0.0217714	-0.0264968	-0.0447013
429	95604	0.269393	-0.0217714	-0.0215313	-0.0447013
430	96348	0.288137	-0.0217714	-0.0239647	-0.0447013
431	97092	0.274128	-0.0217714	-0.0252472	-0.0447013
432	97836	0.262783	-0.0217714	-0.022748	-0.0447013
433	98580	0.272254	-0.0217714	-0.0299496	-0.0447013
434	99324	0.275147	-0.0217714	-0.0284041	-0.0447013
435	100068	0.244105	-0.0217714	-0.0267599	-0.0447013
436	100812	0.280409	-0.0217714	-0.0310348	-0.0447013
437	101556	0.2737	-0.0217714	-0.0260693	-0.0447013
438	102300	0.262027	-0.0217714	-0.0301798	-0.0447013
439	103044	0.266466	-0.0217714	-0.0192294	-0.0447013
440	103788	0.255318	-0.0217714	-0.0300154	-0.0447013
441	104532	0.275114	-0.0217714	-0.0235701	-0.0447013
442	105276	0.250846	-0.0217714	-0.026727	-0.0447013
443	106020	0.262355	-0.0217714	-0.0309361	-0.0447013
444	106764	0.263539	-0.0217714	-0.0284041	-0.0447013
445	107508	0.249465	-0.0217714	-0.0288973	-0.0447013
446	108252	0.249103	-0.0217714	-0.0302127	-0.0447013
447	108996	0.267584	-0.0217714	-0.0257076	-0.0447013
448	109740	0.249235	-0.0217714	-0.0313636	-0.0447013
449	110484	0.258081	-0.0217714	-0.0322515	-0.0447013
450	111228	0.274588	-0.0217714	-0.0276148	-0.0447013
451	111414	0.267716	-0.0217714	-0.0328763	-0.0447013
452	110670	0.259363	-0.0217714	-0.0260693	-0.0447013
453	109926	0.243151	-0.0217714	-0.0319555	-0.0447013
454	109182	0.270938	-0.0217714	-0.0245895	-0.0447013
455	108438	0.258936	-0.0217714	-0.0242278	-0.0447013
456	107694	0.267485	-0.0217714	-0.0287658	-0.0447013
457	106950	0.277482	-0.0217714	-0.0213011	-0.0447013
458	106206	0.274095	-0.0217714	-0.0318897	-0.0447013
459	105462	0.264657	-0.0217714	-0.0279108	-0.0447013
460	104718	0.268735	-0.0217714	-0.0245238	-0.0447013
461	103974	0.272845	-0.0217714	-0.0248197	-0.0447013
462	103230	0.270149	-0.0217714	-0.0246224	-0.0447013
463	102486	0.264329	-0.0217714	-0.0210381	-0.0447013
464	101742	0.282842	-0.0217714	-0.0252472	-0.0447013
465	100998	0.281165	-0.0217714	-0.0218602	-0.0447013
466	100254	0.278271	-0.0217714	-0.0220903	-0.0447013
467	99510	0.272023	-0.0217714	-0.0285027	-0.0447013
468	98766	0.273339	-0.0217714	-0.0257733	-0.0447013
469	98022	0.274621	-0.0217714	-0.0203475	-0.0447013
470	97278	0.270478	-0.0217714	-0.0245238	-0.0447013
471	96534	0.280376	-0.0217714	-0.0177497	-0.0447013
472	95790	0.25522	-0.0217714	-0.0217615	-0.0447013
473	95046	0.277055	-0.0217714	-0.0225507	-0.0447013
474	94302	0.272911	-0.0217714	-0.0219917	-0.0447013
475	93558	0.284914	-0.0217714	-0.0238332	-0.0447013
476	92814	0.270511	-0.0217714	-0.0309032	-0.0447013
477	92070	0.267058	-0.0217714	-0.0187362	-0.0447013
478	91326	0.268275	-0.0217714	-0.023044	-0.0447013
479	90582	0.270675	-0.0217714	-0.017651	-0.0447013
480	89838	0.27814	-0.0217714	-0.0246224	-0.0447013
481	89094	0.269721	-0.0217714	-0.019065	-0.0447013
482	88350	0.28202	-0.0217714	-0.0245566	-0.0447013
483	87606	0.255318	-0.0217714	-0.0284369	-0.0447013
484	86862	0.25716	-0.0217714	-0.0234386	-0.0447013
485	86118	0.282382	-0.0217714	-0.0294892	-0.0447013
486	85374	0.273536	-0.0217714	-0.0259378	-0.0447013
487	84630	0.282612	-0.0217714	-0.0246553	-0.0447013
488	83886	0.27084	-0.0217714	-0.0286342	-0.0447013
489	83142	0.277679	-0.0217714	-0.0223534	-0.0447013
490	82398	0.279521	-0.0217714	-0.0282067	-0.0447013
491	81654	0.268735	-0.0217714	-0.0302455	-0.0447013
492	80910	0.268768	-0.0217714	-0.0238003	-0.0447013
493	80166	0.260514	-0.0217714	-0.0291933	-0.0447013
494	79422	0.303987	-0.0217714	-0.0243264	-0.0447013
495	78678	0.252523	-0.0217714	-0.029259	-0.0447013
496	77934	0.25887	-0.0217714	-0.0284369	-0.0447013
497	77190	0.263605	-0.0217714	-0.0333695	-0.0447013
498	76446	0.249564	-0.0217714	-0.0316267	-0.0447013
499	75702	0.254858	-0.0217714	-0.0333366	-0.0447013
500	74958	0.253345	-0.0217714	-0.0235372	-0.0447013
501	74214	0.260941	-0.0217714	-0.0278121	-0.0447013
502	73470	0.258409	-0.0217714	-0.0324817	-0.0447013
503	72726	0.26298	-0.0217714	-0.0378088	-0.0447013
504	71982	0.244499	-0.0217714	-0.0298509	-0.0447013
505	71238	0.253378	-0.0217714	-0.0328105	-0.0447013
506	70494	0.250188	-0.0217714	-0.0296865	-0.0447013
507	69750	0.246966	-0.0217714	-0.0328434	-0.0447013
508	69006	0.262092	-0.0217714	-0.029555	-0.0447013
509	68262	0.264394	-0.0217714	-0.0280752	-0.0447013
510	67518	0.261303	-0.0217714	-0.0289302	-0.0447013
511	66774	0.261698	-0.0217714	-0.0285027	-0.0447013
512	66030	0.263572	-0.0217714	-0.0275162	-0.0447013
513	65286	0.261829	-0.0217714	-0.025872	-0.0447013
514	64542	0.266433	-0.0217714	-0.0273518	-0.0447013
515	63798	0.265118	-0.0217714	-0.0286671	-0.0447013
516	63054	0.261731	-0.0217714	-0.0271216	-0.0447013
517	62310	0.273405	-0.0217714	-0.0232742	-0.0447013
518	61566	0.283599	-0.0217714	-0.0215313	-0.0447013
519	60822	0.26982	-0.0217714	-0.0222876	-0.0447013
520	60078	0.275937	-0.0217714	-0.028141	-0.0447013
521	59334	0.268867	-0.0217714	-0.0183745	-0.0447013
522	58590	0.26617	-0.0217714	-0.0200515	-0.0447013
523	57846	0.267453	-0.0217714	-0.0198214	-0.0447013
524	57102	0.26229	-0.0217714	-0.0231755	-0.0447013
525	56358	0.274358	-0.0217714	-0.0233399	-0.0447013
526	55614	0.273076	-0.0217714	-0.0228467	-0.0447013
527	54870	0.265085	-0.0217714	-0.0213998	-0.0447013
528	54126	0.266795	-0.0217714	-0.0251814	-0.0447013
529	53382	0.268373	-0.0217714	-0.0301798	-0.0447013
530	52638	0.280113	-0.0217714	-0.0257733	-0.0447013
531	51894	0.266893	-0.0217714	-0.0323172	-0.0447013
532	51150	0.271431	-0.0217714	-0.0227809	-0.0447013
533	50406	0.283566	-0.0217714	-0.0213998	-0.0447013
534	49662	0.265907	-0.0217714	-0.0215313	-0.0447013
535	48918	0.265216	-0.0217714	-0.0242278	-0.0447013
536	48174	0.281001	-0.0217714	-0.0316267	-0.0447013
537	47430	0.276726	-0.0217714	-0.0268256	-0.0447013
538	46686	0.259758	-0.0217714	-0.0204462	-0.0447013
539	45942	0.278436	-0.0217714	-0.0262008	-0.0447013
540	45198	0.283204	-0.0217714	-0.0225836	-0.0447013
541	44454	0.287347	-0.0217714	-0.0183745	-0.0447013
542	43710	0.254759	-0.0217714	-0.0311992	-0.0447013
543	42966	0.279554	-0.0217714	-0.0313965	-0.0447013
544	42222	0.265907	-0.0217714	-0.0208408	-0.0447013
545	41478	0.266959	-0.0217714	-0.0251157	-0.0447013
546	40734	0.27176	-0.0217714	-0.0270558	-0.0447013
547	39990	0.259199	-0.0217714	-0.0273518	-0.0447013
548	39246	0.279981	-0.0217714	-0.0356056	-0.0447013
549	38502	0.2713	-0.0217714	-0.0308375	-0.0447013
550	37758	0.262783	-0.0217714	-0.0283383	-0.0447013
551	37014	0.2518	-0.0217714	-0.0342574	-0.0447013
552	36270	0.246473	-0.0217714	-0.022748	-0.0447013
553	35526	0.252523	-0.0217714	-0.0318569	-0.0447013
554	34782	0.24519	-0.0217714	-0.0304757	-0.0447013
555	34038	0.245749	-0.0217714	-0.0279437	-0.0447013
556	33294	0.265216	-0.0217714	-0.0281739	-0.0447013
557	32550	0.255976	-0.0217714	-0.0287658	-0.0447013
558	31806	0.260086	-0.0217714	-0.0297852	-0.0447013
559	31062	0.267288	-0.0217714	-0.0293906	-0.0447013
560	30318	0.257522	-0.0217714	-0.0261022	-0.0447013
561	29574	0.255614	-0.0217714	-0.0223863	-0.0447013
562	28830	0.275049	-0.0217714	-0.0254774	-0.0447013
563	28086	0.26936	-0.0217714	-0.0251814	-0.0447013
564	27342	0.267453	-0.0217714	-0.0215971	-0.0447013
565	26598	0.278502	-0.0217714	-0.0302784	-0.0447013
566	25854	0.264098	-0.0217714	-0.0198542	-0.0447013
567	25110	0.258903	-0.0217714	-0.0169605	-0.0447013
568	24366	0.264394	-0.0217714	-0.0252143	-0.0447013
569	23622	0.258804	-0.0217714	-0.0220575	-0.0447013
570	22878	0.256502	-0.0217714	-0.025017	-0.0447013
571	22134	0.262323	-0.0217714	-0.0239647	-0.0447013
572	21390	0.279718	-0.0217714	-0.0175853	-0.0447013
573	20646	0.285999	-0.0217714	-0.0214984	-0.0447013
574	19902	0.262388	-0.0217714	-0.0221232	-0.0447013
575	19158	0.271431	-0.0217714	-0.0242607	-0.0447013
576	18414	0.28008	-0.0217714	-0.0250499	-0.0447013
577	17670	0.249597	-0.0217714	-0.0234715	-0.0447013
578	16926	0.258903	-0.0217714	-0.0231426	-0.0447013
579	16182	0.27107	-0.0217714	-0.0217615	-0.0447013
580	15438	0.267584	-0.0217714	-0.0211367	-0.0447013
581	14694	0.264953	-0.0217714	-0.0192952	-0.0447013
582	13950	0.263342	-0.0217714	-0.0232413	-0.0447013
583	13206	0.262947	-0.0217714	-0.0254116	-0.0447013
584	12462	0.258837	-0.0217714	-0.0273518	-0.0447013
585	11718	0.26081	-0.0217714	-0.0263324	-0.0447013
586	10974	0.253904	-0.0217714	-0.0247539	-0.0447013
587	10230	0.258672	-0.0217714	-0.0313307	-0.0447013
588	9486	0.260777	-0.0217714	-0.0308703	-0.0447013
589	8742	0.259232	-0.0217714	-0.0294235	-0.0447013
590	7998	0.257686	-0.0217714	-0.0302784	-0.0447013
591	7254	0.235621	-0.0217714	-0.0296208	-0.0447013
592	6510	0.258738	-0.0217714	-0.0301469	-0.0447013
593	5766	0.243085	-0.0217714	-0.0283383	-0.0447013
594	5022	0.24519	-0.0217714	-0.0341916	-0.0447013
595	4278	0.262553	-0.0217714	-0.0334353	-0.0447013
596	3534	0.261172	-0.0217714	-0.0264968	-0.0447013
597	2790	0.240652	-0.0217714	-0.0296865	-0.0447013
598	2046	0.235391	-0.0217714	-0.030673	-0.0447013
599	1302	0.243217	-0.0217714	-0.0311992	-0.0447013
600	558	0.280442	-0.0228039	-0.03041	-0.046602
