# Filename	12_delay.txt
# Date	2016-09-22
# Title	DL-Pro & DL-100 Locked delay scan.
# DL-Pro	365872.6 GHz
# DL-100	365856.7 GHz
# Static	-50 mV Pulsed
# MWOn	On
# MWf	15932.0 MHz
# Attn	38 dB
# FixedAttn	6 dB
# B2	B2 = T2 + 2.050 us
# HP214B	HP 214B FIP at 5.5 on 100V setting ; Applied to Top ; Mesh & Vin of MCP @ +25V ; Vout of MCP @ +2025 V
# Oven	32 A
# Boxcar	Gate = 200 ns ; Amp = 25x ; Sensitivity = 5 mV
# Offset	+/- 30 mV IR/Oven offset.
# Bias	Top: 0 V ; Bot: -0.409 V ; IR: +0.052 V ; Oven: -0.052 V ; Vis: -0.011 V ; MW: +0.011 V
# Passes	4
i, step, norm, nbackground, signal, sbackground
0	0	0.264624	-0.022429	0.0437761	-0.0434254	
1	744	0.255713	-0.022429	0.0522272	-0.0434254	
2	1488	0.253444	-0.022429	0.0432499	-0.0434254	
3	2232	0.246703	-0.022429	0.0442693	-0.0434254	
4	2976	0.252885	-0.022429	0.0413755	-0.0434254	
5	3720	0.241343	-0.022429	0.040126	-0.0434254	
6	4464	0.258574	-0.022429	0.0459135	-0.0434254	
7	5208	0.262125	-0.022429	0.0365087	-0.0434254	
8	5952	0.263243	-0.022429	0.0361799	-0.0434254	
9	6696	0.253181	-0.022429	0.0444995	-0.0434254	
10	7440	0.247229	-0.022429	0.04154	-0.0434254	
11	8184	0.256371	-0.022429	0.035292	-0.0434254	
12	8928	0.259955	-0.022429	0.0365745	-0.0434254	
13	9672	0.255121	-0.022429	0.0372651	-0.0434254	
14	10416	0.274062	-0.022429	0.035588	-0.0434254	
15	11160	0.26571	-0.022429	0.0320694	-0.0434254	
16	11904	0.251833	-0.022429	0.0431184	-0.0434254	
17	12648	0.264361	-0.022429	0.0382845	-0.0434254	
18	13392	0.262882	-0.022429	0.0480839	-0.0434254	
19	14136	0.264033	-0.022429	0.0385804	-0.0434254	
20	14880	0.257094	-0.022429	0.0316748	-0.0434254	
21	15624	0.271826	-0.022429	0.0460779	-0.0434254	
22	16368	0.267387	-0.022429	0.0301621	-0.0434254	
23	17112	0.260777	-0.022429	0.0363772	-0.0434254	
24	17856	0.266729	-0.022429	0.0437432	-0.0434254	
25	18600	0.279422	-0.022429	0.0322009	-0.0434254	
26	19344	0.277745	-0.022429	0.0366403	-0.0434254	
27	20088	0.26913	-0.022429	0.0376597	-0.0434254	
28	20832	0.261533	-0.022429	0.0286166	-0.0434254	
29	21576	0.273865	-0.022429	0.0334834	-0.0434254	
30	22320	0.268077	-0.022429	0.0318721	-0.0434254	
31	23064	0.271366	-0.022429	0.0380214	-0.0434254	
32	23808	0.267354	-0.022429	0.0362128	-0.0434254	
33	24552	0.258771	-0.022429	0.0329902	-0.0434254	
34	25296	0.256634	-0.022429	0.0312473	-0.0434254	
35	26040	0.262224	-0.022429	0.0272355	-0.0434254	
36	26784	0.283171	-0.022429	0.041803	-0.0434254	
37	27528	0.264723	-0.022429	0.0365416	-0.0434254	
38	28272	0.267617	-0.022429	0.0322996	-0.0434254	
39	29016	0.259232	-0.022429	0.0371335	-0.0434254	
40	29760	0.27347	-0.022429	0.0312473	-0.0434254	
41	30504	0.268899	-0.022429	0.029077	-0.0434254	
42	31248	0.263868	-0.022429	0.0248021	-0.0434254	
43	31992	0.265315	-0.022429	0.0354893	-0.0434254	
44	32736	0.252359	-0.022429	0.029077	-0.0434254	
45	33480	0.275082	-0.022429	0.0374624	-0.0434254	
46	34224	0.274621	-0.022429	0.0416057	-0.0434254	
47	34968	0.273437	-0.022429	0.0322009	-0.0434254	
48	35712	0.270445	-0.022429	0.0294387	-0.0434254	
49	36456	0.260678	-0.022429	0.047196	-0.0434254	
50	37200	0.256601	-0.022429	0.0339109	-0.0434254	
51	37944	0.273306	-0.022429	0.048051	-0.0434254	
52	38688	0.289353	-0.022429	0.0541674	-0.0434254	
53	39432	0.269623	-0.022429	0.0446968	-0.0434254	
54	40176	0.270511	-0.022429	0.0409809	-0.0434254	
55	40920	0.287578	-0.022429	0.0501884	-0.0434254	
56	41664	0.278304	-0.022429	0.0438089	-0.0434254	
57	42408	0.259462	-0.022429	0.0397971	-0.0434254	
58	43152	0.255121	-0.022429	0.0474919	-0.0434254	
59	43896	0.256831	-0.022429	0.0514051	-0.0434254	
60	44640	0.272188	-0.022429	0.0434472	-0.0434254	
61	45384	0.273372	-0.022429	0.0463739	-0.0434254	
62	46128	0.279093	-0.022429	0.0443351	-0.0434254	
63	46872	0.271201	-0.022429	0.0452558	-0.0434254	
64	47616	0.269327	-0.022429	0.0414413	-0.0434254	
65	48360	0.279948	-0.022429	0.0417701	-0.0434254	
66	49104	0.263243	-0.022429	0.0406192	-0.0434254	
67	49848	0.276035	-0.022429	0.0323325	-0.0434254	
68	50592	0.273799	-0.022429	0.0371006	-0.0434254	
69	51336	0.26913	-0.022429	0.0437103	-0.0434254	
70	52080	0.266236	-0.022429	0.0328915	-0.0434254	
71	52824	0.284947	-0.022429	0.0425594	-0.0434254	
72	53568	0.279093	-0.022429	0.0343055	-0.0434254	
73	54312	0.27255	-0.022429	0.039271	-0.0434254	
74	55056	0.282645	-0.022429	0.0362457	-0.0434254	
75	55800	0.275575	-0.022429	0.0421976	-0.0434254	
76	56544	0.264723	-0.022429	0.0259859	-0.0434254	
77	57288	0.276824	-0.022429	0.0385146	-0.0434254	
78	58032	0.265249	-0.022429	0.0372651	-0.0434254	
79	58776	0.271464	-0.022429	0.0318392	-0.0434254	
80	59520	0.271136	-0.022429	0.031346	-0.0434254	
81	60264	0.259889	-0.022429	0.0270053	-0.0434254	
82	61008	0.25522	-0.022429	0.0302937	-0.0434254	
83	61752	0.278567	-0.022429	0.0390737	-0.0434254	
84	62496	0.275608	-0.022429	0.0381858	-0.0434254	
85	63240	0.263638	-0.022429	0.0279918	-0.0434254	
86	63984	0.272911	-0.022429	0.0350618	-0.0434254	
87	64728	0.287249	-0.022429	0.0295702	-0.0434254	
88	65472	0.27712	-0.022429	0.0334176	-0.0434254	
89	66216	0.259889	-0.022429	0.0339438	-0.0434254	
90	66960	0.28054	-0.022429	0.0410796	-0.0434254	
91	67704	0.280606	-0.022429	0.0385146	-0.0434254	
92	68448	0.265118	-0.022429	0.0347988	-0.0434254	
93	69192	0.277449	-0.022429	0.0410138	-0.0434254	
94	69936	0.284881	-0.022429	0.0388435	-0.0434254	
95	70680	0.279685	-0.022429	0.0463081	-0.0434254	
96	71424	0.286032	-0.022429	0.0433815	-0.0434254	
97	72168	0.286558	-0.022429	0.0523259	-0.0434254	
98	72912	0.281297	-0.022429	0.0450585	-0.0434254	
99	73656	0.286032	-0.022429	0.0419675	-0.0434254	
100	74400	0.282941	-0.022429	0.0419675	-0.0434254	
101	75144	0.286262	-0.022429	0.0436774	-0.0434254	
102	75888	0.28179	-0.022429	0.0509776	-0.0434254	
103	76632	0.283335	-0.022429	0.0420003	-0.0434254	
104	77376	0.282809	-0.022429	0.0428553	-0.0434254	
105	78120	0.291852	-0.022429	0.0441049	-0.0434254	
106	78864	0.272878	-0.022429	0.0318063	-0.0434254	
107	79608	0.276134	-0.022429	0.0409481	-0.0434254	
108	80352	0.265315	-0.022429	0.0457162	-0.0434254	
109	81096	0.282678	-0.022429	0.0304581	-0.0434254	
110	81840	0.267453	-0.022429	0.0465054	-0.0434254	
111	82584	0.271826	-0.022429	0.0440391	-0.0434254	
112	83328	0.267946	-0.022429	0.0432828	-0.0434254	
113	84072	0.278765	-0.022429	0.0405534	-0.0434254	
114	84816	0.278238	-0.022429	0.0416715	-0.0434254	
115	85560	0.262816	-0.022429	0.0535755	-0.0434254	
116	86304	0.268505	-0.022429	0.0349303	-0.0434254	
117	87048	0.267748	-0.022429	0.0420332	-0.0434254	
118	87792	0.269064	-0.022429	0.0322667	-0.0434254	
119	88536	0.263375	-0.022429	0.0346672	-0.0434254	
120	89280	0.277712	-0.022429	0.0372322	-0.0434254	
121	90024	0.275082	-0.022429	0.0422305	-0.0434254	
122	90768	0.279751	-0.022429	0.0332532	-0.0434254	
123	91512	0.278502	-0.022429	0.0377254	-0.0434254	
124	92256	0.270445	-0.022429	0.0372322	-0.0434254	
125	93000	0.26834	-0.022429	0.029077	-0.0434254	
126	93744	0.26788	-0.022429	0.0323654	-0.0434254	
127	94488	0.273964	-0.022429	0.0284522	-0.0434254	
128	95232	0.278502	-0.022429	0.0340424	-0.0434254	
129	95976	0.277778	-0.022429	0.0346015	-0.0434254	
130	96720	0.279521	-0.022429	0.0377254	-0.0434254	
131	97464	0.284322	-0.022429	0.0324311	-0.0434254	
132	98208	0.28521	-0.022429	0.0411782	-0.0434254	
133	98952	0.280146	-0.022429	0.0323325	-0.0434254	
134	99696	0.278534	-0.022429	0.0313131	-0.0434254	
135	100440	0.269458	-0.022429	0.0295045	-0.0434254	
136	101184	0.280606	-0.022429	0.0366074	-0.0434254	
137	101928	0.280277	-0.022429	0.0361141	-0.0434254	
138	102672	0.274128	-0.022429	0.0392052	-0.0434254	
139	103416	0.273635	-0.022429	0.0377583	-0.0434254	
140	104160	0.272977	-0.022429	0.0368047	-0.0434254	
141	104904	0.262257	-0.022429	0.0322996	-0.0434254	
142	105648	0.276331	-0.022429	0.0300635	-0.0434254	
143	106392	0.260086	-0.022429	0.0318063	-0.0434254	
144	107136	0.284059	-0.022429	0.0320694	-0.0434254	
145	107880	0.275838	-0.022429	0.0304581	-0.0434254	
146	108624	0.279948	-0.022429	0.0312802	-0.0434254	
147	109368	0.288531	-0.022429	0.0434143	-0.0434254	
148	110112	0.275969	-0.022429	0.0408494	-0.0434254	
149	110856	0.268176	-0.022429	0.0430526	-0.0434254	
150	111600	0.266926	-0.022429	0.0426909	-0.0434254	
151	111042	0.271333	-0.022429	0.0473275	-0.0434254	
152	110298	0.255647	-0.022429	0.0327271	-0.0434254	
153	109554	0.255417	-0.022429	0.0345686	-0.0434254	
154	108810	0.273273	-0.022429	0.0356866	-0.0434254	
155	108066	0.264329	-0.022429	0.0248678	-0.0434254	
156	107322	0.262947	-0.022429	0.034733	-0.0434254	
157	106578	0.257094	-0.022429	0.0337465	-0.0434254	
158	105834	0.263605	-0.022429	0.0374952	-0.0434254	
159	105090	0.265677	-0.022429	0.0323325	-0.0434254	
160	104346	0.275279	-0.022429	0.0336478	-0.0434254	
161	103602	0.277351	-0.022429	0.0358182	-0.0434254	
162	102858	0.280869	-0.022429	0.0332203	-0.0434254	
163	102114	0.282513	-0.022429	0.034733	-0.0434254	
164	101370	0.270379	-0.022429	0.0296031	-0.0434254	
165	100626	0.270083	-0.022429	0.0275643	-0.0434254	
166	99882	0.267617	-0.022429	0.0340753	-0.0434254	
167	99138	0.28419	-0.022429	0.031905	-0.0434254	
168	98394	0.284684	-0.022429	0.0197708	-0.0434254	
169	97650	0.258015	-0.022429	0.0397642	-0.0434254	
170	96906	0.264624	-0.022429	0.0242102	-0.0434254	
171	96162	0.269261	-0.022429	0.0304581	-0.0434254	
172	95418	0.282053	-0.022429	0.0291427	-0.0434254	
173	94674	0.276298	-0.022429	0.0276301	-0.0434254	
174	93930	0.264493	-0.022429	0.0258872	-0.0434254	
175	93186	0.289978	-0.022429	0.0346015	-0.0434254	
176	92442	0.279718	-0.022429	0.0363114	-0.0434254	
177	91698	0.274227	-0.022429	0.0288139	-0.0434254	
178	90954	0.286591	-0.022429	0.030195	-0.0434254	
179	90210	0.26765	-0.022429	0.0310829	-0.0434254	
180	89466	0.259495	-0.022429	0.0359497	-0.0434254	
181	88722	0.282579	-0.022429	0.0336478	-0.0434254	
182	87978	0.265479	-0.022429	0.0330888	-0.0434254	
183	87234	0.276068	-0.022429	0.0460122	-0.0434254	
184	86490	0.268571	-0.022429	0.042099	-0.0434254	
185	85746	0.281889	-0.022429	0.036147	-0.0434254	
186	85002	0.271136	-0.022429	0.0341411	-0.0434254	
187	84258	0.264822	-0.022429	0.0313788	-0.0434254	
188	83514	0.280343	-0.022429	0.0412111	-0.0434254	
189	82770	0.260744	-0.022429	0.0384489	-0.0434254	
190	82026	0.268801	-0.022429	0.0321352	-0.0434254	
191	81282	0.254496	-0.022429	0.0385804	-0.0434254	
192	80538	0.268571	-0.022429	0.0305239	-0.0434254	
193	79794	0.257291	-0.022429	0.0373637	-0.0434254	
194	79050	0.264986	-0.022429	0.0306883	-0.0434254	
195	78306	0.261994	-0.022429	0.036147	-0.0434254	
196	77562	0.264	-0.022429	0.0381529	-0.0434254	
197	76818	0.26571	-0.022429	0.0396656	-0.0434254	
198	76074	0.266532	-0.022429	0.0437432	-0.0434254	
199	75330	0.267091	-0.022429	0.0322009	-0.0434254	
200	74586	0.276331	-0.022429	0.0424936	-0.0434254	
201	73842	0.273766	-0.022429	0.0421648	-0.0434254	
202	73098	0.287084	-0.022429	0.039534	-0.0434254	
203	72354	0.274095	-0.022429	0.0339438	-0.0434254	
204	71610	0.269393	-0.022429	0.0373637	-0.0434254	
205	70866	0.272418	-0.022429	0.0280905	-0.0434254	
206	70122	0.275345	-0.022429	0.0409152	-0.0434254	
207	69378	0.264592	-0.022429	0.0379227	-0.0434254	
208	68634	0.279126	-0.022429	0.0401588	-0.0434254	
209	67890	0.264526	-0.022429	0.025953	-0.0434254	
210	67146	0.271629	-0.022429	0.0267751	-0.0434254	
211	66402	0.276101	-0.022429	0.0336478	-0.0434254	
212	65658	0.279784	-0.022429	0.0352591	-0.0434254	
213	64914	0.278567	-0.022429	0.0343713	-0.0434254	
214	64170	0.278896	-0.022429	0.0249336	-0.0434254	
215	63426	0.270478	-0.022429	0.0305896	-0.0434254	
216	62682	0.292642	-0.022429	0.0329902	-0.0434254	
217	61938	0.277844	-0.022429	0.0249665	-0.0434254	
218	61194	0.268768	-0.022429	0.027367	-0.0434254	
219	60450	0.268044	-0.022429	0.0182253	-0.0434254	
220	59706	0.264131	-0.022429	0.036147	-0.0434254	
221	58962	0.271497	-0.022429	0.027663	-0.0434254	
222	58218	0.259232	-0.022429	0.0205929	-0.0434254	
223	57474	0.275114	-0.022429	0.0309514	-0.0434254	
224	56730	0.27324	-0.022429	0.0315433	-0.0434254	
225	55986	0.269886	-0.022429	0.0337136	-0.0434254	
226	55242	0.280113	-0.022429	0.0306554	-0.0434254	
227	54498	0.275147	-0.022429	0.0279589	-0.0434254	
228	53754	0.267518	-0.022429	0.0281562	-0.0434254	
229	53010	0.28738	-0.022429	0.0328586	-0.0434254	
230	52266	0.267453	-0.022429	0.0446639	-0.0434254	
231	51522	0.277811	-0.022429	0.0412111	-0.0434254	
232	50778	0.272023	-0.022429	0.0394025	-0.0434254	
233	50034	0.272747	-0.022429	0.0351934	-0.0434254	
234	49290	0.257456	-0.022429	0.0391066	-0.0434254	
235	48546	0.266302	-0.022429	0.0397313	-0.0434254	
236	47802	0.275016	-0.022429	0.0432499	-0.0434254	
237	47058	0.276035	-0.022429	0.036147	-0.0434254	
238	46314	0.279718	-0.022429	0.0395012	-0.0434254	
239	45570	0.285374	-0.022429	0.0474591	-0.0434254	
240	44826	0.264329	-0.022429	0.0391723	-0.0434254	
241	44082	0.277712	-0.022429	0.0387448	-0.0434254	
242	43338	0.272385	-0.022429	0.033319	-0.0434254	
243	42594	0.270412	-0.022429	0.0439734	-0.0434254	
244	41850	0.275937	-0.022429	0.0417044	-0.0434254	
245	41106	0.255614	-0.022429	0.0288468	-0.0434254	
246	40362	0.257226	-0.022429	0.0445653	-0.0434254	
247	39618	0.276397	-0.022429	0.0406521	-0.0434254	
248	38874	0.260843	-0.022429	0.0441378	-0.0434254	
249	38130	0.276496	-0.022429	0.0445982	-0.0434254	
250	37386	0.26252	-0.022429	0.034174	-0.0434254	
251	36642	0.261764	-0.022429	0.0453545	-0.0434254	
252	35898	0.272615	-0.022429	0.0438418	-0.0434254	
253	35154	0.259922	-0.022429	0.0416057	-0.0434254	
254	34410	0.268538	-0.022429	0.0419346	-0.0434254	
255	33666	0.264	-0.022429	0.0250651	-0.0434254	
256	32922	0.245585	-0.022429	0.0310829	-0.0434254	
257	32178	0.268209	-0.022429	0.0385475	-0.0434254	
258	31434	0.260317	-0.022429	0.0353578	-0.0434254	
259	30690	0.278797	-0.022429	0.0292085	-0.0434254	
260	29946	0.26423	-0.022429	0.029932	-0.0434254	
261	29202	0.284158	-0.022429	0.0289126	-0.0434254	
262	28458	0.272352	-0.022429	0.0298004	-0.0434254	
263	27714	0.269787	-0.022429	0.0393367	-0.0434254	
264	26970	0.267255	-0.022429	0.0362785	-0.0434254	
265	26226	0.275871	-0.022429	0.024539	-0.0434254	
266	25482	0.261928	-0.022429	0.0321352	-0.0434254	
267	24738	0.263441	-0.022429	0.027926	-0.0434254	
268	23994	0.275016	-0.022429	0.0366731	-0.0434254	
269	23250	0.266762	-0.022429	0.0286824	-0.0434254	
270	22506	0.277186	-0.022429	0.0303266	-0.0434254	
271	21762	0.280014	-0.022429	0.0273341	-0.0434254	
272	21018	0.284749	-0.022429	0.0362785	-0.0434254	
273	20274	0.281461	-0.022429	0.0369033	-0.0434254	
274	19530	0.265479	-0.022429	0.0237498	-0.0434254	
275	18786	0.284454	-0.022429	0.0331875	-0.0434254	
276	18042	0.268439	-0.022429	0.035029	-0.0434254	
277	17298	0.272056	-0.022429	0.0339109	-0.0434254	
278	16554	0.273865	-0.022429	0.0336149	-0.0434254	
279	15810	0.279916	-0.022429	0.0410467	-0.0434254	
280	15066	0.273306	-0.022429	0.0379885	-0.0434254	
281	14322	0.272911	-0.022429	0.040389	-0.0434254	
282	13578	0.284486	-0.022429	0.0433486	-0.0434254	
283	12834	0.269393	-0.022429	0.0400931	-0.0434254	
284	12090	0.273043	-0.022429	0.0295045	-0.0434254	
285	11346	0.258212	-0.022429	0.0430197	-0.0434254	
286	10602	0.27324	-0.022429	0.0412769	-0.0434254	
287	9858	0.255943	-0.022429	0.0418359	-0.0434254	
288	9114	0.256371	-0.022429	0.0403561	-0.0434254	
289	8370	0.260876	-0.022429	0.0398958	-0.0434254	
290	7626	0.252622	-0.022429	0.0439734	-0.0434254	
291	6882	0.264263	-0.022429	0.0358182	-0.0434254	
292	6138	0.253411	-0.022429	0.0437761	-0.0434254	
293	5394	0.274227	-0.022429	0.033319	-0.0434254	
294	4650	0.253839	-0.022429	0.041244	-0.0434254	
295	3906	0.26571	-0.022429	0.0368704	-0.0434254	
296	3162	0.247887	-0.022429	0.0304252	-0.0434254	
297	2418	0.249728	-0.022429	0.0323654	-0.0434254	
298	1674	0.239929	-0.022429	0.0285837	-0.0434254	
299	930	0.220494	-0.022429	0.0360484	-0.0434254	
300	186	0.255022	-0.022429	0.0343055	-0.0434254	
301	372	0.259659	-0.022429	0.0320036	-0.0434254	
302	1116	0.258771	-0.022429	0.0326613	-0.0434254	
303	1860	0.254266	-0.022429	0.0320365	-0.0434254	
304	2604	0.256765	-0.022429	0.0281562	-0.0434254	
305	3348	0.249695	-0.022429	0.040126	-0.0434254	
306	4092	0.244434	-0.022429	0.0305239	-0.0434254	
307	4836	0.248084	-0.022429	0.0284193	-0.0434254	
308	5580	0.246242	-0.022429	0.036443	-0.0434254	
309	6324	0.271333	-0.022429	0.0426909	-0.0434254	
310	7068	0.248182	-0.022429	0.0382845	-0.0434254	
311	7812	0.253641	-0.022429	0.0467356	-0.0434254	
312	8556	0.248051	-0.022429	0.0323654	-0.0434254	
313	9300	0.25397	-0.022429	0.0405863	-0.0434254	
314	10044	0.255187	-0.022429	0.0323325	-0.0434254	
315	10788	0.250715	-0.022429	0.0419346	-0.0434254	
316	11532	0.256075	-0.022429	0.0340753	-0.0434254	
317	12276	0.259067	-0.022429	0.0324969	-0.0434254	
318	13020	0.24815	-0.022429	0.0302279	-0.0434254	
319	13764	0.249333	-0.022429	0.0377912	-0.0434254	
320	14508	0.253477	-0.022429	0.0417044	-0.0434254	
321	15252	0.240586	-0.022429	0.0198695	-0.0434254	
322	15996	0.252819	-0.022429	0.0298004	-0.0434254	
323	16740	0.241639	-0.022429	0.0334505	-0.0434254	
324	17484	0.259297	-0.022429	0.0273012	-0.0434254	
325	18228	0.25785	-0.022429	0.0342397	-0.0434254	
326	18972	0.252918	-0.022429	0.0260517	-0.0434254	
327	19716	0.247032	-0.022429	0.0304581	-0.0434254	
328	20460	0.252063	-0.022429	0.0262161	-0.0434254	
329	21204	0.254233	-0.022429	0.0210862	-0.0434254	
330	21948	0.247854	-0.022429	0.018028	-0.0434254	
331	22692	0.245322	-0.022429	0.0297675	-0.0434254	
332	23436	0.259856	-0.022429	0.0276958	-0.0434254	
333	24180	0.264197	-0.022429	0.0287152	-0.0434254	
334	24924	0.258212	-0.022429	0.0389421	-0.0434254	
335	25668	0.253444	-0.022429	0.0184555	-0.0434254	
336	26412	0.270971	-0.022429	0.0309842	-0.0434254	
337	27156	0.243842	-0.022429	0.0201654	-0.0434254	
338	27900	0.260317	-0.022429	0.0327928	-0.0434254	
339	28644	0.255187	-0.022429	0.0251967	-0.0434254	
340	29388	0.263474	-0.022429	0.0287152	-0.0434254	
341	30132	0.25614	-0.022429	0.0291756	-0.0434254	
342	30876	0.263901	-0.022429	0.0209218	-0.0434254	
343	31620	0.257028	-0.022429	0.0237498	-0.0434254	
344	32364	0.256732	-0.022429	0.0312802	-0.0434254	
345	33108	0.266367	-0.022429	0.0318392	-0.0434254	
346	33852	0.270182	-0.022429	0.0302937	-0.0434254	
347	34596	0.261895	-0.022429	0.0409152	-0.0434254	
348	35340	0.26959	-0.022429	0.0369362	-0.0434254	
349	36084	0.267222	-0.022429	0.0311487	-0.0434254	
350	36828	0.261829	-0.022429	0.0301293	-0.0434254	
351	37572	0.262586	-0.022429	0.0438089	-0.0434254	
352	38316	0.262882	-0.022429	0.0356866	-0.0434254	
353	39060	0.269985	-0.022429	0.0330888	-0.0434254	
354	39804	0.277088	-0.022429	0.0465383	-0.0434254	
355	40548	0.269787	-0.022429	0.0456833	-0.0434254	
356	41292	0.260317	-0.022429	0.0352591	-0.0434254	
357	42036	0.266729	-0.022429	0.0327271	-0.0434254	
358	42780	0.271826	-0.022429	0.0388106	-0.0434254	
359	43524	0.257489	-0.022429	0.0331217	-0.0434254	
360	44268	0.258113	-0.022429	0.0428224	-0.0434254	
361	45012	0.270182	-0.022429	0.054266	-0.0434254	
362	45756	0.272122	-0.022429	0.0435459	-0.0434254	
363	46500	0.267485	-0.022429	0.0356209	-0.0434254	
364	47244	0.272977	-0.022429	0.0410138	-0.0434254	
365	47988	0.26446	-0.022429	0.0405534	-0.0434254	
366	48732	0.248807	-0.022429	0.0322667	-0.0434254	
367	49476	0.256601	-0.022429	0.0316748	-0.0434254	
368	50220	0.253049	-0.022429	0.0208231	-0.0434254	
369	50964	0.250221	-0.022429	0.0362785	-0.0434254	
370	51708	0.264098	-0.022429	0.0195406	-0.0434254	
371	52452	0.258278	-0.022429	0.028781	-0.0434254	
372	53196	0.244861	-0.022429	0.0288797	-0.0434254	
373	53940	0.257357	-0.022429	0.0195735	-0.0434254	
374	54684	0.26811	-0.022429	0.0237498	-0.0434254	
375	55428	0.255549	-0.022429	0.0245061	-0.0434254	
376	56172	0.260054	-0.022429	0.0303923	-0.0434254	
377	56916	0.268702	-0.022429	0.0315104	-0.0434254	
378	57660	0.275114	-0.022429	0.0265449	-0.0434254	
379	58404	0.280277	-0.022429	0.0248678	-0.0434254	
380	59148	0.271826	-0.022429	0.0345028	-0.0434254	
381	59892	0.27449	-0.022429	0.0271368	-0.0434254	
382	60636	0.270971	-0.022429	0.0254269	-0.0434254	
383	61380	0.261435	-0.022429	0.0284851	-0.0434254	
384	62124	0.272845	-0.022429	0.0266107	-0.0434254	
385	62868	0.267124	-0.022429	0.0351934	-0.0434254	
386	63612	0.269886	-0.022429	0.0273341	-0.0434254	
387	64356	0.274325	-0.022429	0.0234867	-0.0434254	
388	65100	0.277778	-0.022429	0.0321352	-0.0434254	
389	65844	0.281231	-0.022429	0.0365416	-0.0434254	
390	66588	0.274588	-0.022429	0.0293729	-0.0434254	
391	67332	0.268867	-0.022429	0.0324969	-0.0434254	
392	68076	0.274884	-0.022429	0.0275643	-0.0434254	
393	68820	0.293266	-0.022429	0.0407507	-0.0434254	
394	69564	0.284125	-0.022429	0.0340096	-0.0434254	
395	70308	0.261566	-0.022429	0.0269724	-0.0434254	
396	71052	0.270083	-0.022429	0.0347988	-0.0434254	
397	71796	0.269721	-0.022429	0.0430526	-0.0434254	
398	72540	0.279258	-0.022429	0.0356866	-0.0434254	
399	73284	0.290669	-0.022429	0.0436445	-0.0434254	
400	74028	0.272418	-0.022429	0.0300306	-0.0434254	
401	74772	0.279554	-0.022429	0.0450914	-0.0434254	
402	75516	0.272451	-0.022429	0.0413098	-0.0434254	
403	76260	0.280343	-0.022429	0.0366731	-0.0434254	
404	77004	0.262717	-0.022429	0.0362457	-0.0434254	
405	77748	0.271695	-0.022429	0.0437432	-0.0434254	
406	78492	0.278567	-0.022429	0.0420003	-0.0434254	
407	79236	0.275772	-0.022429	0.0456504	-0.0434254	
408	79980	0.266729	-0.022429	0.0303266	-0.0434254	
409	80724	0.278469	-0.022429	0.047755	-0.0434254	
410	81468	0.283993	-0.022429	0.0368704	-0.0434254	
411	82212	0.264822	-0.022429	0.041803	-0.0434254	
412	82956	0.256305	-0.022429	0.0397642	-0.0434254	
413	83700	0.268307	-0.022429	0.0385146	-0.0434254	
414	84444	0.248873	-0.022429	0.0356209	-0.0434254	
415	85188	0.276594	-0.022429	0.0510763	-0.0434254	
416	85932	0.263441	-0.022429	0.0397642	-0.0434254	
417	86676	0.275805	-0.022429	0.0385475	-0.0434254	
418	87420	0.266729	-0.022429	0.0267422	-0.0434254	
419	88164	0.266137	-0.022429	0.0332532	-0.0434254	
420	88908	0.273141	-0.022429	0.0305239	-0.0434254	
421	89652	0.261764	-0.022429	0.0270382	-0.0434254	
422	90396	0.271399	-0.022429	0.0394683	-0.0434254	
423	91140	0.269097	-0.022429	0.0335821	-0.0434254	
424	91884	0.277515	-0.022429	0.0323982	-0.0434254	
425	92628	0.257291	-0.022429	0.0294387	-0.0434254	
426	93372	0.273964	-0.022429	0.0264791	-0.0434254	
427	94116	0.264953	-0.022429	0.0239471	-0.0434254	
428	94860	0.259297	-0.022429	0.0268409	-0.0434254	
429	95604	0.263441	-0.022429	0.0302279	-0.0434254	
430	96348	0.268735	-0.022429	0.0286166	-0.0434254	
431	97092	0.265479	-0.022429	0.0362785	-0.0434254	
432	97836	0.28179	-0.022429	0.0346672	-0.0434254	
433	98580	0.264789	-0.022429	0.0244075	-0.0434254	
434	99324	0.2396	-0.022429	0.0254926	-0.0434254	
435	100068	0.26035	-0.022429	0.0237169	-0.0434254	
436	100812	0.276627	-0.022429	0.0200339	-0.0434254	
437	101556	0.261796	-0.022429	0.0258872	-0.0434254	
438	102300	0.263769	-0.022429	0.0182911	-0.0434254	
439	103044	0.268669	-0.022429	0.0266764	-0.0434254	
440	103788	0.272681	-0.022429	0.0250651	-0.0434254	
441	104532	0.269919	-0.022429	0.0325298	-0.0434254	
442	105276	0.256667	-0.022429	0.0345357	-0.0434254	
443	106020	0.270017	-0.022429	0.0427567	-0.0434254	
444	106764	0.261533	-0.022429	0.0362785	-0.0434254	
445	107508	0.261961	-0.022429	0.0412111	-0.0434254	
446	108252	0.276364	-0.022429	0.0405863	-0.0434254	
447	108996	0.271234	-0.022429	0.0386462	-0.0434254	
448	109740	0.273536	-0.022429	0.0428553	-0.0434254	
449	110484	0.275608	-0.022429	0.0332203	-0.0434254	
450	111228	0.252523	-0.022429	0.0400931	-0.0434254	
451	111414	0.271727	-0.022429	0.0396656	-0.0434254	
452	110670	0.260514	-0.022429	0.0309842	-0.0434254	
453	109926	0.269623	-0.022429	0.037002	-0.0434254	
454	109182	0.25568	-0.022429	0.0356866	-0.0434254	
455	108438	0.268636	-0.022429	0.0372651	-0.0434254	
456	107694	0.275049	-0.022429	0.0390079	-0.0434254	
457	106950	0.266367	-0.022429	0.0395669	-0.0434254	
458	106206	0.264526	-0.022429	0.0439076	-0.0434254	
459	105462	0.27005	-0.022429	0.0391066	-0.0434254	
460	104718	0.282612	-0.022429	0.0358182	-0.0434254	
461	103974	0.26834	-0.022429	0.0356209	-0.0434254	
462	103230	0.272188	-0.022429	0.0322338	-0.0434254	
463	102486	0.271695	-0.022429	0.0332203	-0.0434254	
464	101742	0.26206	-0.022429	0.0276301	-0.0434254	
465	100998	0.273306	-0.022429	0.0257886	-0.0434254	
466	100254	0.278008	-0.022429	0.0349961	-0.0434254	
467	99510	0.273898	-0.022429	0.0251638	-0.0434254	
468	98766	0.268538	-0.022429	0.0332861	-0.0434254	
469	98022	0.2737	-0.022429	0.0240786	-0.0434254	
470	97278	0.280935	-0.022429	0.0304581	-0.0434254	
471	96534	0.272385	-0.022429	0.0232565	-0.0434254	
472	95790	0.287249	-0.022429	0.0255584	-0.0434254	
473	95046	0.257587	-0.022429	0.0277287	-0.0434254	
474	94302	0.27153	-0.022429	0.0363114	-0.0434254	
475	93558	0.270675	-0.022429	0.0322009	-0.0434254	
476	92814	0.260909	-0.022429	0.0339767	-0.0434254	
477	92070	0.256535	-0.022429	0.0298662	-0.0434254	
478	91326	0.272911	-0.022429	0.039534	-0.0434254	
479	90582	0.267222	-0.022429	0.0279589	-0.0434254	
480	89838	0.269491	-0.022429	0.0367389	-0.0434254	
481	89094	0.266696	-0.022429	0.0338122	-0.0434254	
482	88350	0.268899	-0.022429	0.0407507	-0.0434254	
483	87606	0.272747	-0.022429	0.0421319	-0.0434254	
484	86862	0.262619	-0.022429	0.0363772	-0.0434254	
485	86118	0.269162	-0.022429	0.0392381	-0.0434254	
486	85374	0.261172	-0.022429	0.0517997	-0.0434254	
487	84630	0.263178	-0.022429	0.0325955	-0.0434254	
488	83886	0.27472	-0.022429	0.0409809	-0.0434254	
489	83142	0.265808	-0.022429	0.0452558	-0.0434254	
490	82398	0.273799	-0.022429	0.0403561	-0.0434254	
491	81654	0.270807	-0.022429	0.0429211	-0.0434254	
492	80910	0.283599	-0.022429	0.0466041	-0.0434254	
493	80166	0.269524	-0.022429	0.037857	-0.0434254	
494	79422	0.28156	-0.022429	0.0324969	-0.0434254	
495	78678	0.267946	-0.022429	0.0430855	-0.0434254	
496	77934	0.276759	-0.022429	0.0399944	-0.0434254	
497	77190	0.265249	-0.022429	0.0495636	-0.0434254	
498	76446	0.286755	-0.022429	0.0428553	-0.0434254	
499	75702	0.269491	-0.022429	0.0402904	-0.0434254	
500	74958	0.274161	-0.022429	0.0423292	-0.0434254	
501	74214	0.275706	-0.022429	0.0336149	-0.0434254	
502	73470	0.277581	-0.022429	0.0452558	-0.0434254	
503	72726	0.267222	-0.022429	0.0412111	-0.0434254	
504	71982	0.273602	-0.022429	0.0371335	-0.0434254	
505	71238	0.279159	-0.022429	0.0347001	-0.0434254	
506	70494	0.279981	-0.022429	0.0283864	-0.0434254	
507	69750	0.269886	-0.022429	0.0385475	-0.0434254	
508	69006	0.277877	-0.022429	0.0331217	-0.0434254	
509	68262	0.274753	-0.022429	0.0273999	-0.0434254	
510	67518	0.280376	-0.022429	0.0324311	-0.0434254	
511	66774	0.271629	-0.022429	0.0431842	-0.0434254	
512	66030	0.272352	-0.022429	0.0295702	-0.0434254	
513	65286	0.273405	-0.022429	0.0283864	-0.0434254	
514	64542	0.277088	-0.022429	0.0233552	-0.0434254	
515	63798	0.277022	-0.022429	0.0306225	-0.0434254	
516	63054	0.263638	-0.022429	0.0318392	-0.0434254	
517	62310	0.263802	-0.022429	0.0303923	-0.0434254	
518	61566	0.288761	-0.022429	0.0286824	-0.0434254	
519	60822	0.264822	-0.022429	0.0311487	-0.0434254	
520	60078	0.263967	-0.022429	0.0250323	-0.0434254	
521	59334	0.270281	-0.022429	0.0295045	-0.0434254	
522	58590	0.273569	-0.022429	0.0301621	-0.0434254	
523	57846	0.276463	-0.022429	0.0281233	-0.0434254	
524	57102	0.273668	-0.022429	0.026249	-0.0434254	
525	56358	0.2713	-0.022429	0.0240129	-0.0434254	
526	55614	0.283237	-0.022429	0.0315761	-0.0434254	
527	54870	0.28396	-0.022429	0.0263476	-0.0434254	
528	54126	0.273043	-0.022429	0.0348316	-0.0434254	
529	53382	0.294089	-0.022429	0.0303266	-0.0434254	
530	52638	0.268505	-0.022429	0.0371006	-0.0434254	
531	51894	0.277186	-0.022429	0.0371664	-0.0434254	
532	51150	0.288104	-0.022429	0.0414084	-0.0434254	
533	50406	0.294483	-0.022429	0.0386133	-0.0434254	
534	49662	0.273174	-0.022429	0.0410138	-0.0434254	
535	48918	0.280968	-0.022429	0.0445324	-0.0434254	
536	48174	0.278929	-0.022429	0.0415071	-0.0434254	
537	47430	0.293365	-0.022429	0.0430197	-0.0434254	
538	46686	0.289024	-0.022429	0.0459464	-0.0434254	
539	45942	0.30254	-0.022429	0.0527534	-0.0434254	
540	45198	0.293234	-0.022429	0.0471302	-0.0434254	
541	44454	0.279981	-0.022429	0.0492677	-0.0434254	
542	43710	0.297377	-0.022429	0.0382845	-0.0434254	
543	42966	0.283829	-0.022429	0.0436116	-0.0434254	
544	42222	0.274523	-0.022429	0.0515367	-0.0434254	
545	41478	0.289024	-0.022429	0.0438089	-0.0434254	
546	40734	0.272122	-0.022429	0.0419675	-0.0434254	
547	39990	0.287282	-0.022429	0.0481496	-0.0434254	
548	39246	0.281198	-0.022429	0.0447955	-0.0434254	
549	38502	0.286887	-0.022429	0.0417373	-0.0434254	
550	37758	0.284881	-0.022429	0.0417701	-0.0434254	
551	37014	0.267124	-0.022429	0.0295373	-0.0434254	
552	36270	0.260843	-0.022429	0.0308198	-0.0434254	
553	35526	0.2762	-0.022429	0.0393367	-0.0434254	
554	34782	0.268209	-0.022429	0.0422963	-0.0434254	
555	34038	0.275641	-0.022429	0.0379885	-0.0434254	
556	33294	0.263276	-0.022429	0.0381529	-0.0434254	
557	32550	0.278238	-0.022429	0.030195	-0.0434254	
558	31806	0.266137	-0.022429	0.0297346	-0.0434254	
559	31062	0.278962	-0.022429	0.0415728	-0.0434254	
560	30318	0.266236	-0.022429	0.0366074	-0.0434254	
561	29574	0.266926	-0.022429	0.0357524	-0.0434254	
562	28830	0.267748	-0.022429	0.02934	-0.0434254	
563	28086	0.274095	-0.022429	0.0286824	-0.0434254	
564	27342	0.262257	-0.022429	0.0175347	-0.0434254	
565	26598	0.28692	-0.022429	0.0273999	-0.0434254	
566	25854	0.282744	-0.022429	0.0414742	-0.0434254	
567	25110	0.278765	-0.022429	0.0249665	-0.0434254	
568	24366	0.278699	-0.022429	0.0369033	-0.0434254	
569	23622	0.29274	-0.022429	0.0282549	-0.0434254	
570	22878	0.279554	-0.022429	0.0358182	-0.0434254	
571	22134	0.284355	-0.022429	0.0335492	-0.0434254	
572	21390	0.284585	-0.022429	0.0335492	-0.0434254	
573	20646	0.27962	-0.022429	0.0310829	-0.0434254	
574	19902	0.285243	-0.022429	0.0227961	-0.0434254	
575	19158	0.274292	-0.022429	0.0344042	-0.0434254	
576	18414	0.295239	-0.022429	0.0309842	-0.0434254	
577	17670	0.291688	-0.022429	0.0426251	-0.0434254	
578	16926	0.289386	-0.022429	0.0404548	-0.0434254	
579	16182	0.285309	-0.022429	0.0395669	-0.0434254	
580	15438	0.274259	-0.022429	0.0390408	-0.0434254	
581	14694	0.277515	-0.022429	0.0357853	-0.0434254	
582	13950	0.28544	-0.022429	0.0346343	-0.0434254	
583	13206	0.274259	-0.022429	0.0326613	-0.0434254	
584	12462	0.275641	-0.022429	0.0398629	-0.0434254	
585	11718	0.275213	-0.022429	0.0371664	-0.0434254	
586	10974	0.278633	-0.022429	0.0325955	-0.0434254	
587	10230	0.286262	-0.022429	0.0370349	-0.0434254	
588	9486	0.270248	-0.022429	0.0352263	-0.0434254	
589	8742	0.277778	-0.022429	0.0361141	-0.0434254	
590	7998	0.257719	-0.022429	0.0394025	-0.0434254	
591	7254	0.276134	-0.022429	0.0347001	-0.0434254	
592	6510	0.277318	-0.022429	0.0437103	-0.0434254	
593	5766	0.278337	-0.022429	0.0404219	-0.0434254	
594	5022	0.264789	-0.022429	0.0446968	-0.0434254	
595	4278	0.266367	-0.022429	0.0410796	-0.0434254	
596	3534	0.280014	-0.022429	0.0311815	-0.0434254	
597	2790	0.270215	-0.022429	0.0421648	-0.0434254	
598	2046	0.251668	-0.022429	0.0408165	-0.0434254	
599	1302	0.262421	-0.022429	0.0384489	-0.0434254	
600	558	0.250287	-0.0223074	0.0376268	-0.0460035	
