# Filename	14_delay.txt
# Date	2016-09-22
# Title	DL-Pro & DL-100 Locked delay scan.
# DL-Pro	365872.6 GHz
# DL-100	365856.7 GHz
# Static	500 mV Pulsed
# MWOn	On
# MWf	15932.0 MHz
# Attn	38 dB
# FixedAttn	6 dB
# B2	B2 = T2 + 2.050 us
# HP214B	HP 214B FIP at 5.5 on 100V setting ; Applied to Top ; Mesh & Vin of MCP @ +25V ; Vout of MCP @ +2025 V
# Oven	32 A
# Boxcar	Gate = 200 ns ; Amp = 25x ; Sensitivity = 5 mV
# Offset	+/- 30 mV IR/Oven offset.
# Bias	Top: 0 V ; Bot: -0.409 V ; IR: +0.052 V ; Oven: -0.052 V ; Vis: -0.011 V ; MW: +0.011 V
# Passes	4
i, step, norm, nbackground, signal, sbackground
0	0	0.269754	-0.0245764	-0.0180456	-0.0465165	
1	744	0.271563	-0.0245764	-0.019361	-0.0465165	
2	1488	0.28179	-0.0245764	-0.0237017	-0.0465165	
3	2232	0.252786	-0.0245764	-0.0214656	-0.0465165	
4	2976	0.272845	-0.0245764	-0.0203146	-0.0465165	
5	3720	0.26206	-0.0245764	-0.0177497	-0.0465165	
6	4464	0.273898	-0.0245764	-0.017651	-0.0465165	
7	5208	0.271201	-0.0245764	-0.014823	-0.0465165	
8	5952	0.261928	-0.0245764	-0.0223863	-0.0465165	
9	6696	0.264098	-0.0245764	-0.0288973	-0.0465165	
10	7440	0.266137	-0.0245764	-0.0181443	-0.0465165	
11	8184	0.262323	-0.0245764	-0.0235044	-0.0465165	
12	8928	0.261501	-0.0245764	-0.0136063	-0.0465165	
13	9672	0.272254	-0.0245764	-0.0176839	-0.0465165	
14	10416	0.262388	-0.0245764	-0.0226823	-0.0465165	
15	11160	0.281494	-0.0245764	-0.0189335	-0.0465165	
16	11904	0.2542	-0.0245764	-0.0166645	-0.0465165	
17	12648	0.262684	-0.0245764	-0.0140667	-0.0465165	
18	13392	0.27278	-0.0245764	-0.0186704	-0.0465165	
19	14136	0.280606	-0.0245764	-0.0157766	-0.0465165	
20	14880	0.283763	-0.0245764	-0.0138036	-0.0465165	
21	15624	0.282941	-0.0245764	-0.0095287	-0.0465165	
22	16368	0.27449	-0.0245764	-0.00936428	-0.0465165	
23	17112	0.277548	-0.0245764	-0.0128829	-0.0465165	
24	17856	0.267288	-0.0245764	-0.0119621	-0.0465165	
25	18600	0.269162	-0.0245764	-0.0163686	-0.0465165	
26	19344	0.256765	-0.0245764	-0.00821335	-0.0465165	
27	20088	0.270215	-0.0245764	-0.0121594	-0.0465165	
28	20832	0.269721	-0.0245764	-0.00466189	-0.0465165	
29	21576	0.277055	-0.0245764	-0.0187691	-0.0465165	
30	22320	0.27084	-0.0245764	-0.0177826	-0.0465165	
31	23064	0.274358	-0.0245764	-0.0189335	-0.0465165	
32	23808	0.256042	-0.0245764	-0.0105152	-0.0465165	
33	24552	0.270741	-0.0245764	-0.00686511	-0.0465165	
34	25296	0.265545	-0.0245764	-0.0122581	-0.0465165	
35	26040	0.264822	-0.0245764	-0.0211696	-0.0465165	
36	26784	0.256502	-0.0245764	-0.0162041	-0.0465165	
37	27528	0.265841	-0.0245764	-0.0179141	-0.0465165	
38	28272	0.268505	-0.0245764	-0.0140996	-0.0465165	
39	29016	0.280014	-0.0245764	-0.00890391	-0.0465165	
40	29760	0.264296	-0.0245764	-0.01821	-0.0465165	
41	30504	0.252885	-0.0245764	-0.020216	-0.0465165	
42	31248	0.250747	-0.0245764	-0.0206763	-0.0465165	
43	31992	0.26206	-0.0245764	-0.0168618	-0.0465165	
44	32736	0.265775	-0.0245764	-0.0231426	-0.0465165	
45	33480	0.294582	-0.0245764	-0.0181772	-0.0465165	
46	34224	0.270544	-0.0245764	-0.0165001	-0.0465165	
47	34968	0.259593	-0.0245764	-0.0170262	-0.0465165	
48	35712	0.265381	-0.0245764	-0.015382	-0.0465165	
49	36456	0.272582	-0.0245764	-0.0246553	-0.0465165	
50	37200	0.274884	-0.0245764	-0.0249512	-0.0465165	
51	37944	0.272747	-0.0245764	-0.0151518	-0.0465165	
52	38688	0.280935	-0.0245764	-0.0208079	-0.0465165	
53	39432	0.261172	-0.0245764	-0.0277464	-0.0465165	
54	40176	0.28133	-0.0245764	-0.0231097	-0.0465165	
55	40920	0.268044	-0.0245764	-0.0203475	-0.0465165	
56	41664	0.279291	-0.0245764	-0.0184074	-0.0465165	
57	42408	0.275345	-0.0245764	-0.0269572	-0.0465165	
58	43152	0.271892	-0.0245764	-0.0230769	-0.0465165	
59	43896	0.271596	-0.0245764	-0.0281081	-0.0465165	
60	44640	0.274786	-0.0245764	-0.0157109	-0.0465165	
61	45384	0.266828	-0.0245764	-0.0171578	-0.0465165	
62	46128	0.263046	-0.0245764	-0.0206435	-0.0465165	
63	46872	0.280803	-0.0245764	-0.0200187	-0.0465165	
64	47616	0.271037	-0.0245764	-0.0173222	-0.0465165	
65	48360	0.268998	-0.0245764	-0.0124554	-0.0465165	
66	49104	0.272451	-0.0245764	-0.0236359	-0.0465165	
67	49848	0.266006	-0.0245764	-0.0148888	-0.0465165	
68	50592	0.260152	-0.0245764	-0.0178812	-0.0465165	
69	51336	0.247558	-0.0245764	-0.0104823	-0.0465165	
70	52080	0.250583	-0.0245764	-0.0149874	-0.0465165	
71	52824	0.264065	-0.0245764	-0.0130802	-0.0465165	
72	53568	0.264592	-0.0245764	-0.0196898	-0.0465165	
73	54312	0.246144	-0.0245764	-0.0112058	-0.0465165	
74	55056	0.25614	-0.0245764	-0.0169605	-0.0465165	
75	55800	0.275016	-0.0245764	-0.0125869	-0.0465165	
76	56544	0.261566	-0.0245764	-0.0174208	-0.0465165	
77	57288	0.251931	-0.0245764	-0.0151847	-0.0465165	
78	58032	0.277877	-0.0245764	-0.010285	-0.0465165	
79	58776	0.265841	-0.0245764	-0.0182429	-0.0465165	
80	59520	0.264756	-0.0245764	-0.0117319	-0.0465165	
81	60264	0.263276	-0.0245764	-0.00785163	-0.0465165	
82	61008	0.283533	-0.0245764	-0.0198214	-0.0465165	
83	61752	0.264493	-0.0245764	-0.00956159	-0.0465165	
84	62496	0.270346	-0.0245764	-0.0136721	-0.0465165	
85	63240	0.259495	-0.0245764	-0.0169933	-0.0465165	
86	63984	0.249366	-0.0245764	-0.0163357	-0.0465165	
87	64728	0.254069	-0.0245764	-0.0154478	-0.0465165	
88	65472	0.266861	-0.0245764	-0.0184074	-0.0465165	
89	66216	0.270478	-0.0245764	-0.0198871	-0.0465165	
90	66960	0.261796	-0.0245764	-0.0187033	-0.0465165	
91	67704	0.261073	-0.0245764	-0.0204462	-0.0465165	
92	68448	0.272681	-0.0245764	-0.0167632	-0.0465165	
93	69192	0.267025	-0.0245764	-0.0175853	-0.0465165	
94	69936	0.266466	-0.0245764	-0.0267599	-0.0465165	
95	70680	0.255088	-0.0245764	-0.0165001	-0.0465165	
96	71424	0.25739	-0.0245764	-0.0184731	-0.0465165	
97	72168	0.260941	-0.0245764	-0.010581	-0.0465165	
98	72912	0.272747	-0.0245764	-0.0177168	-0.0465165	
99	73656	0.260777	-0.0245764	-0.018506	-0.0465165	
100	74400	0.264033	-0.0245764	-0.0172235	-0.0465165	
101	75144	0.298232	-0.0245764	-0.0168947	-0.0465165	
102	75888	0.272747	-0.0245764	-0.0246553	-0.0465165	
103	76632	0.269195	-0.0245764	-0.0256089	-0.0465165	
104	77376	0.273832	-0.0245764	-0.0240305	-0.0465165	
105	78120	0.294352	-0.0245764	-0.0179799	-0.0465165	
106	78864	0.277022	-0.0245764	-0.0228796	-0.0465165	
107	79608	0.286131	-0.0245764	-0.0204462	-0.0465165	
108	80352	0.275904	-0.0245764	-0.0150203	-0.0465165	
109	81096	0.263079	-0.0245764	-0.018802	-0.0465165	
110	81840	0.272615	-0.0245764	-0.0249841	-0.0465165	
111	82584	0.282185	-0.0245764	-0.0157438	-0.0465165	
112	83328	0.271629	-0.0245764	-0.0232084	-0.0465165	
113	84072	0.273536	-0.0245764	-0.0251157	-0.0465165	
114	84816	0.265479	-0.0245764	-0.0196569	-0.0465165	
115	85560	0.276627	-0.0245764	-0.0191308	-0.0465165	
116	86304	0.267453	-0.0245764	-0.0167632	-0.0465165	
117	87048	0.261369	-0.0245764	-0.0169276	-0.0465165	
118	87792	0.257949	-0.0245764	-0.0174866	-0.0465165	
119	88536	0.257883	-0.0245764	-0.019361	-0.0465165	
120	89280	0.265775	-0.0245764	-0.0155136	-0.0465165	
121	90024	0.250451	-0.0245764	-0.0111071	-0.0465165	
122	90768	0.253575	-0.0245764	-0.0219917	-0.0465165	
123	91512	0.262849	-0.0245764	-0.0169933	-0.0465165	
124	92256	0.276463	-0.0245764	-0.0161712	-0.0465165	
125	93000	0.277515	-0.0245764	-0.0146257	-0.0465165	
126	93744	0.267551	-0.0245764	-0.0110085	-0.0465165	
127	94488	0.263539	-0.0245764	-0.0112715	-0.0465165	
128	95232	0.28521	-0.0245764	-0.0134419	-0.0465165	
129	95976	0.268077	-0.0245764	-0.00873949	-0.0465165	
130	96720	0.277548	-0.0245764	-0.00847642	-0.0465165	
131	97464	0.264624	-0.0245764	-0.0148559	-0.0465165	
132	98208	0.275542	-0.0245764	-0.0108769	-0.0465165	
133	98952	0.272286	-0.0245764	-0.0138694	-0.0465165	
134	99696	0.261007	-0.0245764	-0.020216	-0.0465165	
135	100440	0.268176	-0.0245764	-0.0121265	-0.0465165	
136	101184	0.259922	-0.0245764	-0.0192294	-0.0465165	
137	101928	0.272385	-0.0245764	-0.0104823	-0.0465165	
138	102672	0.28932	-0.0245764	-0.0183087	-0.0465165	
139	103416	0.283072	-0.0245764	-0.0160068	-0.0465165	
140	104160	0.278962	-0.0245764	-0.0160068	-0.0465165	
141	104904	0.28669	-0.0245764	-0.0224521	-0.0465165	
142	105648	0.286459	-0.0245764	-0.021893	-0.0465165	
143	106392	0.278995	-0.0245764	-0.0190321	-0.0465165	
144	107136	0.284486	-0.0245764	-0.0234715	-0.0465165	
145	107880	0.271234	-0.0245764	-0.0161712	-0.0465165	
146	108624	0.279554	-0.0245764	-0.0213669	-0.0465165	
147	109368	0.274654	-0.0245764	-0.0203804	-0.0465165	
148	110112	0.268669	-0.0245764	-0.0168618	-0.0465165	
149	110856	0.263243	-0.0245764	-0.0257076	-0.0465165	
150	111600	0.265808	-0.0245764	-0.0196569	-0.0465165	
151	111042	0.254726	-0.0245764	-0.0294563	-0.0465165	
152	110298	0.272813	-0.0245764	-0.0254116	-0.0465165	
153	109554	0.262125	-0.0245764	-0.0229453	-0.0465165	
154	108810	0.277022	-0.0245764	-0.0190321	-0.0465165	
155	108066	0.270774	-0.0245764	-0.0175524	-0.0465165	
156	107322	0.278008	-0.0245764	-0.0180127	-0.0465165	
157	106578	0.257719	-0.0245764	-0.0166316	-0.0465165	
158	105834	0.26252	-0.0245764	-0.0120936	-0.0465165	
159	105090	0.267683	-0.0245764	-0.0215313	-0.0465165	
160	104346	0.269031	-0.0245764	-0.017388	-0.0465165	
161	103602	0.269393	-0.0245764	-0.0155136	-0.0465165	
162	102858	0.264427	-0.0245764	-0.0107454	-0.0465165	
163	102114	0.273536	-0.0245764	-0.0133761	-0.0465165	
164	101370	0.278337	-0.0245764	-0.0156451	-0.0465165	
165	100626	0.265644	-0.0245764	-0.0110414	-0.0465165	
166	99882	0.263737	-0.0245764	-0.0121265	-0.0465165	
167	99138	0.27278	-0.0245764	-0.0118306	-0.0465165	
168	98394	0.279916	-0.0245764	-0.0118635	-0.0465165	
169	97650	0.279324	-0.0245764	-0.0085093	-0.0465165	
170	96906	0.286492	-0.0245764	-0.00989043	-0.0465165	
171	96162	0.280047	-0.0245764	-0.0154478	-0.0465165	
172	95418	0.29228	-0.0245764	-0.0120279	-0.0465165	
173	94674	0.273174	-0.0245764	-0.0152176	-0.0465165	
174	93930	0.271892	-0.0245764	-0.013705	-0.0465165	
175	93186	0.265282	-0.0245764	-0.0127513	-0.0465165	
176	92442	0.253016	-0.0245764	-0.0119621	-0.0465165	
177	91698	0.278074	-0.0245764	-0.00969312	-0.0465165	
178	90954	0.287972	-0.0245764	-0.0137707	-0.0465165	
179	90210	0.265841	-0.0245764	-0.0155136	-0.0465165	
180	89466	0.263309	-0.0245764	-0.0232413	-0.0465165	
181	88722	0.260876	-0.0245764	-0.0154807	-0.0465165	
182	87978	0.262191	-0.0245764	-0.0125211	-0.0465165	
183	87234	0.269754	-0.0245764	-0.0130802	-0.0465165	
184	86490	0.259692	-0.0245764	-0.0202817	-0.0465165	
185	85746	0.251142	-0.0245764	-0.0219259	-0.0465165	
186	85002	0.259955	-0.0245764	-0.0205119	-0.0465165	
187	84258	0.272451	-0.0245764	-0.0242607	-0.0465165	
188	83514	0.242954	-0.0245764	-0.0205777	-0.0465165	
189	82770	0.239534	-0.0245764	-0.0214327	-0.0465165	
190	82026	0.247985	-0.0245764	-0.0197556	-0.0465165	
191	81282	0.24394	-0.0245764	-0.0305744	-0.0465165	
192	80538	0.263276	-0.0245764	-0.0229782	-0.0465165	
193	79794	0.257193	-0.0245764	-0.0212682	-0.0465165	
194	79050	0.251635	-0.0245764	-0.027845	-0.0465165	
195	78306	0.254694	-0.0245764	-0.0254445	-0.0465165	
196	77562	0.264855	-0.0245764	-0.0278121	-0.0465165	
197	76818	0.264493	-0.0245764	-0.0229453	-0.0465165	
198	76074	0.26229	-0.0245764	-0.0247539	-0.0465165	
199	75330	0.273832	-0.0245764	-0.0220903	-0.0465165	
200	74586	0.269524	-0.0245764	-0.0240305	-0.0465165	
201	73842	0.285999	-0.0245764	-0.0269572	-0.0465165	
202	73098	0.259791	-0.0245764	-0.025576	-0.0465165	
203	72354	0.26571	-0.0245764	-0.0216957	-0.0465165	
204	71610	0.272056	-0.0245764	-0.0215642	-0.0465165	
205	70866	0.266663	-0.0245764	-0.0204462	-0.0465165	
206	70122	0.291293	-0.0245764	-0.0150203	-0.0465165	
207	69378	0.281494	-0.0245764	-0.0155465	-0.0465165	
208	68634	0.271695	-0.0245764	-0.023603	-0.0465165	
209	67890	0.279685	-0.0245764	-0.0156451	-0.0465165	
210	67146	0.264559	-0.0245764	-0.0185718	-0.0465165	
211	66402	0.26959	-0.0245764	-0.018506	-0.0465165	
212	65658	0.279981	-0.0245764	-0.0172564	-0.0465165	
213	64914	0.273635	-0.0245764	-0.0158424	-0.0465165	
214	64170	0.281724	-0.0245764	-0.0170262	-0.0465165	
215	63426	0.276989	-0.0245764	-0.0210709	-0.0465165	
216	62682	0.26492	-0.0245764	-0.010285	-0.0465165	
217	61938	0.256338	-0.0245764	-0.013113	-0.0465165	
218	61194	0.265447	-0.0245764	-0.0156122	-0.0465165	
219	60450	0.242066	-0.0245764	-0.0182429	-0.0465165	
220	59706	0.236344	-0.0245764	-0.0172893	-0.0465165	
221	58962	0.248051	-0.0245764	-0.0171906	-0.0465165	
222	58218	0.266499	-0.0245764	-0.00949582	-0.0465165	
223	57474	0.265578	-0.0245764	-0.015119	-0.0465165	
224	56730	0.261172	-0.0245764	-0.0142311	-0.0465165	
225	55986	0.252326	-0.0245764	-0.0112387	-0.0465165	
226	55242	0.260251	-0.0245764	-0.0081147	-0.0465165	
227	54498	0.270083	-0.0245764	-0.017388	-0.0465165	
228	53754	0.244006	-0.0245764	-0.0221561	-0.0465165	
229	53010	0.261632	-0.0245764	-0.0103837	-0.0465165	
230	52266	0.249235	-0.0245764	-0.0176181	-0.0465165	
231	51522	0.273339	-0.0245764	-0.0162041	-0.0465165	
232	50778	0.258837	-0.0245764	-0.0133104	-0.0465165	
233	50034	0.267189	-0.0245764	-0.0184731	-0.0465165	
234	49290	0.276002	-0.0245764	-0.0184402	-0.0465165	
235	48546	0.266959	-0.0245764	-0.0256418	-0.0465165	
236	47802	0.27153	-0.0245764	-0.0209065	-0.0465165	
237	47058	0.275542	-0.0245764	-0.0211696	-0.0465165	
238	46314	0.285341	-0.0245764	-0.0228138	-0.0465165	
239	45570	0.268505	-0.0245764	-0.01821	-0.0465165	
240	44826	0.276496	-0.0245764	-0.0172235	-0.0465165	
241	44082	0.259856	-0.0245764	-0.0262995	-0.0465165	
242	43338	0.278929	-0.0245764	-0.0172235	-0.0465165	
243	42594	0.266663	-0.0245764	-0.0273189	-0.0465165	
244	41850	0.281987	-0.0245764	-0.0226823	-0.0465165	
245	41106	0.290406	-0.0245764	-0.0196569	-0.0465165	
246	40362	0.264756	-0.0245764	-0.0213669	-0.0465165	
247	39618	0.274391	-0.0245764	-0.0232742	-0.0465165	
248	38874	0.270872	-0.0245764	-0.0193281	-0.0465165	
249	38130	0.263868	-0.0245764	-0.0232084	-0.0465165	
250	37386	0.274753	-0.0245764	-0.0229782	-0.0465165	
251	36642	0.279324	-0.0245764	-0.0221232	-0.0465165	
252	35898	0.267748	-0.0245764	-0.0254116	-0.0465165	
253	35154	0.279784	-0.0245764	-0.0269572	-0.0465165	
254	34410	0.277614	-0.0245764	-0.0239647	-0.0465165	
255	33666	0.269623	-0.0245764	-0.0193939	-0.0465165	
256	32922	0.268636	-0.0245764	-0.0189664	-0.0465165	
257	32178	0.262586	-0.0245764	-0.0207092	-0.0465165	
258	31434	0.262323	-0.0245764	-0.017388	-0.0465165	
259	30690	0.280836	-0.0245764	-0.0167632	-0.0465165	
260	29946	0.263539	-0.0245764	-0.0212025	-0.0465165	
261	29202	0.282513	-0.0245764	-0.0165987	-0.0465165	
262	28458	0.271695	-0.0245764	-0.0112387	-0.0465165	
263	27714	0.264822	-0.0245764	-0.0117319	-0.0465165	
264	26970	0.26594	-0.0245764	-0.0134419	-0.0465165	
265	26226	0.242987	-0.0245764	-0.0147572	-0.0465165	
266	25482	0.25272	-0.0245764	-0.0154478	-0.0465165	
267	24738	0.26321	-0.0245764	-0.0138036	-0.0465165	
268	23994	0.25522	-0.0245764	-0.0203804	-0.0465165	
269	23250	0.250254	-0.0245764	-0.0109427	-0.0465165	
270	22506	0.262553	-0.0245764	-0.0127842	-0.0465165	
271	21762	0.275049	-0.0245764	-0.0101535	-0.0465165	
272	21018	0.288071	-0.0245764	-0.0125211	-0.0465165	
273	20274	0.274654	-0.0245764	-0.0102193	-0.0465165	
274	19530	0.269787	-0.0245764	-0.00660204	-0.0465165	
275	18786	0.265973	-0.0245764	-0.0091341	-0.0465165	
276	18042	0.283796	-0.0245764	-0.0155465	-0.0465165	
277	17298	0.278502	-0.0245764	-0.0130802	-0.0465165	
278	16554	0.289879	-0.0245764	-0.0114689	-0.0465165	
279	15810	0.26913	-0.0245764	-0.0108112	-0.0465165	
280	15066	0.277252	-0.0245764	-0.0173222	-0.0465165	
281	14322	0.279817	-0.0245764	-0.0145271	-0.0465165	
282	13578	0.268571	-0.0245764	-0.0170591	-0.0465165	
283	12834	0.269393	-0.0245764	-0.0149874	-0.0465165	
284	12090	0.264197	-0.0245764	-0.0152176	-0.0465165	
285	11346	0.260152	-0.0245764	-0.0211696	-0.0465165	
286	10602	0.281362	-0.0245764	-0.0190979	-0.0465165	
287	9858	0.267157	-0.0245764	-0.0213011	-0.0465165	
288	9114	0.281198	-0.0245764	-0.0244251	-0.0465165	
289	8370	0.276298	-0.0245764	-0.0237674	-0.0465165	
290	7626	0.280935	-0.0245764	-0.0257076	-0.0465165	
291	6882	0.27176	-0.0245764	-0.0220575	-0.0465165	
292	6138	0.282086	-0.0245764	-0.0246224	-0.0465165	
293	5394	0.274325	-0.0245764	-0.0257405	-0.0465165	
294	4650	0.257653	-0.0245764	-0.0228138	-0.0465165	
295	3906	0.267255	-0.0245764	-0.0316924	-0.0465165	
296	3162	0.271563	-0.0245764	-0.0226823	-0.0465165	
297	2418	0.255647	-0.0245764	-0.023044	-0.0465165	
298	1674	0.261665	-0.0245764	-0.0296208	-0.0465165	
299	930	0.277548	-0.0245764	-0.0182758	-0.0465165	
300	186	0.270938	-0.0245764	-0.0225836	-0.0465165	
301	372	0.276101	-0.0245764	-0.0157109	-0.0465165	
302	1116	0.270741	-0.0245764	-0.0262995	-0.0465165	
303	1860	0.264329	-0.0245764	-0.0223863	-0.0465165	
304	2604	0.257653	-0.0245764	-0.0245566	-0.0465165	
305	3348	0.288893	-0.0245764	-0.0192294	-0.0465165	
306	4092	0.286558	-0.0245764	-0.0278779	-0.0465165	
307	4836	0.277351	-0.0245764	-0.0271216	-0.0465165	
308	5580	0.274259	-0.0245764	-0.0297523	-0.0465165	
309	6324	0.256436	-0.0245764	-0.0155465	-0.0465165	
310	7068	0.276397	-0.0245764	-0.0218602	-0.0465165	
311	7812	0.254398	-0.0245764	-0.0222876	-0.0465165	
312	8556	0.25785	-0.0245764	-0.0237017	-0.0465165	
313	9300	0.262947	-0.0245764	-0.0198214	-0.0465165	
314	10044	0.278633	-0.0245764	-0.0287	-0.0465165	
315	10788	0.266828	-0.0245764	-0.0209065	-0.0465165	
316	11532	0.266302	-0.0245764	-0.0216957	-0.0465165	
317	12276	0.263605	-0.0245764	-0.0197556	-0.0465165	
318	13020	0.254694	-0.0245764	-0.0205777	-0.0465165	
319	13764	0.259462	-0.0245764	-0.0135734	-0.0465165	
320	14508	0.258212	-0.0245764	-0.0117977	-0.0465165	
321	15252	0.267551	-0.0245764	-0.0157766	-0.0465165	
322	15996	0.268702	-0.0245764	-0.0137378	-0.0465165	
323	16740	0.269195	-0.0245764	-0.0195254	-0.0465165	
324	17484	0.275279	-0.0245764	-0.0191308	-0.0465165	
325	18228	0.247887	-0.0245764	-0.0164672	-0.0465165	
326	18972	0.247426	-0.0245764	-0.0119292	-0.0465165	
327	19716	0.259791	-0.0245764	-0.0152176	-0.0465165	
328	20460	0.248511	-0.0245764	-0.0174537	-0.0465165	
329	21204	0.263835	-0.0245764	-0.0117648	-0.0465165	
330	21948	0.256568	-0.0245764	-0.0119621	-0.0465165	
331	22692	0.268801	-0.0245764	-0.00893679	-0.0465165	
332	23436	0.267091	-0.0245764	-0.0147901	-0.0465165	
333	24180	0.26252	-0.0245764	-0.013409	-0.0465165	
334	24924	0.247262	-0.0245764	-0.0217944	-0.0465165	
335	25668	0.263539	-0.0245764	-0.0177826	-0.0465165	
336	26412	0.259889	-0.0245764	-0.0172235	-0.0465165	
337	27156	0.269064	-0.0245764	-0.0206763	-0.0465165	
338	27900	0.260481	-0.0245764	-0.0165659	-0.0465165	
339	28644	0.264526	-0.0245764	-0.0121265	-0.0465165	
340	29388	0.266203	-0.0245764	-0.0154149	-0.0465165	
341	30132	0.270215	-0.0245764	-0.0217286	-0.0465165	
342	30876	0.258672	-0.0245764	-0.0197227	-0.0465165	
343	31620	0.273141	-0.0245764	-0.0211038	-0.0465165	
344	32364	0.244861	-0.0245764	-0.00985754	-0.0465165	
345	33108	0.265775	-0.0245764	-0.013409	-0.0465165	
346	33852	0.269919	-0.0245764	-0.0190979	-0.0465165	
347	34596	0.272813	-0.0245764	-0.0214984	-0.0465165	
348	35340	0.271234	-0.0245764	-0.0255103	-0.0465165	
349	36084	0.271497	-0.0245764	-0.0277464	-0.0465165	
350	36828	0.256963	-0.0245764	-0.0151847	-0.0465165	
351	37572	0.281658	-0.0245764	-0.0196569	-0.0465165	
352	38316	0.277877	-0.0245764	-0.0243922	-0.0465165	
353	39060	0.272385	-0.0245764	-0.0232413	-0.0465165	
354	39804	0.283599	-0.0245764	-0.0245895	-0.0465165	
355	40548	0.270412	-0.0245764	-0.0190321	-0.0465165	
356	41292	0.274753	-0.0245764	-0.0252801	-0.0465165	
357	42036	0.26742	-0.0245764	-0.0182758	-0.0465165	
358	42780	0.271464	-0.0245764	-0.0209394	-0.0465165	
359	43524	0.27837	-0.0245764	-0.0225507	-0.0465165	
360	44268	0.274457	-0.0245764	-0.0187033	-0.0465165	
361	45012	0.281297	-0.0245764	-0.0212025	-0.0465165	
362	45756	0.272845	-0.0245764	-0.0180785	-0.0465165	
363	46500	0.272023	-0.0245764	-0.0226823	-0.0465165	
364	47244	0.26446	-0.0245764	-0.0200187	-0.0465165	
365	47988	0.26252	-0.0245764	-0.0164343	-0.0465165	
366	48732	0.27107	-0.0245764	-0.0174866	-0.0465165	
367	49476	0.274851	-0.0245764	-0.0149217	-0.0465165	
368	50220	0.261764	-0.0245764	-0.0156451	-0.0465165	
369	50964	0.275805	-0.0245764	-0.0162699	-0.0465165	
370	51708	0.262783	-0.0245764	-0.010285	-0.0465165	
371	52452	0.268176	-0.0245764	-0.00959447	-0.0465165	
372	53196	0.262783	-0.0245764	-0.0136063	-0.0465165	
373	53940	0.261303	-0.0245764	-0.0165659	-0.0465165	
374	54684	0.249761	-0.0245764	-0.0146915	-0.0465165	
375	55428	0.261336	-0.0245764	-0.0107783	-0.0465165	
376	56172	0.281001	-0.0245764	-0.00298481	-0.0465165	
377	56916	0.256009	-0.0245764	-0.0091341	-0.0465165	
378	57660	0.290208	-0.0245764	-0.00962736	-0.0465165	
379	58404	0.24838	-0.0245764	-0.0108112	-0.0465165	
380	59148	0.278173	-0.0245764	-0.0110085	-0.0465165	
381	59892	0.278008	-0.0245764	-0.0127513	-0.0465165	
382	60636	0.26982	-0.0245764	-0.00518803	-0.0465165	
383	61380	0.2859	-0.0245764	-0.00956159	-0.0465165	
384	62124	0.275772	-0.0245764	-0.00791739	-0.0465165	
385	62868	0.257324	-0.0245764	-0.0101535	-0.0465165	
386	63612	0.277285	-0.0245764	-0.00699665	-0.0465165	
387	64356	0.2859	-0.0245764	-0.0163357	-0.0465165	
388	65100	0.272615	-0.0245764	-0.0111729	-0.0465165	
389	65844	0.273503	-0.0245764	-0.0169933	-0.0465165	
390	66588	0.285309	-0.0245764	-0.0104823	-0.0465165	
391	67332	0.269195	-0.0245764	-0.0166974	-0.0465165	
392	68076	0.291655	-0.0245764	-0.0157109	-0.0465165	
393	68820	0.291293	-0.0245764	-0.013968	-0.0465165	
394	69564	0.271958	-0.0245764	-0.014264	-0.0465165	
395	70308	0.278896	-0.0245764	-0.0170262	-0.0465165	
396	71052	0.279488	-0.0245764	-0.0200844	-0.0465165	
397	71796	0.285013	-0.0245764	-0.0223534	-0.0465165	
398	72540	0.288926	-0.0245764	-0.0148888	-0.0465165	
399	73284	0.278436	-0.0245764	-0.0266612	-0.0465165	
400	74028	0.26742	-0.0245764	-0.02163	-0.0465165	
401	74772	0.268603	-0.0245764	-0.0147572	-0.0465165	
402	75516	0.285736	-0.0245764	-0.0178483	-0.0465165	
403	76260	0.281593	-0.0245764	-0.0176839	-0.0465165	
404	77004	0.266203	-0.0245764	-0.0247539	-0.0465165	
405	77748	0.280606	-0.0245764	-0.0211696	-0.0465165	
406	78492	0.274753	-0.0245764	-0.0240634	-0.0465165	
407	79236	0.288005	-0.0245764	-0.0232742	-0.0465165	
408	79980	0.280738	-0.0245764	-0.0233399	-0.0465165	
409	80724	0.283105	-0.0245764	-0.0164014	-0.0465165	
410	81468	0.263342	-0.0245764	-0.025872	-0.0465165	
411	82212	0.260086	-0.0245764	-0.0178483	-0.0465165	
412	82956	0.275213	-0.0245764	-0.0146915	-0.0465165	
413	83700	0.276101	-0.0245764	-0.0159411	-0.0465165	
414	84444	0.270675	-0.0245764	-0.0204462	-0.0465165	
415	85188	0.276923	-0.0245764	-0.0161712	-0.0465165	
416	85932	0.269985	-0.0245764	-0.0120936	-0.0465165	
417	86676	0.250682	-0.0245764	-0.0187033	-0.0465165	
418	87420	0.248873	-0.0245764	-0.00795028	-0.0465165	
419	88164	0.247525	-0.0245764	-0.00919987	-0.0465165	
420	88908	0.258344	-0.0245764	-0.0178154	-0.0465165	
421	89652	0.258113	-0.0245764	-0.013409	-0.0465165	
422	90396	0.2518	-0.0245764	-0.00962736	-0.0465165	
423	91140	0.261172	-0.0245764	-0.00216272	-0.0465165	
424	91884	0.268275	-0.0245764	-0.0127513	-0.0465165	
425	92628	0.284289	-0.0245764	-0.00896968	-0.0465165	
426	93372	0.273536	-0.0245764	-0.0103508	-0.0465165	
427	94116	0.298199	-0.0245764	-0.0121594	-0.0465165	
428	94860	0.295864	-0.0245764	-0.00745702	-0.0465165	
429	95604	0.291688	-0.0245764	-0.00696376	-0.0465165	
430	96348	0.285572	-0.0245764	-0.0116333	-0.0465165	
431	97092	0.295042	-0.0245764	-0.00160369	-0.0465165	
432	97836	0.27255	-0.0245764	-0.00969312	-0.0465165	
433	98580	0.280803	-0.0245764	-0.0117977	-0.0465165	
434	99324	0.291195	-0.0245764	-9.10312E-5	-0.0465165	
435	100068	0.28373	-0.0245764	-0.0117648	-0.0465165	
436	100812	0.283335	-0.0245764	-0.00985754	-0.0465165	
437	101556	0.279554	-0.0245764	-0.0117977	-0.0465165	
438	102300	0.294286	-0.0245764	-0.0120608	-0.0465165	
439	103044	0.281461	-0.0245764	-0.0130144	-0.0465165	
440	103788	0.266762	-0.0245764	-0.0185718	-0.0465165	
441	104532	0.275114	-0.0245764	-0.0189664	-0.0465165	
442	105276	0.272845	-0.0245764	-0.0235372	-0.0465165	
443	106020	0.275082	-0.0245764	-0.0180456	-0.0465165	
444	106764	0.274325	-0.0245764	-0.0223534	-0.0465165	
445	107508	0.272648	-0.0245764	-0.0154807	-0.0465165	
446	108252	0.2786	-0.0245764	-0.0184731	-0.0465165	
447	108996	0.286328	-0.0245764	-0.0157109	-0.0465165	
448	109740	0.270544	-0.0245764	-0.0212682	-0.0465165	
449	110484	0.278436	-0.0245764	-0.0194596	-0.0465165	
450	111228	0.275673	-0.0245764	-0.0236688	-0.0465165	
451	111414	0.285933	-0.0245764	-0.0194268	-0.0465165	
452	110670	0.287676	-0.0245764	-0.0162041	-0.0465165	
453	109926	0.282546	-0.0245764	-0.0196898	-0.0465165	
454	109182	0.280705	-0.0245764	-0.0187033	-0.0465165	
455	108438	0.290175	-0.0245764	-0.01821	-0.0465165	
456	107694	0.275049	-0.0245764	-0.015678	-0.0465165	
457	106950	0.27883	-0.0245764	-0.0165659	-0.0465165	
458	106206	0.27643	-0.0245764	-0.0124225	-0.0465165	
459	105462	0.274358	-0.0245764	-0.0179141	-0.0465165	
460	104718	0.263934	-0.0245764	-0.0171906	-0.0465165	
461	103974	0.277647	-0.0245764	-0.0163028	-0.0465165	
462	103230	0.275706	-0.0245764	-0.0116333	-0.0465165	
463	102486	0.290241	-0.0245764	-0.0199858	-0.0465165	
464	101742	0.272319	-0.0245764	-0.0129157	-0.0465165	
465	100998	0.279883	-0.0245764	-0.00896968	-0.0465165	
466	100254	0.274917	-0.0245764	-0.00975889	-0.0465165	
467	99510	0.273273	-0.0245764	-0.0113373	-0.0465165	
468	98766	0.280179	-0.0245764	-0.00689799	-0.0465165	
469	98022	0.268505	-0.0245764	-0.0118963	-0.0465165	
470	97278	0.287545	-0.0245764	-0.0107454	-0.0465165	
471	96534	0.27883	-0.0245764	-0.0100877	-0.0465165	
472	95790	0.274259	-0.0245764	-0.00804893	-0.0465165	
473	95046	0.281034	-0.0245764	-0.0139351	-0.0465165	
474	94302	0.283401	-0.0245764	-0.0186047	-0.0465165	
475	93558	0.288728	-0.0245764	-0.0147572	-0.0465165	
476	92814	0.293497	-0.0245764	-0.00660204	-0.0465165	
477	92070	0.292609	-0.0245764	-0.00515515	-0.0465165	
478	91326	0.300797	-0.0245764	-0.0126856	-0.0465165	
479	90582	0.285835	-0.0245764	-0.00693088	-0.0465165	
480	89838	0.281856	-0.0245764	-0.0137707	-0.0465165	
481	89094	0.304579	-0.0245764	-0.012554	-0.0465165	
482	88350	0.294516	-0.0245764	-0.00637185	-0.0465165	
483	87606	0.286328	-0.0245764	-0.00844354	-0.0465165	
484	86862	0.290175	-0.0245764	-0.00956159	-0.0465165	
485	86118	0.280639	-0.0245764	-0.015119	-0.0465165	
486	85374	0.288465	-0.0245764	-0.0196898	-0.0465165	
487	84630	0.288038	-0.0245764	-0.0161712	-0.0465165	
488	83886	0.276792	-0.0245764	-0.0196241	-0.0465165	
489	83142	0.272648	-0.0245764	-0.0189993	-0.0465165	
490	82398	0.276331	-0.0245764	-0.0202488	-0.0465165	
491	81654	0.277844	-0.0245764	-0.0223205	-0.0465165	
492	80910	0.258409	-0.0245764	-0.023899	-0.0465165	
493	80166	0.296588	-0.0245764	-0.0253458	-0.0465165	
494	79422	0.282941	-0.0245764	-0.0168947	-0.0465165	
495	78678	0.260547	-0.0245764	-0.0179799	-0.0465165	
496	77934	0.281823	-0.0245764	-0.019065	-0.0465165	
497	77190	0.280573	-0.0245764	-0.017092	-0.0465165	
498	76446	0.273207	-0.0245764	-0.0155793	-0.0465165	
499	75702	0.285769	-0.0245764	-0.0233728	-0.0465165	
500	74958	0.301191	-0.0245764	-0.0191966	-0.0465165	
501	74214	0.283763	-0.0245764	-0.0243593	-0.0465165	
502	73470	0.282349	-0.0245764	-0.023899	-0.0465165	
503	72726	0.285572	-0.0245764	-0.01992	-0.0465165	
504	71982	0.284552	-0.0245764	-0.0189006	-0.0465165	
505	71238	0.288696	-0.0245764	-0.0148559	-0.0465165	
506	70494	0.264526	-0.0245764	-0.0163686	-0.0465165	
507	69750	0.273273	-0.0245764	-0.0175195	-0.0465165	
508	69006	0.278107	-0.0245764	-0.00989043	-0.0465165	
509	68262	0.264756	-0.0245764	-0.0165001	-0.0465165	
510	67518	0.2762	-0.0245764	-0.0143298	-0.0465165	
511	66774	0.275114	-0.0245764	-0.0180785	-0.0465165	
512	66030	0.261106	-0.0245764	-0.0174208	-0.0465165	
513	65286	0.263375	-0.0245764	-0.011436	-0.0465165	
514	64542	0.258146	-0.0245764	-0.0166316	-0.0465165	
515	63798	0.291096	-0.0245764	-0.0118963	-0.0465165	
516	63054	0.277383	-0.0245764	-0.00860796	-0.0465165	
517	62310	0.284651	-0.0245764	-0.0159739	-0.0465165	
518	61566	0.27176	-0.0245764	-0.00752279	-0.0465165	
519	60822	0.27472	-0.0245764	-0.0121594	-0.0465165	
520	60078	0.278633	-0.0245764	-0.014823	-0.0465165	
521	59334	0.258936	-0.0245764	-0.00643762	-0.0465165	
522	58590	0.274161	-0.0245764	-0.00827912	-0.0465165	
523	57846	0.268801	-0.0245764	-0.00896968	-0.0465165	
524	57102	0.286229	-0.0245764	-0.0129486	-0.0465165	
525	56358	0.27084	-0.0245764	-0.00860796	-0.0465165	
526	55614	0.278502	-0.0245764	-0.00643762	-0.0465165	
527	54870	0.292543	-0.0245764	-0.0111071	-0.0465165	
528	54126	0.276824	-0.0245764	-0.0151518	-0.0465165	
529	53382	0.273174	-0.0245764	-0.00910121	-0.0465165	
530	52638	0.284881	-0.0245764	-0.00732548	-0.0465165	
531	51894	0.287249	-0.0245764	-0.0179799	-0.0465165	
532	51150	0.276989	-0.0245764	-0.011436	-0.0465165	
533	50406	0.283237	-0.0245764	-0.0141324	-0.0465165	
534	49662	0.287676	-0.0245764	-0.0196241	-0.0465165	
535	48918	0.275575	-0.0245764	-0.0173551	-0.0465165	
536	48174	0.281001	-0.0245764	-0.0217615	-0.0465165	
537	47430	0.274161	-0.0245764	-0.0110414	-0.0465165	
538	46686	0.28692	-0.0245764	-0.0161712	-0.0465165	
539	45942	0.299843	-0.0245764	-0.0164672	-0.0465165	
540	45198	0.285703	-0.0245764	-0.0171249	-0.0465165	
541	44454	0.286821	-0.0245764	-0.0189993	-0.0465165	
542	43710	0.297903	-0.0245764	-0.0207092	-0.0465165	
543	42966	0.288071	-0.0245764	-0.0213998	-0.0465165	
544	42222	0.281461	-0.0245764	-0.0208736	-0.0465165	
545	41478	0.269721	-0.0245764	-0.0166974	-0.0465165	
546	40734	0.279685	-0.0245764	-0.020775	-0.0465165	
547	39990	0.282744	-0.0245764	-0.0182429	-0.0465165	
548	39246	0.272944	-0.0245764	-0.0268256	-0.0465165	
549	38502	0.275049	-0.0245764	-0.0167303	-0.0465165	
550	37758	0.287578	-0.0245764	-0.0180785	-0.0465165	
551	37014	0.285703	-0.0245764	-0.0203804	-0.0465165	
552	36270	0.275805	-0.0245764	-0.0172235	-0.0465165	
553	35526	0.28498	-0.0245764	-0.0218273	-0.0465165	
554	34782	0.29639	-0.0245764	-0.0189335	-0.0465165	
555	34038	0.289419	-0.0245764	-0.0146915	-0.0465165	
556	33294	0.274194	-0.0245764	-0.0165001	-0.0465165	
557	32550	0.282908	-0.0245764	-0.0156122	-0.0465165	
558	31806	0.266696	-0.0245764	-0.0184731	-0.0465165	
559	31062	0.282809	-0.0245764	-0.0100548	-0.0465165	
560	30318	0.277022	-0.0245764	-0.0133104	-0.0465165	
561	29574	0.287906	-0.0245764	-0.0181443	-0.0465165	
562	28830	0.282711	-0.0245764	-0.0101206	-0.0465165	
563	28086	0.290142	-0.0245764	-0.0120936	-0.0465165	
564	27342	0.287742	-0.0245764	-0.0105152	-0.0465165	
565	26598	0.271629	-0.0245764	-0.014823	-0.0465165	
566	25854	0.282382	-0.0245764	-0.01285	-0.0465165	
567	25110	0.276824	-0.0245764	-0.0142969	-0.0465165	
568	24366	0.283631	-0.0245764	-0.0146257	-0.0465165	
569	23622	0.27791	-0.0245764	-0.0133104	-0.0465165	
570	22878	0.28396	-0.0245764	-0.00765432	-0.0465165	
571	22134	0.275016	-0.0245764	-0.00558264	-0.0465165	
572	21390	0.28304	-0.0245764	-0.0113373	-0.0465165	
573	20646	0.273931	-0.0245764	-0.00946294	-0.0465165	
574	19902	0.261007	-0.0245764	-0.0157109	-0.0465165	
575	19158	0.284158	-0.0245764	-0.0169605	-0.0465165	
576	18414	0.272517	-0.0245764	-0.00449747	-0.0465165	
577	17670	0.277844	-0.0245764	-0.010022	-0.0465165	
578	16926	0.275213	-0.0245764	-0.0144942	-0.0465165	
579	16182	0.282217	-0.0245764	-0.00847642	-0.0465165	
580	15438	0.270182	-0.0245764	-0.0152834	-0.0465165	
581	14694	0.276101	-0.0245764	-0.0157109	-0.0465165	
582	13950	0.263539	-0.0245764	-0.017388	-0.0465165	
583	13206	0.292905	-0.0245764	-0.0164343	-0.0465165	
584	12462	0.259495	-0.0245764	-0.0154807	-0.0465165	
585	11718	0.27107	-0.0245764	-0.0203146	-0.0465165	
586	10974	0.279455	-0.0245764	-0.0222876	-0.0465165	
587	10230	0.257785	-0.0245764	-0.0189664	-0.0465165	
588	9486	0.274555	-0.0245764	-0.0189335	-0.0465165	
589	8742	0.263145	-0.0245764	-0.0183416	-0.0465165	
590	7998	0.260481	-0.0245764	-0.0232742	-0.0465165	
591	7254	0.258311	-0.0245764	-0.0191966	-0.0465165	
592	6510	0.263046	-0.0245764	-0.0255103	-0.0465165	
593	5766	0.258574	-0.0245764	-0.027582	-0.0465165	
594	5022	0.262553	-0.0245764	-0.0282396	-0.0465165	
595	4278	0.268932	-0.0245764	-0.0267599	-0.0465165	
596	3534	0.257883	-0.0245764	-0.0238332	-0.0465165	
597	2790	0.260711	-0.0245764	-0.0278121	-0.0465165	
598	2046	0.270478	-0.0245764	-0.0183087	-0.0465165	
599	1302	0.26663	-0.0245764	-0.0256418	-0.0465165	
600	558	0.277055	-0.0260167	-0.0188348	-0.0459706	
