# Filename	22_delay.txt
# Date	2016-09-22
# Title	DL-Pro & DL-100 Locked delay scan.
# DL-Pro	365872.6 GHz
# DL-100	365856.7 GHz
# Static	-300 mV Pulsed
# MWOn	On
# MWf	15932.0 MHz
# Attn	38 dB
# FixedAttn	6 dB
# B2	B2 = T2 + 2.050 us
# HP214B	HP 214B FIP at 5.5 on 100V setting ; Applied to Top ; Mesh & Vin of MCP @ +25V ; Vout of MCP @ +2025 V
# Oven	32 A
# Boxcar	Gate = 200 ns ; Amp = 25x ; Sensitivity = 5 mV
# Offset	+/- 30 mV IR/Oven offset.
# Bias	Top: 0 V ; Bot: -0.409 V ; IR: +0.052 V ; Oven: -0.052 V ; Vis: -0.011 V ; MW: +0.011 V
# Passes	4
i	step	norm	nbackground	signal	sbackground
0	0	0.22888	-0.0273123	-0.0072926	-0.0477957
1	744	0.254069	-0.0273123	-0.00972601	-0.0477957
2	1488	0.229537	-0.0273123	-0.0103179	-0.0477957
3	2232	0.239074	-0.0273123	-0.0072926	-0.0477957
4	2976	0.258903	-0.0273123	-0.000288334	-0.0477957
5	3720	0.246144	-0.0273123	-0.00357672	-0.0477957
6	4464	0.223914	-0.0273123	-0.0139351	-0.0477957
7	5208	0.246209	-0.0273123	-0.0115346	-0.0477957
8	5952	0.225558	-0.0273123	-0.00617455	-0.0477957
9	6696	0.234996	-0.0273123	-0.00561552	-0.0477957
10	7440	0.25351	-0.0273123	-0.0052538	-0.0477957
11	8184	0.261402	-0.0273123	-0.00446459	-0.0477957
12	8928	0.262816	-0.0273123	-0.0120279	-0.0477957
13	9672	0.264657	-0.0273123	-0.0072926	-0.0477957
14	10416	0.251931	-0.0273123	-0.00637185	-0.0477957
15	11160	0.266729	-0.0273123	-0.0120936	-0.0477957
16	11904	0.261237	-0.0273123	-0.00775297	-0.0477957
17	12648	0.260086	-0.0273123	-0.00919987	-0.0477957
18	13392	0.251471	-0.0273123	-0.0166974	-0.0477957
19	14136	0.264033	-0.0273123	-0.0113702	-0.0477957
20	14880	0.255285	-0.0273123	-0.0104166	-0.0477957
21	15624	0.256042	-0.0273123	-0.0158095	-0.0477957
22	16368	0.241606	-0.0273123	-0.0125869	-0.0477957
23	17112	0.267453	-0.0273123	-0.0163686	-0.0477957
24	17856	0.272944	-0.0273123	-0.0212025	-0.0477957
25	18600	0.266038	-0.0273123	-0.015119	-0.0477957
26	19344	0.261994	-0.0273123	-0.0187691	-0.0477957
27	20088	0.267683	-0.0273123	-0.0206763	-0.0477957
28	20832	0.26058	-0.0273123	-0.0156122	-0.0477957
29	21576	0.258245	-0.0273123	-0.0165659	-0.0477957
30	22320	0.23595	-0.0273123	-0.0200844	-0.0477957
31	23064	0.252885	-0.0273123	-0.0213669	-0.0477957
32	23808	0.247393	-0.0273123	-0.021893	-0.0477957
33	24552	0.256469	-0.0273123	-0.0175195	-0.0477957
34	25296	0.273898	-0.0273123	-0.0202817	-0.0477957
35	26040	0.267584	-0.0273123	-0.0203146	-0.0477957
36	26784	0.244401	-0.0273123	-0.0166974	-0.0477957
37	27528	0.253214	-0.0273123	-0.01821	-0.0477957
38	28272	0.266828	-0.0273123	-0.0154149	-0.0477957
39	29016	0.281428	-0.0273123	-0.0138036	-0.0477957
40	29760	0.260415	-0.0273123	-0.011995	-0.0477957
41	30504	0.256699	-0.0273123	-0.0118635	-0.0477957
42	31248	0.284914	-0.0273123	-0.0108769	-0.0477957
43	31992	0.262125	-0.0273123	-0.00354384	-0.0477957
44	32736	0.259889	-0.0273123	-0.00522092	-0.0477957
45	33480	0.258574	-0.0273123	-0.0115017	-0.0477957
46	34224	0.269721	-0.0273123	-0.00699665	-0.0477957
47	34968	0.261961	-0.0273123	-0.00854219	-0.0477957
48	35712	0.274161	-0.0273123	-0.00670069	-0.0477957
49	36456	0.274621	-0.0273123	-0.00535245	-0.0477957
50	37200	0.260152	-0.0273123	-0.00495785	-0.0477957
51	37944	0.265611	-0.0273123	-0.000189683	-0.0477957
52	38688	0.266433	-0.0273123	-0.0060759	-0.0477957
53	39432	0.255121	-0.0273123	-0.00275463	-0.0477957
54	40176	0.269261	-0.0273123	-0.00400421	-0.0477957
55	40920	0.260284	-0.0273123	-0.00262309	-0.0477957
56	41664	0.267584	-0.0273123	-0.00101178	-0.0477957
57	42408	0.262882	-0.0273123	0.00178335	-0.0477957
58	43152	0.279521	-0.0273123	-0.00541822	-0.0477957
59	43896	0.253641	-0.0273123	-0.0104823	-0.0477957
60	44640	0.263342	-0.0273123	-0.00656916	-0.0477957
61	45384	0.255812	-0.0273123	-0.00232713	-0.0477957
62	46128	0.253608	-0.0273123	-0.00551687	-0.0477957
63	46872	0.251767	-0.0273123	-0.00502361	-0.0477957
64	47616	0.282513	-0.0273123	-0.00041987	-0.0477957
65	48360	0.26206	-0.0273123	-0.0101535	-0.0477957
66	49104	0.277679	-0.0273123	-0.0104823	-0.0477957
67	49848	0.242	-0.0273123	-0.0105152	-0.0477957
68	50592	0.279652	-0.0273123	-0.00972601	-0.0477957
69	51336	0.273043	-0.0273123	-0.00653627	-0.0477957
70	52080	0.270083	-0.0273123	-0.00663492	-0.0477957
71	52824	0.272089	-0.0273123	-0.0120608	-0.0477957
72	53568	0.270215	-0.0273123	-0.00841065	-0.0477957
73	54312	0.256042	-0.0273123	-0.0224521	-0.0477957
74	55056	0.272089	-0.0273123	-0.0150203	-0.0477957
75	55800	0.280014	-0.0273123	-0.0200844	-0.0477957
76	56544	0.274917	-0.0273123	-0.0212682	-0.0477957
77	57288	0.271004	-0.0273123	-0.0163028	-0.0477957
78	58032	0.289814	-0.0273123	-0.0177826	-0.0477957
79	58776	0.268077	-0.0273123	-0.0131459	-0.0477957
80	59520	0.276528	-0.0273123	-0.0178812	-0.0477957
81	60264	0.281099	-0.0273123	-0.0122252	-0.0477957
82	61008	0.275838	-0.0273123	-0.0142311	-0.0477957
83	61752	0.278469	-0.0273123	-0.0153492	-0.0477957
84	62496	0.263342	-0.0273123	-0.0191308	-0.0477957
85	63240	0.258903	-0.0273123	-0.0197885	-0.0477957
86	63984	0.273306	-0.0273123	-0.0197885	-0.0477957
87	64728	0.282974	-0.0273123	-0.0160397	-0.0477957
88	65472	0.276265	-0.0273123	-0.0133104	-0.0477957
89	66216	0.270017	-0.0273123	-0.0112387	-0.0477957
90	66960	0.269327	-0.0273123	-0.00985754	-0.0477957
91	67704	0.259922	-0.0273123	-0.0127513	-0.0477957
92	68448	0.270675	-0.0273123	-0.00768721	-0.0477957
93	69192	0.274227	-0.0273123	-0.0044317	-0.0477957
94	69936	0.265249	-0.0273123	-0.0115346	-0.0477957
95	70680	0.261994	-0.0273123	-0.00531957	-0.0477957
96	71424	0.272122	-0.0273123	-0.00226137	-0.0477957
97	72168	0.270182	-0.0273123	-0.00571417	-0.0477957
98	72912	0.264789	-0.0273123	-0.008312	-0.0477957
99	73656	0.266696	-0.0273123	0.0020793	-0.0477957
100	74400	0.258081	-0.0273123	-0.00370826	-0.0477957
101	75144	0.271431	-0.0273123	0.0039208	-0.0477957
102	75888	0.269985	-0.0273123	0.000270691	-0.0477957
103	76632	0.266729	-0.0273123	0.00339466	-0.0477957
104	77376	0.263835	-0.0273123	0.00549923	-0.0477957
105	78120	0.268143	-0.0273123	0.00579518	-0.0477957
106	78864	0.259889	-0.0273123	-0.00265597	-0.0477957
107	79608	0.274424	-0.0273123	-0.00413575	-0.0477957
108	80352	0.266499	-0.0273123	0.00109279	-0.0477957
109	81096	0.263605	-0.0273123	-0.00558264	-0.0477957
110	81840	0.268801	-0.0273123	-0.00818047	-0.0477957
111	82584	0.26275	-0.0273123	-5.81473E-5	-0.0477957
112	83328	0.2664	-0.0273123	-0.0019983	-0.0477957
113	84072	0.268636	-0.0273123	0.0029014	-0.0477957
114	84816	0.257456	-0.0273123	-0.00209695	-0.0477957
115	85560	0.289682	-0.0273123	-0.00706241	-0.0477957
116	86304	0.268143	-0.0273123	-0.00397133	-0.0477957
117	87048	0.268143	-0.0273123	-0.00601013	-0.0477957
118	87792	0.269162	-0.0273123	-0.00689799	-0.0477957
119	88536	0.274588	-0.0273123	-0.0125211	-0.0477957
120	89280	0.279817	-0.0273123	-0.0185389	-0.0477957
121	90024	0.264033	-0.0273123	-0.00791739	-0.0477957
122	90768	0.259758	-0.0273123	-0.0191308	-0.0477957
123	91512	0.267748	-0.0273123	-0.00946294	-0.0477957
124	92256	0.270642	-0.0273123	-0.0228138	-0.0477957
125	93000	0.274457	-0.0273123	-0.0193281	-0.0477957
126	93744	0.268571	-0.0273123	-0.0195583	-0.0477957
127	94488	0.267716	-0.0273123	-0.0258391	-0.0477957
128	95232	0.270083	-0.0273123	-0.0160726	-0.0477957
129	95976	0.263079	-0.0273123	-0.0234386	-0.0477957
130	96720	0.267979	-0.0273123	-0.0178483	-0.0477957
131	97464	0.267354	-0.0273123	-0.017092	-0.0477957
132	98208	0.25374	-0.0273123	-0.0224521	-0.0477957
133	98952	0.268867	-0.0273123	-0.0175853	-0.0477957
134	99696	0.289222	-0.0273123	-0.0143298	-0.0477957
135	100440	0.265381	-0.0273123	-0.0215313	-0.0477957
136	101184	0.282053	-0.0273123	-0.0206435	-0.0477957
137	101928	0.278896	-0.0273123	-0.0204133	-0.0477957
138	102672	0.266532	-0.0273123	-0.0130473	-0.0477957
139	103416	0.269787	-0.0273123	-0.0175524	-0.0477957
140	104160	0.253674	-0.0273123	-0.0138365	-0.0477957
141	104904	0.270774	-0.0273123	-0.0152505	-0.0477957
142	105648	0.266236	-0.0273123	-0.00722683	-0.0477957
143	106392	0.269787	-0.0273123	-0.0118306	-0.0477957
144	107136	0.264131	-0.0273123	-0.00446459	-0.0477957
145	107880	0.259199	-0.0273123	-0.00508938	-0.0477957
146	108624	0.269524	-0.0273123	-0.0109756	-0.0477957
147	109368	0.266433	-0.0273123	-0.00439882	-0.0477957
148	110112	0.270544	-0.0273123	-0.00959447	-0.0477957
149	110856	0.249465	-0.0273123	-0.00426728	-0.0477957
150	111600	0.258672	-0.0273123	-0.000913128	-0.0477957
151	111042	0.269721	-0.0273123	-0.00650339	-0.0477957
152	110298	0.248084	-0.0273123	-0.00827912	-0.0477957
153	109554	0.254562	-0.0273123	-0.00383979	-0.0477957
154	108810	0.287808	-0.0273123	-0.00548399	-0.0477957
155	108066	0.262027	-0.0273123	-0.0104823	-0.0477957
156	107322	0.255318	-0.0273123	-0.00867372	-0.0477957
157	106578	0.269031	-0.0273123	-0.00347807	-0.0477957
158	105834	0.253312	-0.0273123	-0.00985754	-0.0477957
159	105090	0.260086	-0.0273123	-0.0137378	-0.0477957
160	104346	0.249202	-0.0273123	-0.0133104	-0.0477957
161	103602	0.27518	-0.0273123	-0.0170262	-0.0477957
162	102858	0.259232	-0.0273123	-0.0133432	-0.0477957
163	102114	0.269919	-0.0273123	-0.0192952	-0.0477957
164	101370	0.25785	-0.0273123	-0.0153492	-0.0477957
165	100626	0.266992	-0.0273123	-0.0137707	-0.0477957
166	99882	0.272681	-0.0273123	-0.0206763	-0.0477957
167	99138	0.262947	-0.0273123	-0.0190321	-0.0477957
168	98394	0.250024	-0.0273123	-0.0207421	-0.0477957
169	97650	0.254069	-0.0273123	-0.0175853	-0.0477957
170	96906	0.256568	-0.0273123	-0.0226165	-0.0477957
171	96162	0.264723	-0.0273123	-0.0220246	-0.0477957
172	95418	0.269952	-0.0273123	-0.0189664	-0.0477957
173	94674	0.256831	-0.0273123	-0.0164014	-0.0477957
174	93930	0.261501	-0.0273123	-0.0173222	-0.0477957
175	93186	0.273273	-0.0273123	-0.0180785	-0.0477957
176	92442	0.25591	-0.0273123	-0.0235044	-0.0477957
177	91698	0.251668	-0.0273123	-0.011436	-0.0477957
178	90954	0.257949	-0.0273123	-0.0202817	-0.0477957
179	90210	0.266959	-0.0273123	-0.0192952	-0.0477957
180	89466	0.253641	-0.0273123	-0.0169276	-0.0477957
181	88722	0.255779	-0.0273123	-0.0188348	-0.0477957
182	87978	0.258475	-0.0273123	-0.00900256	-0.0477957
183	87234	0.259823	-0.0273123	-0.0122581	-0.0477957
184	86490	0.25226	-0.0273123	-0.00624032	-0.0477957
185	85746	0.262191	-0.0273123	-0.00466189	-0.0477957
186	85002	0.248807	-0.0273123	-0.00778586	-0.0477957
187	84258	0.250846	-0.0273123	-0.00972601	-0.0477957
188	83514	0.263901	-0.0273123	-0.00926563	-0.0477957
189	82770	0.249268	-0.0273123	-0.000321218	-0.0477957
190	82026	0.260678	-0.0273123	-0.00166946	-0.0477957
191	81282	0.257554	-0.0273123	-0.00176811	-0.0477957
192	80538	0.241704	-0.0273123	-0.00472766	-0.0477957
193	79794	0.258179	-0.0273123	-0.00337942	-0.0477957
194	79050	0.246505	-0.0273123	-0.000189683	-0.0477957
195	78306	0.262092	-0.0273123	0.00161893	-0.0477957
196	77562	0.26788	-0.0273123	-0.00101178	-0.0477957
197	76818	0.260744	-0.0273123	0.001882	-0.0477957
198	76074	0.261172	-0.0273123	-0.00186676	-0.0477957
199	75330	0.24302	-0.0273123	-0.0108112	-0.0477957
200	74586	0.242263	-0.0273123	-0.0107783	-0.0477957
201	73842	0.249761	-0.0273123	-0.0019983	-0.0477957
202	73098	0.240816	-0.0273123	-0.00344519	-0.0477957
203	72354	0.246604	-0.0273123	-0.0044317	-0.0477957
204	71610	0.251734	-0.0273123	-0.0103508	-0.0477957
205	70866	0.253575	-0.0273123	-0.0136063	-0.0477957
206	70122	0.240652	-0.0273123	-0.00482631	-0.0477957
207	69378	0.270116	-0.0273123	-0.00180099	-0.0477957
208	68634	0.251241	-0.0273123	-0.00979178	-0.0477957
209	67890	0.254957	-0.0273123	-0.0100548	-0.0477957
210	67146	0.256765	-0.0273123	-0.00949582	-0.0477957
211	66402	0.275279	-0.0273123	-0.0151518	-0.0477957
212	65658	0.278929	-0.0273123	-0.0168618	-0.0477957
213	64914	0.275509	-0.0273123	-0.0110085	-0.0477957
214	64170	0.287906	-0.0273123	-0.0154478	-0.0477957
215	63426	0.278995	-0.0273123	-0.014264	-0.0477957
216	62682	0.279554	-0.0273123	-0.0161712	-0.0477957
217	61938	0.270182	-0.0273123	-0.0169605	-0.0477957
218	61194	0.272813	-0.0273123	-0.0129486	-0.0477957
219	60450	0.27518	-0.0273123	-0.0181114	-0.0477957
220	59706	0.267683	-0.0273123	-0.0109098	-0.0477957
221	58962	0.282875	-0.0273123	-0.0189664	-0.0477957
222	58218	0.276923	-0.0273123	-0.0167632	-0.0477957
223	57474	0.269162	-0.0273123	-0.0153492	-0.0477957
224	56730	0.274194	-0.0273123	-0.0149545	-0.0477957
225	55986	0.268867	-0.0273123	-0.0180785	-0.0477957
226	55242	0.278238	-0.0273123	-0.0156451	-0.0477957
227	54498	0.269853	-0.0273123	-0.0161055	-0.0477957
228	53754	0.27084	-0.0273123	-0.00943005	-0.0477957
229	53010	0.253312	-0.0273123	-0.00896968	-0.0477957
230	52266	0.261895	-0.0273123	-0.0142311	-0.0477957
231	51522	0.249695	-0.0273123	-0.00966024	-0.0477957
232	50778	0.267617	-0.0273123	-0.00577994	-0.0477957
233	50034	0.261369	-0.0273123	-0.00788451	-0.0477957
234	49290	0.2542	-0.0273123	-0.0113702	-0.0477957
235	48546	0.258245	-0.0273123	-0.00979178	-0.0477957
236	47802	0.257489	-0.0273123	-0.00656916	-0.0477957
237	47058	0.24473	-0.0273123	-0.0138036	-0.0477957
238	46314	0.251537	-0.0273123	-0.00716106	-0.0477957
239	45570	0.251274	-0.0273123	-0.00577994	-0.0477957
240	44826	0.239896	-0.0273123	-0.0070953	-0.0477957
241	44082	0.248413	-0.0273123	-0.00923275	-0.0477957
242	43338	0.253608	-0.0273123	-0.00107755	-0.0477957
243	42594	0.256338	-0.0273123	-0.00426728	-0.0477957
244	41850	0.249958	-0.0273123	-0.00712818	-0.0477957
245	41106	0.247032	-0.0273123	-0.00656916	-0.0477957
246	40362	0.243513	-0.0273123	-0.00364249	-0.0477957
247	39618	0.241244	-0.0273123	-0.00252444	-0.0477957
248	38874	0.258442	-0.0273123	-0.00252444	-0.0477957
249	38130	0.251964	-0.0273123	-0.00719395	-0.0477957
250	37386	0.248873	-0.0273123	0.00122432	-0.0477957
251	36642	0.238219	-0.0273123	-0.0040371	-0.0477957
252	35898	0.244236	-0.0273123	0.000665298	-0.0477957
253	35154	0.242921	-0.0273123	-0.00732548	-0.0477957
254	34410	0.239534	-0.0273123	-0.00633897	-0.0477957
255	33666	0.248084	-0.0273123	-0.0040371	-0.0477957
256	32922	0.261073	-0.0273123	-0.0115346	-0.0477957
257	32178	0.241869	-0.0273123	-0.0151518	-0.0477957
258	31434	0.266006	-0.0273123	-0.00801605	-0.0477957
259	30690	0.257357	-0.0273123	-0.0114031	-0.0477957
260	29946	0.251175	-0.0273123	-0.0101864	-0.0477957
261	29202	0.242625	-0.0273123	-0.0145928	-0.0477957
262	28458	0.249925	-0.0273123	-0.0129815	-0.0477957
263	27714	0.259791	-0.0273123	-0.0150203	-0.0477957
264	26970	0.250386	-0.0273123	-0.0124883	-0.0477957
265	26226	0.281198	-0.0273123	-0.00745702	-0.0477957
266	25482	0.270379	-0.0273123	-0.0153492	-0.0477957
267	24738	0.269294	-0.0273123	-0.0219917	-0.0477957
268	23994	0.268636	-0.0273123	-0.0123238	-0.0477957
269	23250	0.25716	-0.0273123	-0.0212354	-0.0477957
270	22506	0.274457	-0.0273123	-0.0211696	-0.0477957
271	21762	0.279324	-0.0273123	-0.018802	-0.0477957
272	21018	0.264098	-0.0273123	-0.0220246	-0.0477957
273	20274	0.274588	-0.0273123	-0.011436	-0.0477957
274	19530	0.278863	-0.0273123	-0.0196898	-0.0477957
275	18786	0.267091	-0.0273123	-0.0124225	-0.0477957
276	18042	0.26594	-0.0273123	-0.0159082	-0.0477957
277	17298	0.269689	-0.0273123	-0.0163357	-0.0477957
278	16554	0.262882	-0.0273123	-0.0102193	-0.0477957
279	15810	0.247623	-0.0273123	-0.00949582	-0.0477957
280	15066	0.274029	-0.0273123	-0.00860796	-0.0477957
281	14322	0.263408	-0.0273123	-0.0110414	-0.0477957
282	13578	0.264986	-0.0273123	-0.0106468	-0.0477957
283	12834	0.25693	-0.0273123	-0.00499073	-0.0477957
284	12090	0.27541	-0.0273123	-0.00923275	-0.0477957
285	11346	0.246209	-0.0273123	-0.00985754	-0.0477957
286	10602	0.253674	-0.0273123	-0.00785163	-0.0477957
287	9858	0.242329	-0.0273123	-0.00397133	-0.0477957
288	9114	0.263802	-0.0273123	-0.0050565	-0.0477957
289	8370	0.245256	-0.0273123	-0.00857507	-0.0477957
290	7626	0.254989	-0.0273123	-0.00436594	-0.0477957
291	6882	0.269195	-0.0273123	-0.000156799	-0.0477957
292	6138	0.271333	-0.0273123	-0.00581283	-0.0477957
293	5394	0.275608	-0.0273123	-0.0021956	-0.0477957
294	4650	0.244204	-0.0273123	0.00487443	-0.0477957
295	3906	0.253345	-0.0273123	0.00276987	-0.0477957
296	3162	0.249892	-0.0273123	-0.00420152	-0.0477957
297	2418	0.259166	-0.0273123	0.00230949	-0.0477957
298	1674	0.24861	-0.0273123	-0.00772009	-0.0477957
299	930	0.260843	-0.0273123	-0.00400421	-0.0477957
300	186	0.268307	-0.0273123	-0.00466189	-0.0477957
301	372	0.259791	-0.0273123	-0.00735837	-0.0477957
302	1116	0.275082	-0.0273123	0.00444694	-0.0477957
303	1860	0.265973	-0.0273123	0.0025068	-0.0477957
304	2604	0.267617	-0.0273123	0.001882	-0.0477957
305	3348	0.26765	-0.0273123	-0.00449747	-0.0477957
306	4092	0.279817	-0.0273123	-0.00160369	-0.0477957
307	4836	0.266663	-0.0273123	-0.00189964	-0.0477957
308	5580	0.261862	-0.0273123	0.00171758	-0.0477957
309	6324	0.251372	-0.0273123	-0.00706241	-0.0477957
310	7068	0.251504	-0.0273123	-0.00841065	-0.0477957
311	7812	0.254266	-0.0273123	-0.00344519	-0.0477957
312	8556	0.257291	-0.0273123	-0.000255451	-0.0477957
313	9300	0.266532	-0.0273123	-0.00788451	-0.0477957
314	10044	0.264394	-0.0273123	-0.00176811	-0.0477957
315	10788	0.255647	-0.0273123	-0.0146586	-0.0477957
316	11532	0.269787	-0.0273123	-0.0132117	-0.0477957
317	12276	0.244236	-0.0273123	-0.0102521	-0.0477957
318	13020	0.26127	-0.0273123	-0.0133761	-0.0477957
319	13764	0.259955	-0.0273123	-0.0155465	-0.0477957
320	14508	0.265479	-0.0273123	-0.0155465	-0.0477957
321	15252	0.24177	-0.0273123	-0.0140338	-0.0477957
322	15996	0.242362	-0.0273123	-0.0159739	-0.0477957
323	16740	0.254726	-0.0273123	-0.0145599	-0.0477957
324	17484	0.270741	-0.0273123	-0.0191966	-0.0477957
325	18228	0.25933	-0.0273123	-0.011699	-0.0477957
326	18972	0.261764	-0.0273123	-0.0131459	-0.0477957
327	19716	0.263046	-0.0273123	-0.0177826	-0.0477957
328	20460	0.266104	-0.0273123	-0.0157766	-0.0477957
329	21204	0.273405	-0.0273123	-0.0200844	-0.0477957
330	21948	0.261566	-0.0273123	-0.0190979	-0.0477957
331	22692	0.270412	-0.0273123	-0.0221561	-0.0477957
332	23436	0.253082	-0.0273123	-0.0159739	-0.0477957
333	24180	0.265907	-0.0273123	-0.0175195	-0.0477957
334	24924	0.27541	-0.0273123	-0.0184074	-0.0477957
335	25668	0.276792	-0.0273123	-0.0167632	-0.0477957
336	26412	0.287643	-0.0273123	-0.0202488	-0.0477957
337	27156	0.268275	-0.0273123	-0.0117648	-0.0477957
338	27900	0.275871	-0.0273123	-0.00522092	-0.0477957
339	28644	0.281856	-0.0273123	-0.0172893	-0.0477957
340	29388	0.271234	-0.0273123	-0.00653627	-0.0477957
341	30132	0.268702	-0.0273123	-0.00446459	-0.0477957
342	30876	0.273207	-0.0273123	-0.00772009	-0.0477957
343	31620	0.268735	-0.0273123	-0.00860796	-0.0477957
344	32364	0.284782	-0.0273123	-0.00739125	-0.0477957
345	33108	0.270609	-0.0273123	-0.00558264	-0.0477957
346	33852	0.264394	-0.0273123	-0.00209695	-0.0477957
347	34596	0.27814	-0.0273123	-0.00084736	-0.0477957
348	35340	0.264756	-0.0273123	-0.013409	-0.0477957
349	36084	0.26081	-0.0273123	-0.000551405	-0.0477957
350	36828	0.250517	-0.0273123	-0.00633897	-0.0477957
351	37572	0.278567	-0.0273123	-0.00084736	-0.0477957
352	38316	0.262915	-0.0273123	0.00612402	-0.0477957
353	39060	0.27324	-0.0273123	-0.0042344	-0.0477957
354	39804	0.265743	-0.0273123	0.00263833	-0.0477957
355	40548	0.260317	-0.0273123	-0.00196541	-0.0477957
356	41292	0.267946	-0.0273123	-0.00104466	-0.0477957
357	42036	0.259232	-0.0273123	0.00211219	-0.0477957
358	42780	0.256272	-0.0273123	-0.0030177	-0.0477957
359	43524	0.264822	-0.0273123	-0.00564841	-0.0477957
360	44268	0.255088	-0.0273123	-0.00344519	-0.0477957
361	45012	0.261862	-0.0273123	-0.00383979	-0.0477957
362	45756	0.264624	-0.0273123	-0.00841065	-0.0477957
363	46500	0.25887	-0.0273123	-0.00693088	-0.0477957
364	47244	0.261599	-0.0273123	-0.00528668	-0.0477957
365	47988	0.263802	-0.0273123	-0.00949582	-0.0477957
366	48732	0.270741	-0.0273123	-0.00683223	-0.0477957
367	49476	0.258804	-0.0273123	-0.00620743	-0.0477957
368	50220	0.260054	-0.0273123	-0.00663492	-0.0477957
369	50964	0.28886	-0.0273123	-0.00716106	-0.0477957
370	51708	0.260382	-0.0273123	-0.0136392	-0.0477957
371	52452	0.280047	-0.0273123	-0.00837777	-0.0477957
372	53196	0.286131	-0.0273123	-0.0157109	-0.0477957
373	53940	0.282579	-0.0273123	-0.0127513	-0.0477957
374	54684	0.271596	-0.0273123	-0.0177497	-0.0477957
375	55428	0.27814	-0.0273123	-0.0114689	-0.0477957
376	56172	0.270971	-0.0273123	-0.0188348	-0.0477957
377	56916	0.251076	-0.0273123	-0.0120936	-0.0477957
378	57660	0.264624	-0.0273123	-0.0163357	-0.0477957
379	58404	0.258672	-0.0273123	-0.021893	-0.0477957
380	59148	0.266104	-0.0273123	-0.0226494	-0.0477957
381	59892	0.262092	-0.0273123	-0.0142311	-0.0477957
382	60636	0.27084	-0.0273123	-0.0248855	-0.0477957
383	61380	0.259133	-0.0273123	-0.0197227	-0.0477957
384	62124	0.274588	-0.0273123	-0.023603	-0.0477957
385	62868	0.267781	-0.0273123	-0.021334	-0.0477957
386	63612	0.259297	-0.0273123	-0.0188677	-0.0477957
387	64356	0.262191	-0.0273123	-0.0218602	-0.0477957
388	65100	0.257028	-0.0273123	-0.0159411	-0.0477957
389	65844	0.265512	-0.0273123	-0.0147901	-0.0477957
390	66588	0.251339	-0.0273123	-0.0188348	-0.0477957
391	67332	0.249498	-0.0273123	-0.0117319	-0.0477957
392	68076	0.247788	-0.0273123	-0.0104495	-0.0477957
393	68820	0.251602	-0.0273123	-0.0144284	-0.0477957
394	69564	0.236443	-0.0273123	-0.0133104	-0.0477957
395	70308	0.252227	-0.0273123	-0.00896968	-0.0477957
396	71052	0.246177	-0.0273123	-0.0111071	-0.0477957
397	71796	0.252852	-0.0273123	-0.00515515	-0.0477957
398	72540	0.245059	-0.0273123	-0.00673357	-0.0477957
399	73284	0.25739	-0.0273123	-0.00515515	-0.0477957
400	74028	0.261501	-0.0273123	-0.00574706	-0.0477957
401	74772	0.240685	-0.0273123	-0.00624032	-0.0477957
402	75516	0.245716	-0.0273123	-0.00285328	-0.0477957
403	76260	0.246473	-0.0273123	-0.00383979	-0.0477957
404	77004	0.260152	-0.0273123	-0.00604301	-0.0477957
405	77748	0.237331	-0.0273123	-0.00949582	-0.0477957
406	78492	0.251602	-0.0273123	-0.00318212	-0.0477957
407	79236	0.248906	-0.0273123	-0.00249155	-0.0477957
408	79980	0.237824	-0.0273123	-0.00259021	-0.0477957
409	80724	0.238547	-0.0273123	-0.00160369	-0.0477957
410	81468	0.257817	-0.0273123	-0.00666781	-0.0477957
411	82212	0.249366	-0.0273123	-0.000123915	-0.0477957
412	82956	0.249037	-0.0273123	-0.00693088	-0.0477957
413	83700	0.245256	-0.0273123	-0.00564841	-0.0477957
414	84444	0.249728	-0.0273123	-0.0135405	-0.0477957
415	85188	0.264065	-0.0273123	-0.0170591	-0.0477957
416	85932	0.262586	-0.0273123	-0.00601013	-0.0477957
417	86676	0.231247	-0.0273123	-0.011699	-0.0477957
418	87420	0.2518	-0.0273123	-0.0204133	-0.0477957
419	88164	0.260218	-0.0273123	-0.0148888	-0.0477957
420	88908	0.256634	-0.0273123	-0.0121594	-0.0477957
421	89652	0.243118	-0.0273123	-0.0129486	-0.0477957
422	90396	0.244532	-0.0273123	-0.0195254	-0.0477957
423	91140	0.239962	-0.0273123	-0.0157438	-0.0477957
424	91884	0.245223	-0.0273123	-0.0171578	-0.0477957
425	92628	0.242263	-0.0273123	-0.0237345	-0.0477957
426	93372	0.268505	-0.0273123	-0.026727	-0.0477957
427	94116	0.261336	-0.0273123	-0.0152505	-0.0477957
428	94860	0.239238	-0.0273123	-0.0162699	-0.0477957
429	95604	0.237364	-0.0273123	-0.0186047	-0.0477957
430	96348	0.223421	-0.0273123	-0.020775	-0.0477957
431	97092	0.233746	-0.0273123	-0.0178154	-0.0477957
432	97836	0.243118	-0.0273123	-0.0199529	-0.0477957
433	98580	0.243776	-0.0273123	-0.0189993	-0.0477957
434	99324	0.249202	-0.0273123	-0.019065	-0.0477957
435	100068	0.253806	-0.0273123	-0.0158424	-0.0477957
436	100812	0.256042	-0.0273123	-0.0202488	-0.0477957
437	101556	0.258212	-0.0273123	-0.0192623	-0.0477957
438	102300	0.243447	-0.0273123	-0.0247539	-0.0477957
439	103044	0.241376	-0.0273123	-0.0217286	-0.0477957
440	103788	0.223783	-0.0273123	-0.0154149	-0.0477957
441	104532	0.245782	-0.0273123	-0.0163357	-0.0477957
442	105276	0.251274	-0.0273123	-0.00370826	-0.0477957
443	106020	0.24713	-0.0273123	-0.0135405	-0.0477957
444	106764	0.260481	-0.0273123	-0.00989043	-0.0477957
445	107508	0.259626	-0.0273123	-0.0193281	-0.0477957
446	108252	0.248478	-0.0273123	-0.00679934	-0.0477957
447	108996	0.242559	-0.0273123	-0.0030177	-0.0477957
448	109740	0.254299	-0.0273123	-0.00752279	-0.0477957
449	110484	0.262421	-0.0273123	-0.00193253	-0.0477957
450	111228	0.255779	-0.0273123	-0.00666781	-0.0477957
451	111414	0.254726	-0.0273123	-0.00502361	-0.0477957
452	110670	0.253937	-0.0273123	-0.00666781	-0.0477957
453	109926	0.262915	-0.0273123	-0.00818047	-0.0477957
454	109182	0.250846	-0.0273123	-0.0023929	-0.0477957
455	108438	0.241507	-0.0273123	-0.0118635	-0.0477957
456	107694	0.260777	-0.0273123	-0.011995	-0.0477957
457	106950	0.270248	-0.0273123	-0.00827912	-0.0477957
458	106206	0.268801	-0.0273123	-0.0116333	-0.0477957
459	105462	0.267979	-0.0273123	-0.00676646	-0.0477957
460	104718	0.270313	-0.0273123	-0.0117319	-0.0477957
461	103974	0.262651	-0.0273123	-0.013113	-0.0477957
462	103230	0.272517	-0.0273123	-0.0182758	-0.0477957
463	102486	0.267913	-0.0273123	-0.0165001	-0.0477957
464	101742	0.269064	-0.0273123	-0.0161055	-0.0477957
465	100998	0.260251	-0.0273123	-0.0169933	-0.0477957
466	100254	0.265151	-0.0273123	-0.0212025	-0.0477957
467	99510	0.276068	-0.0273123	-0.0207092	-0.0477957
468	98766	0.275147	-0.0273123	-0.0206763	-0.0477957
469	98022	0.258409	-0.0273123	-0.0231426	-0.0477957
470	97278	0.275509	-0.0273123	-0.0195254	-0.0477957
471	96534	0.26035	-0.0273123	-0.0193939	-0.0477957
472	95790	0.272319	-0.0273123	-0.0189335	-0.0477957
473	95046	0.262915	-0.0273123	-0.0226823	-0.0477957
474	94302	0.283368	-0.0273123	-0.0214327	-0.0477957
475	93558	0.270807	-0.0273123	-0.0174537	-0.0477957
476	92814	0.277482	-0.0273123	-0.0148559	-0.0477957
477	92070	0.271497	-0.0273123	-0.011995	-0.0477957
478	91326	0.252063	-0.0273123	-0.01114	-0.0477957
479	90582	0.269985	-0.0273123	-0.0130144	-0.0477957
480	89838	0.266565	-0.0273123	-0.0138036	-0.0477957
481	89094	0.254924	-0.0273123	-0.0177497	-0.0477957
482	88350	0.258903	-0.0273123	-0.017092	-0.0477957
483	87606	0.279192	-0.0273123	-0.0186704	-0.0477957
484	86862	0.272385	-0.0273123	-0.00587859	-0.0477957
485	86118	0.257456	-0.0273123	-0.0095287	-0.0477957
486	85374	0.254726	-0.0273123	-0.00624032	-0.0477957
487	84630	0.25933	-0.0273123	-0.000288334	-0.0477957
488	83886	0.260876	-0.0273123	-0.00344519	-0.0477957
489	83142	0.249169	-0.0273123	-0.0102521	-0.0477957
490	82398	0.256535	-0.0273123	-0.00459612	-0.0477957
491	81654	0.261632	-0.0273123	-0.00462901	-0.0477957
492	80910	0.263276	-0.0273123	-0.00229425	-0.0477957
493	80166	0.249037	-0.0273123	-0.00406998	-0.0477957
494	79422	0.271037	-0.0273123	0.00112567	-0.0477957
495	78678	0.249662	-0.0273123	-0.00344519	-0.0477957
496	77934	0.258081	-0.0273123	0.00316447	-0.0477957
497	77190	0.261007	-0.0273123	0.00119144	-0.0477957
498	76446	0.256765	-0.0273123	-0.000650057	-0.0477957
499	75702	0.25032	-0.0273123	-0.00518803	-0.0477957
500	74958	0.25568	-0.0273123	0.00349331	-0.0477957
501	74214	0.263408	-0.0273123	-0.00134062	-0.0477957
502	73470	0.270379	-0.0273123	-0.00380691	-0.0477957
503	72726	0.251438	-0.0273123	-0.00413575	-0.0477957
504	71982	0.261501	-0.0273123	-0.00966024	-0.0477957
505	71238	0.266828	-0.0273123	-0.000551405	-0.0477957
506	70494	0.276989	-0.0273123	-0.00683223	-0.0477957
507	69750	0.275871	-0.0273123	-0.00406998	-0.0477957
508	69006	0.261106	-0.0273123	-0.00436594	-0.0477957
509	68262	0.266729	-0.0273123	-0.00890391	-0.0477957
510	67518	0.257291	-0.0273123	-0.0120936	-0.0477957
511	66774	0.276463	-0.0273123	-0.013409	-0.0477957
512	66030	0.278896	-0.0273123	-0.0091341	-0.0477957
513	65286	0.271399	-0.0273123	-0.0110742	-0.0477957
514	64542	0.27176	-0.0273123	-0.0108441	-0.0477957
515	63798	0.264361	-0.0273123	-0.0136063	-0.0477957
516	63054	0.252063	-0.0273123	-0.0181772	-0.0477957
517	62310	0.258903	-0.0273123	-0.019065	-0.0477957
518	61566	0.25545	-0.0273123	-0.0163686	-0.0477957
519	60822	0.251635	-0.0273123	-0.0238661	-0.0477957
520	60078	0.262553	-0.0273123	-0.0160726	-0.0477957
521	59334	0.26765	-0.0273123	-0.0225507	-0.0477957
522	58590	0.269031	-0.0273123	-0.0150532	-0.0477957
523	57846	0.257456	-0.0273123	-0.0215971	-0.0477957
524	57102	0.257489	-0.0273123	-0.0195583	-0.0477957
525	56358	0.269228	-0.0273123	-0.013409	-0.0477957
526	55614	0.269031	-0.0273123	-0.0185718	-0.0477957
527	54870	0.27666	-0.0273123	-0.0152834	-0.0477957
528	54126	0.281362	-0.0273123	-0.0150203	-0.0477957
529	53382	0.280771	-0.0273123	-0.0161055	-0.0477957
530	52638	0.280606	-0.0273123	-0.0120936	-0.0477957
531	51894	0.268998	-0.0273123	-0.00439882	-0.0477957
532	51150	0.262388	-0.0273123	-0.00617455	-0.0477957
533	50406	0.268044	-0.0273123	-0.00624032	-0.0477957
534	49662	0.27255	-0.0273123	-0.0130802	-0.0477957
535	48918	0.262553	-0.0273123	-0.0106796	-0.0477957
536	48174	0.262487	-0.0273123	-0.00772009	-0.0477957
537	47430	0.271168	-0.0273123	-0.00489208	-0.0477957
538	46686	0.268998	-0.0273123	-0.00821335	-0.0477957
539	45942	0.268965	-0.0273123	-0.00364249	-0.0477957
540	45198	0.275969	-0.0273123	0.0030987	-0.0477957
541	44454	0.275213	-0.0273123	0.000435111	-0.0477957
542	43710	0.269393	-0.0273123	0.00724207	-0.0477957
543	42966	0.271727	-0.0273123	0.00198065	-0.0477957
544	42222	0.287906	-0.0273123	0.00119144	-0.0477957
545	41478	0.271366	-0.0273123	0.00181623	-0.0477957
546	40734	0.262849	-0.0273123	-0.00485919	-0.0477957
547	39990	0.255055	-0.0273123	-0.0013735	-0.0477957
548	39246	0.273569	-0.0273123	0.00424964	-0.0477957
549	38502	0.266663	-0.0273123	-0.00587859	-0.0477957
550	37758	0.267091	-0.0273123	-0.00311635	-0.0477957
551	37014	0.251471	-0.0273123	-0.0103837	-0.0477957
552	36270	0.261599	-0.0273123	-0.00624032	-0.0477957
553	35526	0.263539	-0.0273123	-0.00624032	-0.0477957
554	34782	0.248117	-0.0273123	-0.00594436	-0.0477957
555	34038	0.256075	-0.0273123	-0.00485919	-0.0477957
556	33294	0.264394	-0.0273123	-0.00732548	-0.0477957
557	32550	0.254496	-0.0273123	-0.00959447	-0.0477957
558	31806	0.262619	-0.0273123	-0.0074899	-0.0477957
559	31062	0.250649	-0.0273123	-0.0128829	-0.0477957
560	30318	0.256995	-0.0273123	-0.0186047	-0.0477957
561	29574	0.245782	-0.0273123	-0.0173222	-0.0477957
562	28830	0.256042	-0.0273123	-0.0155465	-0.0477957
563	28086	0.259889	-0.0273123	-0.0144613	-0.0477957
564	27342	0.258968	-0.0273123	-0.0159411	-0.0477957
565	26598	0.258508	-0.0273123	-0.0191966	-0.0477957
566	25854	0.279751	-0.0273123	-0.0114031	-0.0477957
567	25110	0.260119	-0.0273123	-0.0157438	-0.0477957
568	24366	0.258936	-0.0273123	-0.0217944	-0.0477957
569	23622	0.278929	-0.0273123	-0.0155793	-0.0477957
570	22878	0.260514	-0.0273123	-0.0167303	-0.0477957
571	22134	0.250188	-0.0273123	-0.0238003	-0.0477957
572	21390	0.237462	-0.0273123	-0.0267599	-0.0477957
573	20646	0.248182	-0.0273123	-0.0187033	-0.0477957
574	19902	0.256535	-0.0273123	-0.0217944	-0.0477957
575	19158	0.256305	-0.0273123	-0.0150861	-0.0477957
576	18414	0.255713	-0.0273123	-0.0176181	-0.0477957
577	17670	0.261369	-0.0273123	-0.0107125	-0.0477957
578	16926	0.234667	-0.0273123	-0.0205777	-0.0477957
579	16182	0.223256	-0.0273123	-0.0208079	-0.0477957
580	15438	0.239041	-0.0273123	-0.020216	-0.0477957
581	14694	0.238153	-0.0273123	-0.0182758	-0.0477957
582	13950	0.236213	-0.0273123	-0.0113373	-0.0477957
583	13206	0.240389	-0.0273123	-0.012554	-0.0477957
584	12462	0.244631	-0.0273123	-0.0110414	-0.0477957
585	11718	0.237627	-0.0273123	-0.00890391	-0.0477957
586	10974	0.244236	-0.0273123	-0.0128829	-0.0477957
587	10230	0.244894	-0.0273123	-0.0135405	-0.0477957
588	9486	0.247196	-0.0273123	-0.00538534	-0.0477957
589	8742	0.246768	-0.0273123	-0.00844354	-0.0477957
590	7998	0.252984	-0.0273123	-0.00439882	-0.0477957
591	7254	0.256963	-0.0273123	-0.00699665	-0.0477957
592	6510	0.24154	-0.0273123	-0.0120936	-0.0477957
593	5766	0.243546	-0.0273123	-0.00597725	-0.0477957
594	5022	0.241573	-0.0273123	-0.0074899	-0.0477957
595	4278	0.245157	-0.0273123	-0.00308346	-0.0477957
596	3534	0.243842	-0.0273123	-0.000584289	-0.0477957
597	2790	0.253477	-0.0273123	-0.00406998	-0.0477957
598	2046	0.266269	-0.0273123	-0.00314923	-0.0477957
599	1302	0.255713	-0.0273123	0.00405234	-0.0477957
600	558	0.260317	-0.0231459	-0.00180099	-0.0464376
