# Filename	2016-09-22\23_delay.txt
# Date	2016-09-22
# Title	DL-Pro & DL-100 Locked delay scan.
# DL-Pro	365872.6 GHz
# DL-100	365856.7 GHz
# Static	-2000 mV Pulsed
# MWOn	On
# MWf	15932.0 MHz
# Attn	44 dB
# FixedAttn	6 dB
# B2	B2 = T2 + 2.050 us
# HP214B	HP 214B FIP at 5.5 on 100V setting ; Applied to Top ; Mesh & Vin of MCP @ +25V ; Vout of MCP @ +2025 V
# Oven	32 A
# Boxcar	Gate = 200 ns ; Amp = 25x ; Sensitivity = 5 mV
# Offset	+/- 30 mV IR/Oven offset.
# Bias	Top: 0 V ; Bot: -0.409 V ; IR: +0.052 V ; Oven: -0.052 V ; Vis: -0.011 V ; MW: +0.011 V
# Passes	4
i	step	norm	nbackground	signal	sbackground
0	0	0.243973	-0.0243758	-0.0349808	-0.0458095
1	744	0.250057	-0.0243758	-0.0343889	-0.0458095
2	1488	0.267354	-0.0243758	-0.034356	-0.0458095
3	2232	0.259363	-0.0243758	-0.0359345	-0.0458095
4	2976	0.259988	-0.0243758	-0.0386638	-0.0458095
5	3720	0.26571	-0.0243758	-0.0373156	-0.0458095
6	4464	0.279258	-0.0243758	-0.0384007	-0.0458095
7	5208	0.268275	-0.0243758	-0.0343889	-0.0458095
8	5952	0.269426	-0.0243758	-0.0407026	-0.0458095
9	6696	0.249037	-0.0243758	-0.0262337	-0.0458095
10	7440	0.253378	-0.0243758	-0.0378417	-0.0458095
11	8184	0.272451	-0.0243758	-0.0363948	-0.0458095
12	8928	0.259297	-0.0243758	-0.0382034	-0.0458095
13	9672	0.269853	-0.0243758	-0.0395188	-0.0458095
14	10416	0.269689	-0.0243758	-0.0398805	-0.0458095
15	11160	0.276397	-0.0243758	-0.0348164	-0.0458095
16	11904	0.255483	-0.0243758	-0.038335	-0.0458095
17	12648	0.251734	-0.0243758	-0.0408013	-0.0458095
18	13392	0.28396	-0.0243758	-0.0407355	-0.0458095
19	14136	0.27814	-0.0243758	-0.0390913	-0.0458095
20	14880	0.28179	-0.0243758	-0.0376444	-0.0458095
21	15624	0.274424	-0.0243758	-0.0438595	-0.0458095
22	16368	0.26229	-0.0243758	-0.0392557	-0.0458095
23	17112	0.276101	-0.0243758	-0.0345205	-0.0458095
24	17856	0.25055	-0.0243758	-0.0408013	-0.0458095
25	18600	0.267354	-0.0243758	-0.0397819	-0.0458095
26	19344	0.256864	-0.0243758	-0.0325474	-0.0458095
27	20088	0.274062	-0.0243758	-0.0351452	-0.0458095
28	20832	0.277811	-0.0243758	-0.0347835	-0.0458095
29	21576	0.262717	-0.0243758	-0.0377431	-0.0458095
30	22320	0.26936	-0.0243758	-0.0376773	-0.0458095
31	23064	0.277449	-0.0243758	-0.0435306	-0.0458095
32	23808	0.25328	-0.0243758	-0.038894	-0.0458095
33	24552	0.250254	-0.0243758	-0.0404724	-0.0458095
34	25296	0.266762	-0.0243758	-0.0350795	-0.0458095
35	26040	0.26298	-0.0243758	-0.0361975	-0.0458095
36	26784	0.248478	-0.0243758	-0.039453	-0.0458095
37	27528	0.266926	-0.0243758	-0.031528	-0.0458095
38	28272	0.25032	-0.0243758	-0.039453	-0.0458095
39	29016	0.256108	-0.0243758	-0.0416563	-0.0458095
40	29760	0.25785	-0.0243758	-0.0367237	-0.0458095
41	30504	0.261073	-0.0243758	-0.0360002	-0.0458095
42	31248	0.264098	-0.0243758	-0.0335339	-0.0458095
43	31992	0.263342	-0.0243758	-0.037776	-0.0458095
44	32736	0.263178	-0.0243758	-0.037776	-0.0458095
45	33480	0.263178	-0.0243758	-0.0372498	-0.0458095
46	34224	0.253082	-0.0243758	-0.0322186	-0.0458095
47	34968	0.259889	-0.0243758	-0.03748	-0.0458095
48	35712	0.263112	-0.0243758	-0.0310348	-0.0458095
49	36456	0.264329	-0.0243758	-0.0397819	-0.0458095
50	37200	0.251109	-0.0243758	-0.0392228	-0.0458095
51	37944	0.263868	-0.0243758	-0.0381048	-0.0458095
52	38688	0.256634	-0.0243758	-0.0405711	-0.0458095
53	39432	0.263967	-0.0243758	-0.0363948	-0.0458095
54	40176	0.26663	-0.0243758	-0.0409986	-0.0458095
55	40920	0.264	-0.0243758	-0.0331393	-0.0458095
56	41664	0.263539	-0.0243758	-0.0396175	-0.0458095
57	42408	0.260448	-0.0243758	-0.0327776	-0.0458095
58	43152	0.252819	-0.0243758	-0.0374471	-0.0458095
59	43896	0.276594	-0.0243758	-0.0384336	-0.0458095
60	44640	0.282678	-0.0243758	-0.0351124	-0.0458095
61	45384	0.268143	-0.0243758	-0.0448131	-0.0458095
62	46128	0.247262	-0.0243758	-0.0405711	-0.0458095
63	46872	0.260448	-0.0243758	-0.0396832	-0.0458095
64	47616	0.286295	-0.0243758	-0.0441554	-0.0458095
65	48360	0.25545	-0.0243758	-0.0381706	-0.0458095
66	49104	0.260086	-0.0243758	-0.0390255	-0.0458095
67	49848	0.272221	-0.0243758	-0.0416234	-0.0458095
68	50592	0.267485	-0.0243758	-0.036066	-0.0458095
69	51336	0.256667	-0.0243758	-0.0358687	-0.0458095
70	52080	0.272286	-0.0243758	-0.0412616	-0.0458095
71	52824	0.269689	-0.0243758	-0.0436622	-0.0458095
72	53568	0.270544	-0.0243758	-0.0361646	-0.0458095
73	54312	0.275016	-0.0243758	-0.0371183	-0.0458095
74	55056	0.278502	-0.0243758	-0.0449446	-0.0458095
75	55800	0.279357	-0.0243758	-0.0390255	-0.0458095
76	56544	0.252951	-0.0243758	-0.0398476	-0.0458095
77	57288	0.266532	-0.0243758	-0.0404724	-0.0458095
78	58032	0.262684	-0.0243758	-0.0381706	-0.0458095
79	58776	0.267354	-0.0243758	-0.0364277	-0.0458095
80	59520	0.259527	-0.0243758	-0.042873	-0.0458095
81	60264	0.275575	-0.0243758	-0.0378088	-0.0458095
82	61008	0.271497	-0.0243758	-0.0322515	-0.0458095
83	61752	0.267518	-0.0243758	-0.0365921	-0.0458095
84	62496	0.266269	-0.0243758	-0.0378417	-0.0458095
85	63240	0.262783	-0.0243758	-0.0345862	-0.0458095
86	63984	0.25762	-0.0243758	-0.0358358	-0.0458095
87	64728	0.258672	-0.0243758	-0.0344218	-0.0458095
88	65472	0.249892	-0.0243758	-0.0412616	-0.0458095
89	66216	0.261599	-0.0243758	-0.0377431	-0.0458095
90	66960	0.274786	-0.0243758	-0.0335339	-0.0458095
91	67704	0.265151	-0.0243758	-0.038894	-0.0458095
92	68448	0.268077	-0.0243758	-0.0356714	-0.0458095
93	69192	0.263079	-0.0243758	-0.0350795	-0.0458095
94	69936	0.268373	-0.0243758	-0.0358687	-0.0458095
95	70680	0.258048	-0.0243758	-0.0319226	-0.0458095
96	71424	0.277252	-0.0243758	-0.032087	-0.0458095
97	72168	0.28054	-0.0243758	-0.0324159	-0.0458095
98	72912	0.272944	-0.0243758	-0.0364935	-0.0458095
99	73656	0.26571	-0.0243758	-0.031824	-0.0458095
100	74400	0.264296	-0.0243758	-0.0349151	-0.0458095
101	75144	0.252129	-0.0243758	-0.037776	-0.0458095
102	75888	0.260448	-0.0243758	-0.0333695	-0.0458095
103	76632	0.259626	-0.0243758	-0.03577	-0.0458095
104	77376	0.259067	-0.0243758	-0.0325145	-0.0458095
105	78120	0.270609	-0.0243758	-0.032679	-0.0458095
106	78864	0.254299	-0.0243758	-0.0365593	-0.0458095
107	79608	0.259791	-0.0243758	-0.0379075	-0.0458095
108	80352	0.266795	-0.0243758	-0.0336984	-0.0458095
109	81096	0.249432	-0.0243758	-0.0273846	-0.0458095
110	81840	0.273405	-0.0243758	-0.0386967	-0.0458095
111	82584	0.25351	-0.0243758	-0.0363291	-0.0458095
112	83328	0.265085	-0.0243758	-0.0356056	-0.0458095
113	84072	0.27643	-0.0243758	-0.0324488	-0.0458095
114	84816	0.265907	-0.0243758	-0.0357372	-0.0458095
115	85560	0.264098	-0.0243758	-0.038039	-0.0458095
116	86304	0.270248	-0.0243758	-0.0394201	-0.0458095
117	87048	0.256634	-0.0243758	-0.0415576	-0.0458095
118	87792	0.26788	-0.0243758	-0.0393215	-0.0458095
119	88536	0.270642	-0.0243758	-0.0404067	-0.0458095
120	89280	0.267979	-0.0243758	-0.0341258	-0.0458095
121	90024	0.252589	-0.0243758	-0.0407684	-0.0458095
122	90768	0.264493	-0.0243758	-0.0341258	-0.0458095
123	91512	0.267091	-0.0243758	-0.0389598	-0.0458095
124	92256	0.253378	-0.0243758	-0.0394201	-0.0458095
125	93000	0.251241	-0.0243758	-0.0387625	-0.0458095
126	93744	0.256042	-0.0243758	-0.0358358	-0.0458095
127	94488	0.255976	-0.0243758	-0.0423139	-0.0458095
128	95232	0.261895	-0.0243758	-0.0356714	-0.0458095
129	95976	0.249662	-0.0243758	-0.0382363	-0.0458095
130	96720	0.252556	-0.0243758	-0.0391571	-0.0458095
131	97464	0.264756	-0.0243758	-0.0393215	-0.0458095
132	98208	0.259758	-0.0243758	-0.0379733	-0.0458095
133	98952	0.260382	-0.0243758	-0.0380719	-0.0458095
134	99696	0.25864	-0.0243758	-0.0404724	-0.0458095
135	100440	0.278337	-0.0243758	-0.0354412	-0.0458095
136	101184	0.278962	-0.0243758	-0.0363948	-0.0458095
137	101928	0.266992	-0.0243758	-0.037184	-0.0458095
138	102672	0.262849	-0.0243758	-0.0376115	-0.0458095
139	103416	0.261665	-0.0243758	-0.0373485	-0.0458095
140	104160	0.264986	-0.0243758	-0.0342245	-0.0458095
141	104904	0.269294	-0.0243758	-0.0376444	-0.0458095
142	105648	0.261303	-0.0243758	-0.0390584	-0.0458095
143	106392	0.265282	-0.0243758	-0.0387954	-0.0458095
144	107136	0.258541	-0.0243758	-0.0307388	-0.0458095
145	107880	0.260843	-0.0243758	-0.0308375	-0.0458095
146	108624	0.242921	-0.0243758	-0.0359673	-0.0458095
147	109368	0.256272	-0.0243758	-0.0424783	-0.0458095
148	110112	0.247295	-0.0243758	-0.0348822	-0.0458095
149	110856	0.25226	-0.0243758	-0.0342903	-0.0458095
150	111600	0.259659	-0.0243758	-0.0410643	-0.0458095
151	111042	0.260284	-0.0243758	-0.0363619	-0.0458095
152	110298	0.242592	-0.0243758	-0.0335668	-0.0458095
153	109554	0.255253	-0.0243758	-0.0315938	-0.0458095
154	108810	0.268373	-0.0243758	-0.0348822	-0.0458095
155	108066	0.253016	-0.0243758	-0.0363619	-0.0458095
156	107322	0.256995	-0.0243758	-0.0334353	-0.0458095
157	106578	0.247985	-0.0243758	-0.0331722	-0.0458095
158	105834	0.249794	-0.0243758	-0.0395846	-0.0458095
159	105090	0.262915	-0.0243758	-0.032942	-0.0458095
160	104346	0.270248	-0.0243758	-0.0401436	-0.0458095
161	103602	0.253181	-0.0243758	-0.03919	-0.0458095
162	102858	0.239797	-0.0243758	-0.0387954	-0.0458095
163	102114	0.258936	-0.0243758	-0.0427085	-0.0458095
164	101370	0.258804	-0.0243758	-0.0395846	-0.0458095
165	100626	0.246144	-0.0243758	-0.0381377	-0.0458095
166	99882	0.264657	-0.0243758	-0.0324159	-0.0458095
167	99138	0.272089	-0.0243758	-0.0357043	-0.0458095
168	98394	0.274523	-0.0243758	-0.0362633	-0.0458095
169	97650	0.261566	-0.0243758	-0.0364277	-0.0458095
170	96906	0.267485	-0.0243758	-0.0342245	-0.0458095
171	96162	0.256732	-0.0243758	-0.0384994	-0.0458095
172	95418	0.264098	-0.0243758	-0.033238	-0.0458095
173	94674	0.268143	-0.0243758	-0.037184	-0.0458095
174	93930	0.274457	-0.0243758	-0.0390255	-0.0458095
175	93186	0.266006	-0.0243758	-0.0367237	-0.0458095
176	92442	0.27347	-0.0243758	-0.0410643	-0.0458095
177	91698	0.270971	-0.0243758	-0.0363948	-0.0458095
178	90954	0.260974	-0.0243758	-0.038039	-0.0458095
179	90210	0.256963	-0.0243758	-0.0395188	-0.0458095
180	89466	0.270807	-0.0243758	-0.0327776	-0.0458095
181	88722	0.269623	-0.0243758	-0.0356056	-0.0458095
182	87978	0.261533	-0.0243758	-0.0316924	-0.0458095
183	87234	0.264065	-0.0243758	-0.0398805	-0.0458095
184	86490	0.266959	-0.0243758	-0.0388282	-0.0458095
185	85746	0.25864	-0.0243758	-0.0360002	-0.0458095
186	85002	0.265841	-0.0243758	-0.0361318	-0.0458095
187	84258	0.26252	-0.0243758	-0.0312321	-0.0458095
188	83514	0.272681	-0.0243758	-0.0361318	-0.0458095
189	82770	0.271103	-0.0243758	-0.0328434	-0.0458095
190	82026	0.272286	-0.0243758	-0.03577	-0.0458095
191	81282	0.268899	-0.0243758	-0.0342245	-0.0458095
192	80538	0.273437	-0.0243758	-0.0355727	-0.0458095
193	79794	0.268603	-0.0243758	-0.0370854	-0.0458095
194	79050	0.265611	-0.0243758	-0.041722	-0.0458095
195	78306	0.277416	-0.0243758	-0.0320542	-0.0458095
196	77562	0.265578	-0.0243758	-0.0307388	-0.0458095
197	76818	0.261533	-0.0243758	-0.036921	-0.0458095
198	76074	0.263868	-0.0243758	-0.0422482	-0.0458095
199	75330	0.27666	-0.0243758	-0.0348822	-0.0458095
200	74586	0.280705	-0.0243758	-0.0375458	-0.0458095
201	73842	0.276167	-0.0243758	-0.0293577	-0.0458095
202	73098	0.26446	-0.0243758	-0.0348493	-0.0458095
203	72354	0.248676	-0.0243758	-0.0363619	-0.0458095
204	71610	0.25933	-0.0243758	-0.0349151	-0.0458095
205	70866	0.261533	-0.0243758	-0.03919	-0.0458095
206	70122	0.274457	-0.0243758	-0.0372827	-0.0458095
207	69378	0.278797	-0.0243758	-0.0343231	-0.0458095
208	68634	0.263704	-0.0243758	-0.0358029	-0.0458095
209	67890	0.279751	-0.0243758	-0.0346849	-0.0458095
210	67146	0.268669	-0.0243758	-0.0332051	-0.0458095
211	66402	0.275443	-0.0243758	-0.0395517	-0.0458095
212	65658	0.254398	-0.0243758	-0.0364606	-0.0458095
213	64914	0.277844	-0.0243758	-0.0347506	-0.0458095
214	64170	0.285013	-0.0243758	-0.0377431	-0.0458095
215	63426	0.265611	-0.0243758	-0.03577	-0.0458095
216	62682	0.256667	-0.0243758	-0.0346191	-0.0458095
217	61938	0.230787	-0.0243758	-0.0410972	-0.0458095
218	61194	0.256436	-0.0243758	-0.0417878	-0.0458095
219	60450	0.266795	-0.0243758	-0.0361318	-0.0458095
220	59706	0.247755	-0.0243758	-0.0365593	-0.0458095
221	58962	0.260843	-0.0243758	-0.040308	-0.0458095
222	58218	0.253444	-0.0243758	-0.0366579	-0.0458095
223	57474	0.258771	-0.0243758	-0.0403409	-0.0458095
224	56730	0.254957	-0.0243758	-0.0397819	-0.0458095
225	55986	0.260382	-0.0243758	-0.0426099	-0.0458095
226	55242	0.271333	-0.0243758	-0.0348822	-0.0458095
227	54498	0.263145	-0.0243758	-0.0381048	-0.0458095
228	53754	0.264197	-0.0243758	-0.0427743	-0.0458095
229	53010	0.258771	-0.0243758	-0.0395188	-0.0458095
230	52266	0.256864	-0.0243758	-0.0363291	-0.0458095
231	51522	0.273996	-0.0243758	-0.0385323	-0.0458095
232	50778	0.268242	-0.0243758	-0.0379075	-0.0458095
233	50034	0.2884	-0.0243758	-0.0414261	-0.0458095
234	49290	0.272188	-0.0243758	-0.0394201	-0.0458095
235	48546	0.266302	-0.0243758	-0.0346849	-0.0458095
236	47802	0.266334	-0.0243758	-0.0376773	-0.0458095
237	47058	0.280935	-0.0243758	-0.0340272	-0.0458095
238	46314	0.270379	-0.0243758	-0.033797	-0.0458095
239	45570	0.258146	-0.0243758	-0.0363948	-0.0458095
240	44826	0.260876	-0.0243758	-0.0375458	-0.0458095
241	44082	0.255746	-0.0243758	-0.0328105	-0.0458095
242	43338	0.261665	-0.0243758	-0.0410972	-0.0458095
243	42594	0.263572	-0.0243758	-0.0357043	-0.0458095
244	41850	0.286328	-0.0243758	-0.0371183	-0.0458095
245	41106	0.287347	-0.0243758	-0.0418207	-0.0458095
246	40362	0.261895	-0.0243758	-0.0368552	-0.0458095
247	39618	0.264263	-0.0243758	-0.0372827	-0.0458095
248	38874	0.270576	-0.0243758	-0.0344218	-0.0458095
249	38130	0.258541	-0.0243758	-0.0358687	-0.0458095
250	37386	0.261369	-0.0243758	-0.0337312	-0.0458095
251	36642	0.252852	-0.0243758	-0.0369867	-0.0458095
252	35898	0.268373	-0.0243758	-0.0324159	-0.0458095
253	35154	0.279291	-0.0243758	-0.0377431	-0.0458095
254	34410	0.260382	-0.0243758	-0.0367566	-0.0458095
255	33666	0.237758	-0.0243758	-0.0370196	-0.0458095
256	32922	0.242362	-0.0243758	-0.0371512	-0.0458095
257	32178	0.245848	-0.0243758	-0.0337641	-0.0458095
258	31434	0.265052	-0.0243758	-0.0418864	-0.0458095
259	30690	0.261172	-0.0243758	-0.0417549	-0.0458095
260	29946	0.261501	-0.0243758	-0.0374142	-0.0458095
261	29202	0.252523	-0.0243758	-0.0397819	-0.0458095
262	28458	0.237199	-0.0243758	-0.03919	-0.0458095
263	27714	0.25249	-0.0243758	-0.0391571	-0.0458095
264	26970	0.250517	-0.0243758	-0.0381048	-0.0458095
265	26226	0.240948	-0.0243758	-0.0435306	-0.0458095
266	25482	0.255318	-0.0243758	-0.0376115	-0.0458095
267	24738	0.248676	-0.0243758	-0.0357043	-0.0458095
268	23994	0.256963	-0.0243758	-0.0427414	-0.0458095
269	23250	0.268373	-0.0243758	-0.0335011	-0.0458095
270	22506	0.273569	-0.0243758	-0.0393215	-0.0458095
271	21762	0.258672	-0.0243758	-0.0411959	-0.0458095
272	21018	0.274128	-0.0243758	-0.0378746	-0.0458095
273	20274	0.290241	-0.0243758	-0.0340601	-0.0458095
274	19530	0.261829	-0.0243758	-0.0398805	-0.0458095
275	18786	0.270313	-0.0243758	-0.0395846	-0.0458095
276	18042	0.273141	-0.0243758	-0.0376773	-0.0458095
277	17298	0.275641	-0.0243758	-0.0353754	-0.0458095
278	16554	0.272845	-0.0243758	-0.0346849	-0.0458095
279	15810	0.268209	-0.0243758	-0.0325474	-0.0458095
280	15066	0.274851	-0.0243758	-0.0391242	-0.0458095
281	14322	0.268143	-0.0243758	-0.0356714	-0.0458095
282	13578	0.252819	-0.0243758	-0.0384007	-0.0458095
283	12834	0.264493	-0.0243758	-0.0373813	-0.0458095
284	12090	0.265381	-0.0243758	-0.038335	-0.0458095
285	11346	0.270346	-0.0243758	-0.0334353	-0.0458095
286	10602	0.254792	-0.0243758	-0.0429058	-0.0458095
287	9858	0.240027	-0.0243758	-0.0386638	-0.0458095
288	9114	0.263408	-0.0243758	-0.0354741	-0.0458095
289	8370	0.258113	-0.0243758	-0.0399134	-0.0458095
290	7626	0.251274	-0.0243758	-0.037184	-0.0458095
291	6882	0.269557	-0.0243758	-0.0396175	-0.0458095
292	6138	0.255417	-0.0243758	-0.0384665	-0.0458095
293	5394	0.249432	-0.0243758	-0.0290617	-0.0458095
294	4650	0.249794	-0.0243758	-0.0358687	-0.0458095
295	3906	0.247952	-0.0243758	-0.0309032	-0.0458095
296	3162	0.239698	-0.0243758	-0.0361318	-0.0458095
297	2418	0.222138	-0.0243758	-0.0349479	-0.0458095
298	1674	0.248018	-0.0243758	-0.0310019	-0.0458095
299	930	0.261764	-0.0243758	-0.0357372	-0.0458095
300	186	0.262092	-0.0243758	-0.0365593	-0.0458095
301	372	0.258311	-0.0243758	-0.0317582	-0.0458095
302	1116	0.254102	-0.0243758	-0.0410315	-0.0458095
303	1860	0.257883	-0.0243758	-0.0377102	-0.0458095
304	2604	0.243513	-0.0243758	-0.0350137	-0.0458095
305	3348	0.261139	-0.0243758	-0.0372169	-0.0458095
306	4092	0.256371	-0.0243758	-0.0300482	-0.0458095
307	4836	0.263375	-0.0243758	-0.0365264	-0.0458095
308	5580	0.263868	-0.0243758	-0.0400121	-0.0458095
309	6324	0.260185	-0.0243758	-0.0362962	-0.0458095
310	7068	0.266269	-0.0243758	-0.0345862	-0.0458095
311	7812	0.262323	-0.0243758	-0.0391242	-0.0458095
312	8556	0.264296	-0.0243758	-0.0369539	-0.0458095
313	9300	0.279225	-0.0243758	-0.0398148	-0.0458095
314	10044	0.271892	-0.0243758	-0.0385981	-0.0458095
315	10788	0.274555	-0.0243758	-0.0435964	-0.0458095
316	11532	0.269393	-0.0243758	-0.0341916	-0.0458095
317	12276	0.276035	-0.0243758	-0.0367894	-0.0458095
318	13020	0.276989	-0.0243758	-0.0382363	-0.0458095
319	13764	0.27255	-0.0243758	-0.0377102	-0.0458095
320	14508	0.268077	-0.0243758	-0.0415247	-0.0458095
321	15252	0.262027	-0.0243758	-0.0376773	-0.0458095
322	15996	0.277318	-0.0243758	-0.0382034	-0.0458095
323	16740	0.283368	-0.0243758	-0.0349808	-0.0458095
324	17484	0.261895	-0.0243758	-0.0344876	-0.0458095
325	18228	0.274457	-0.0243758	-0.0405053	-0.0458095
326	18972	0.270544	-0.0243758	-0.0374471	-0.0458095
327	19716	0.255614	-0.0243758	-0.0369539	-0.0458095
328	20460	0.263046	-0.0243758	-0.0386967	-0.0458095
329	21204	0.271103	-0.0243758	-0.0415905	-0.0458095
330	21948	0.251931	-0.0243758	-0.0323501	-0.0458095
331	22692	0.255812	-0.0243758	-0.0382692	-0.0458095
332	23436	0.253477	-0.0243758	-0.0330407	-0.0458095
333	24180	0.241145	-0.0243758	-0.0338957	-0.0458095
334	24924	0.266071	-0.0243758	-0.0335997	-0.0458095
335	25668	0.261435	-0.0243758	-0.0364606	-0.0458095
336	26412	0.256963	-0.0243758	-0.0397819	-0.0458095
337	27156	0.257916	-0.0243758	-0.0382034	-0.0458095
338	27900	0.247064	-0.0243758	-0.0372498	-0.0458095
339	28644	0.265545	-0.0243758	-0.034093	-0.0458095
340	29388	0.255253	-0.0243758	-0.0349151	-0.0458095
341	30132	0.263079	-0.0243758	-0.0398148	-0.0458095
342	30876	0.257127	-0.0243758	-0.0334024	-0.0458095
343	31620	0.248939	-0.0243758	-0.038039	-0.0458095
344	32364	0.276167	-0.0243758	-0.0359673	-0.0458095
345	33108	0.260744	-0.0243758	-0.0347835	-0.0458095
346	33852	0.279652	-0.0243758	-0.0381048	-0.0458095
347	34596	0.259692	-0.0243758	-0.038335	-0.0458095
348	35340	0.265052	-0.0243758	-0.0319555	-0.0458095
349	36084	0.25374	-0.0243758	-0.0342903	-0.0458095
350	36828	0.256831	-0.0243758	-0.0364277	-0.0458095
351	37572	0.262388	-0.0243758	-0.0346191	-0.0458095
352	38316	0.278403	-0.0243758	-0.0365593	-0.0458095
353	39060	0.282316	-0.0243758	-0.0332051	-0.0458095
354	39804	0.266038	-0.0243758	-0.0342245	-0.0458095
355	40548	0.25785	-0.0243758	-0.0321857	-0.0458095
356	41292	0.262454	-0.0243758	-0.035211	-0.0458095
357	42036	0.267091	-0.0243758	-0.033238	-0.0458095
358	42780	0.276792	-0.0243758	-0.0340272	-0.0458095
359	43524	0.259495	-0.0243758	-0.0326132	-0.0458095
360	44268	0.268669	-0.0243758	-0.0365921	-0.0458095
361	45012	0.27255	-0.0243758	-0.0321857	-0.0458095
362	45756	0.271563	-0.0243758	-0.0375458	-0.0458095
363	46500	0.260711	-0.0243758	-0.0336984	-0.0458095
364	47244	0.260382	-0.0243758	-0.0348822	-0.0458095
365	47988	0.270576	-0.0243758	-0.0382363	-0.0458095
366	48732	0.249301	-0.0243758	-0.0372827	-0.0458095
367	49476	0.250386	-0.0243758	-0.0384665	-0.0458095
368	50220	0.267025	-0.0243758	-0.034652	-0.0458095
369	50964	0.260909	-0.0243758	-0.0353425	-0.0458095
370	51708	0.2591	-0.0243758	-0.0348493	-0.0458095
371	52452	0.248117	-0.0243758	-0.0430045	-0.0458095
372	53196	0.253707	-0.0243758	-0.0429716	-0.0458095
373	53940	0.258179	-0.0243758	-0.0379733	-0.0458095
374	54684	0.254233	-0.0243758	-0.0351781	-0.0458095
375	55428	0.260547	-0.0243758	-0.0409328	-0.0458095
376	56172	0.269327	-0.0243758	-0.0405053	-0.0458095
377	56916	0.262421	-0.0243758	-0.0401107	-0.0458095
378	57660	0.26982	-0.0243758	-0.0332709	-0.0458095
379	58404	0.265907	-0.0243758	-0.0370196	-0.0458095
380	59148	0.263605	-0.0243758	-0.0319226	-0.0458095
381	59892	0.268077	-0.0243758	-0.0293906	-0.0458095
382	60636	0.279028	-0.0243758	-0.0410643	-0.0458095
383	61380	0.263769	-0.0243758	-0.0395846	-0.0458095
384	62124	0.276035	-0.0243758	-0.0373485	-0.0458095
385	62868	0.265447	-0.0243758	-0.037184	-0.0458095
386	63612	0.271629	-0.0243758	-0.0316267	-0.0458095
387	64356	0.281198	-0.0243758	-0.0331722	-0.0458095
388	65100	0.270116	-0.0243758	-0.0399792	-0.0458095
389	65844	0.277712	-0.0243758	-0.0367566	-0.0458095
390	66588	0.268505	-0.0243758	-0.0398805	-0.0458095
391	67332	0.278962	-0.0243758	-0.03577	-0.0458095
392	68076	0.27541	-0.0243758	-0.0399134	-0.0458095
393	68820	0.27712	-0.0243758	-0.0413932	-0.0458095
394	69564	0.268899	-0.0243758	-0.0375129	-0.0458095
395	70308	0.282579	-0.0243758	-0.0369539	-0.0458095
396	71052	0.259527	-0.0243758	-0.0331064	-0.0458095
397	71796	0.272845	-0.0243758	-0.0331722	-0.0458095
398	72540	0.277712	-0.0243758	-0.0330407	-0.0458095
399	73284	0.277679	-0.0243758	-0.0405053	-0.0458095
400	74028	0.268998	-0.0243758	-0.0402094	-0.0458095
401	74772	0.254102	-0.0243758	-0.036921	-0.0458095
402	75516	0.260744	-0.0243758	-0.0421824	-0.0458095
403	76260	0.2664	-0.0243758	-0.0456352	-0.0458095
404	77004	0.270182	-0.0243758	-0.0376444	-0.0458095
405	77748	0.246736	-0.0243758	-0.0390255	-0.0458095
406	78492	0.2762	-0.0243758	-0.0405382	-0.0458095
407	79236	0.263737	-0.0243758	-0.0440897	-0.0458095
408	79980	0.251438	-0.0243758	-0.0421824	-0.0458095
409	80724	0.255121	-0.0243758	-0.0397819	-0.0458095
410	81468	0.258837	-0.0243758	-0.0392886	-0.0458095
411	82212	0.255384	-0.0243758	-0.0402422	-0.0458095
412	82956	0.253839	-0.0243758	-0.0350795	-0.0458095
413	83700	0.280738	-0.0243758	-0.040604	-0.0458095
414	84444	0.281593	-0.0243758	-0.0427743	-0.0458095
415	85188	0.284749	-0.0243758	-0.0374142	-0.0458095
416	85932	0.282415	-0.0243758	-0.0381706	-0.0458095
417	86676	0.26058	-0.0243758	-0.0446816	-0.0458095
418	87420	0.269787	-0.0243758	-0.0378088	-0.0458095
419	88164	0.265512	-0.0243758	-0.0384336	-0.0458095
420	88908	0.261468	-0.0243758	-0.0421495	-0.0458095
421	89652	0.269097	-0.0243758	-0.0378088	-0.0458095
422	90396	0.281626	-0.0243758	-0.035211	-0.0458095
423	91140	0.276397	-0.0243758	-0.0392228	-0.0458095
424	91884	0.274292	-0.0243758	-0.0364277	-0.0458095
425	92628	0.259955	-0.0243758	-0.0414261	-0.0458095
426	93372	0.26127	-0.0243758	-0.0389598	-0.0458095
427	94116	0.278074	-0.0243758	-0.0396503	-0.0458095
428	94860	0.267683	-0.0243758	-0.043136	-0.0458095
429	95604	0.280113	-0.0243758	-0.0418864	-0.0458095
430	96348	0.279422	-0.0243758	-0.0340272	-0.0458095
431	97092	0.270281	-0.0243758	-0.032942	-0.0458095
432	97836	0.271333	-0.0243758	-0.032942	-0.0458095
433	98580	0.268899	-0.0243758	-0.0388611	-0.0458095
434	99324	0.254891	-0.0243758	-0.0401436	-0.0458095
435	100068	0.267387	-0.0243758	-0.0405382	-0.0458095
436	100812	0.25739	-0.0243758	-0.0404724	-0.0458095
437	101556	0.263441	-0.0243758	-0.0387296	-0.0458095
438	102300	0.26104	-0.0243758	-0.0371183	-0.0458095
439	103044	0.282349	-0.0243758	-0.0414261	-0.0458095
440	103788	0.256601	-0.0243758	-0.0428072	-0.0458095
441	104532	0.26594	-0.0243758	-0.0427085	-0.0458095
442	105276	0.266466	-0.0243758	-0.0423139	-0.0458095
443	106020	0.25568	-0.0243758	-0.033238	-0.0458095
444	106764	0.266729	-0.0243758	-0.0406369	-0.0458095
445	107508	0.283862	-0.0243758	-0.0358358	-0.0458095
446	108252	0.271431	-0.0243758	-0.040604	-0.0458095
447	108996	0.268472	-0.0243758	-0.033797	-0.0458095
448	109740	0.274292	-0.0243758	-0.0327118	-0.0458095
449	110484	0.275871	-0.0243758	-0.0370525	-0.0458095
450	111228	0.256075	-0.0243758	-0.0380061	-0.0458095
451	111414	0.281626	-0.0243758	-0.0336984	-0.0458095
452	110670	0.283171	-0.0243758	-0.037776	-0.0458095
453	109926	0.294352	-0.0243758	-0.03577	-0.0458095
454	109182	0.279422	-0.0243758	-0.0408342	-0.0458095
455	108438	0.284519	-0.0243758	-0.0395517	-0.0458095
456	107694	0.284388	-0.0243758	-0.0371512	-0.0458095
457	106950	0.289287	-0.0243758	-0.0418536	-0.0458095
458	106206	0.27324	-0.0243758	-0.0385323	-0.0458095
459	105462	0.267683	-0.0243758	-0.038039	-0.0458095
460	104718	0.274917	-0.0243758	-0.0321528	-0.0458095
461	103974	0.272089	-0.0243758	-0.042281	-0.0458095
462	103230	0.285078	-0.0243758	-0.0334353	-0.0458095
463	102486	0.278436	-0.0243758	-0.0312978	-0.0458095
464	101742	0.277351	-0.0243758	-0.0311663	-0.0458095
465	100998	0.273569	-0.0243758	-0.036066	-0.0458095
466	100254	0.27962	-0.0243758	-0.0358687	-0.0458095
467	99510	0.264789	-0.0243758	-0.0324488	-0.0458095
468	98766	0.286328	-0.0243758	-0.0331722	-0.0458095
469	98022	0.282579	-0.0243758	-0.033797	-0.0458095
470	97278	0.298462	-0.0243758	-0.0350466	-0.0458095
471	96534	0.27985	-0.0243758	-0.0409986	-0.0458095
472	95790	0.270248	-0.0243758	-0.039453	-0.0458095
473	95046	0.268538	-0.0243758	-0.0390255	-0.0458095
474	94302	0.270215	-0.0243758	-0.0364606	-0.0458095
475	93558	0.278469	-0.0243758	-0.0418207	-0.0458095
476	92814	0.273964	-0.0243758	-0.040604	-0.0458095
477	92070	0.277942	-0.0243758	-0.0457667	-0.0458095
478	91326	0.269327	-0.0243758	-0.0430045	-0.0458095
479	90582	0.276627	-0.0243758	-0.0427085	-0.0458095
480	89838	0.273043	-0.0243758	-0.0377431	-0.0458095
481	89094	0.268965	-0.0243758	-0.0426428	-0.0458095
482	88350	0.280672	-0.0243758	-0.0449118	-0.0458095
483	87606	0.280047	-0.0243758	-0.0416234	-0.0458095
484	86862	0.277416	-0.0243758	-0.0396175	-0.0458095
485	86118	0.269524	-0.0243758	-0.0433333	-0.0458095
486	85374	0.280738	-0.0243758	-0.0379404	-0.0458095
487	84630	0.285045	-0.0243758	-0.0424126	-0.0458095
488	83886	0.265381	-0.0243758	-0.0402751	-0.0458095
489	83142	0.296949	-0.0243758	-0.0415247	-0.0458095
490	82398	0.278633	-0.0243758	-0.0331064	-0.0458095
491	81654	0.288005	-0.0243758	-0.0373156	-0.0458095
492	80910	0.286361	-0.0243758	-0.035507	-0.0458095
493	80166	0.280211	-0.0243758	-0.0357372	-0.0458095
494	79422	0.282678	-0.0243758	-0.0328763	-0.0458095
495	78678	0.263868	-0.0243758	-0.036066	-0.0458095
496	77934	0.280475	-0.0243758	-0.034093	-0.0458095
497	77190	0.293003	-0.0243758	-0.0387954	-0.0458095
498	76446	0.274753	-0.0243758	-0.0308375	-0.0458095
499	75702	0.293201	-0.0243758	-0.03748	-0.0458095
500	74958	0.262882	-0.0243758	-0.0420509	-0.0458095
501	74214	0.266795	-0.0243758	-0.0355727	-0.0458095
502	73470	0.290669	-0.0243758	-0.0356385	-0.0458095
503	72726	0.276101	-0.0243758	-0.0338957	-0.0458095
504	71982	0.275673	-0.0243758	-0.037776	-0.0458095
505	71238	0.269031	-0.0243758	-0.0342245	-0.0458095
506	70494	0.272878	-0.0243758	-0.0362962	-0.0458095
507	69750	0.277153	-0.0243758	-0.0364935	-0.0458095
508	69006	0.276693	-0.0243758	-0.0437937	-0.0458095
509	68262	0.259791	-0.0243758	-0.0390255	-0.0458095
510	67518	0.278863	-0.0243758	-0.0394201	-0.0458095
511	66774	0.275049	-0.0243758	-0.0391571	-0.0458095
512	66030	0.280606	-0.0243758	-0.0388282	-0.0458095
513	65286	0.272352	-0.0243758	-0.0395846	-0.0458095
514	64542	0.289748	-0.0243758	-0.0374142	-0.0458095
515	63798	0.282809	-0.0243758	-0.0394201	-0.0458095
516	63054	0.29445	-0.0243758	-0.0456681	-0.0458095
517	62310	0.290997	-0.0243758	-0.0406697	-0.0458095
518	61566	0.285736	-0.0243758	-0.0389927	-0.0458095
519	60822	0.27883	-0.0243758	-0.0402094	-0.0458095
520	60078	0.295108	-0.0243758	-0.0394201	-0.0458095
521	59334	0.284914	-0.0243758	-0.03748	-0.0458095
522	58590	0.285572	-0.0243758	-0.0374142	-0.0458095
523	57846	0.28761	-0.0243758	-0.03919	-0.0458095
524	57102	0.285868	-0.0243758	-0.0356714	-0.0458095
525	56358	0.280803	-0.0243758	-0.0398805	-0.0458095
526	55614	0.287347	-0.0243758	-0.0373813	-0.0458095
527	54870	0.286953	-0.0243758	-0.0392886	-0.0458095
528	54126	0.288432	-0.0243758	-0.0366579	-0.0458095
529	53382	0.276693	-0.0243758	-0.040867	-0.0458095
530	52638	0.279225	-0.0243758	-0.0371512	-0.0458095
531	51894	0.276792	-0.0243758	-0.037184	-0.0458095
532	51150	0.286723	-0.0243758	-0.0369539	-0.0458095
533	50406	0.27449	-0.0243758	-0.033797	-0.0458095
534	49662	0.270609	-0.0243758	-0.0384336	-0.0458095
535	48918	0.290504	-0.0243758	-0.0406369	-0.0458095
536	48174	0.286788	-0.0243758	-0.0381706	-0.0458095
537	47430	0.272681	-0.0243758	-0.03748	-0.0458095
538	46686	0.277778	-0.0243758	-0.0398476	-0.0458095
539	45942	0.283599	-0.0243758	-0.0383679	-0.0458095
540	45198	0.281527	-0.0243758	-0.0419193	-0.0458095
541	44454	0.258541	-0.0243758	-0.0363291	-0.0458095
542	43710	0.288367	-0.0243758	-0.0354412	-0.0458095
543	42966	0.265249	-0.0243758	-0.0380061	-0.0458095
544	42222	0.298462	-0.0243758	-0.0339285	-0.0458095
545	41478	0.284158	-0.0243758	-0.039749	-0.0458095
546	40734	0.277647	-0.0243758	-0.0343231	-0.0458095
547	39990	0.278107	-0.0243758	-0.0352439	-0.0458095
548	39246	0.275213	-0.0243758	-0.0328105	-0.0458095
549	38502	0.277252	-0.0243758	-0.0365921	-0.0458095
550	37758	0.283171	-0.0243758	-0.0368881	-0.0458095
551	37014	0.269985	-0.0243758	-0.0329091	-0.0458095
552	36270	0.278206	-0.0243758	-0.0299825	-0.0458095
553	35526	0.269985	-0.0243758	-0.0367894	-0.0458095
554	34782	0.280935	-0.0243758	-0.0368223	-0.0458095
555	34038	0.27518	-0.0243758	-0.0398148	-0.0458095
556	33294	0.288137	-0.0243758	-0.0317253	-0.0458095
557	32550	0.271826	-0.0243758	-0.0368223	-0.0458095
558	31806	0.271399	-0.0243758	-0.0361975	-0.0458095
559	31062	0.27985	-0.0243758	-0.0393873	-0.0458095
560	30318	0.263769	-0.0243758	-0.0381377	-0.0458095
561	29574	0.278107	-0.0243758	-0.0370525	-0.0458095
562	28830	0.275871	-0.0243758	-0.03919	-0.0458095
563	28086	0.2859	-0.0243758	-0.0386967	-0.0458095
564	27342	0.266137	-0.0243758	-0.0349151	-0.0458095
565	26598	0.263539	-0.0243758	-0.0349151	-0.0458095
566	25854	0.268636	-0.0243758	-0.0417878	-0.0458095
567	25110	0.266861	-0.0243758	-0.0383679	-0.0458095
568	24366	0.257291	-0.0243758	-0.0375787	-0.0458095
569	23622	0.281066	-0.0243758	-0.038039	-0.0458095
570	22878	0.257291	-0.0243758	-0.0359016	-0.0458095
571	22134	0.258541	-0.0243758	-0.036921	-0.0458095
572	21390	0.2591	-0.0243758	-0.0399792	-0.0458095
573	20646	0.25568	-0.0243758	-0.0416891	-0.0458095
574	19902	0.262092	-0.0243758	-0.0461942	-0.0458095
575	19158	0.26834	-0.0243758	-0.043136	-0.0458095
576	18414	0.268439	-0.0243758	-0.037184	-0.0458095
577	17670	0.266729	-0.0243758	-0.0442541	-0.0458095
578	16926	0.265184	-0.0243758	-0.0367566	-0.0458095
579	16182	0.254398	-0.0243758	-0.0457667	-0.0458095
580	15438	0.274259	-0.0243758	-0.0360331	-0.0458095
581	14694	0.273109	-0.0243758	-0.0372827	-0.0458095
582	13950	0.273602	-0.0243758	-0.0367566	-0.0458095
583	13206	0.279126	-0.0243758	-0.0372827	-0.0458095
584	12462	0.271037	-0.0243758	-0.0358029	-0.0458095
585	11718	0.278041	-0.0243758	-0.0391571	-0.0458095
586	10974	0.277416	-0.0243758	-0.0371183	-0.0458095
587	10230	0.261994	-0.0243758	-0.0428072	-0.0458095
588	9486	0.263243	-0.0243758	-0.0383021	-0.0458095
589	8742	0.256634	-0.0243758	-0.034093	-0.0458095
590	7998	0.269952	-0.0243758	-0.0378746	-0.0458095
591	7254	0.268242	-0.0243758	-0.0316596	-0.0458095
592	6510	0.267979	-0.0243758	-0.0316596	-0.0458095
593	5766	0.272155	-0.0243758	-0.0406697	-0.0458095
594	5022	0.269426	-0.0243758	-0.0365264	-0.0458095
595	4278	0.244467	-0.0243758	-0.037184	-0.0458095
596	3534	0.284585	-0.0243758	-0.0349808	-0.0458095
597	2790	0.255022	-0.0243758	-0.0367237	-0.0458095
598	2046	0.255549	-0.0243758	-0.0359345	-0.0458095
599	1302	0.260086	-0.0243758	-0.0417549	-0.0458095
600	558	0.248281	-0.0238266	-0.0367894	-0.045724
