# Filename	2016-09-22\24_delay.txt
# Date	2016-09-22
# Title	DL-Pro & DL-100 Locked delay scan.
# DL-Pro	365872.6 GHz
# DL-100	365856.7 GHz
# Static	2000 mV Pulsed
# MWOn	On
# MWf	15932.0 MHz
# Attn	44 dB
# FixedAttn	6 dB
# B2	B2 = T2 + 2.050 us
# HP214B	HP 214B FIP at 5.5 on 100V setting ; Applied to Top ; Mesh & Vin of MCP @ +25V ; Vout of MCP @ +2025 V
# Oven	32 A
# Boxcar	Gate = 200 ns ; Amp = 25x ; Sensitivity = 5 mV
# Offset	+/- 30 mV IR/Oven offset.
# Bias	Top: 0 V ; Bot: -0.409 V ; IR: +0.052 V ; Oven: -0.052 V ; Vis: -0.011 V ; MW: +0.011 V
# Passes	4
i	step	norm	nbackground	signal	sbackground
0	0	0.271168	-0.0267763	-0.0427414	-0.0472465
1	744	0.261994	-0.0267763	-0.0468519	-0.0472465
2	1488	0.256305	-0.0267763	-0.0367566	-0.0472465
3	2232	0.252194	-0.0267763	-0.0452077	-0.0472465
4	2976	0.244171	-0.0267763	-0.0466875	-0.0472465
5	3720	0.256765	-0.0267763	-0.0439581	-0.0472465
6	4464	0.267716	-0.0267763	-0.043991	-0.0472465
7	5208	0.284158	-0.0267763	-0.0371183	-0.0472465
8	5952	0.263276	-0.0267763	-0.039453	-0.0472465
9	6696	0.246111	-0.0267763	-0.0401107	-0.0472465
10	7440	0.255055	-0.0267763	-0.0387296	-0.0472465
11	8184	0.276496	-0.0267763	-0.0467861	-0.0472465
12	8928	0.274062	-0.0267763	-0.0381706	-0.0472465
13	9672	0.270971	-0.0267763	-0.0436622	-0.0472465
14	10416	0.275378	-0.0267763	-0.041163	-0.0472465
15	11160	0.268636	-0.0267763	-0.042577	-0.0472465
16	11904	0.266137	-0.0267763	-0.0402751	-0.0472465
17	12648	0.282217	-0.0267763	-0.0417549	-0.0472465
18	13392	0.267124	-0.0267763	-0.0407355	-0.0472465
19	14136	0.272155	-0.0267763	-0.0438924	-0.0472465
20	14880	0.278173	-0.0267763	-0.0419851	-0.0472465
21	15624	0.269097	-0.0267763	-0.0506336	-0.0472465
22	16368	0.288071	-0.0267763	-0.0396175	-0.0472465
23	17112	0.286427	-0.0267763	-0.0369867	-0.0472465
24	17856	0.286032	-0.0267763	-0.0448789	-0.0472465
25	18600	0.277942	-0.0267763	-0.0393215	-0.0472465
26	19344	0.270872	-0.0267763	-0.0402751	-0.0472465
27	20088	0.276068	-0.0267763	-0.0405711	-0.0472465
28	20832	0.261336	-0.0267763	-0.0377102	-0.0472465
29	21576	0.276167	-0.0267763	-0.0353754	-0.0472465
30	22320	0.289715	-0.0267763	-0.0481673	-0.0472465
31	23064	0.284717	-0.0267763	-0.0407026	-0.0472465
32	23808	0.268834	-0.0267763	-0.0406369	-0.0472465
33	24552	0.264296	-0.0267763	-0.0363291	-0.0472465
34	25296	0.255812	-0.0267763	-0.0432676	-0.0472465
35	26040	0.251865	-0.0267763	-0.0421166	-0.0472465
36	26784	0.269656	-0.0267763	-0.0395188	-0.0472465
37	27528	0.26229	-0.0267763	-0.042873	-0.0472465
38	28272	0.273207	-0.0267763	-0.042018	-0.0472465
39	29016	0.27347	-0.0267763	-0.043991	-0.0472465
40	29760	0.269919	-0.0267763	-0.0446158	-0.0472465
41	30504	0.248084	-0.0267763	-0.0395846	-0.0472465
42	31248	0.254529	-0.0267763	-0.0349479	-0.0472465
43	31992	0.266926	-0.0267763	-0.0406697	-0.0472465
44	32736	0.251142	-0.0267763	-0.0491209	-0.0472465
45	33480	0.26765	-0.0267763	-0.0384994	-0.0472465
46	34224	0.251701	-0.0267763	-0.0405382	-0.0472465
47	34968	0.262915	-0.0267763	-0.0374142	-0.0472465
48	35712	0.258607	-0.0267763	-0.0411959	-0.0472465
49	36456	0.267716	-0.0267763	-0.0385323	-0.0472465
50	37200	0.271563	-0.0267763	-0.0420837	-0.0472465
51	37944	0.287051	-0.0267763	-0.0452406	-0.0472465
52	38688	0.279587	-0.0267763	-0.0419522	-0.0472465
53	39432	0.268834	-0.0267763	-0.0384336	-0.0472465
54	40176	0.278567	-0.0267763	-0.0371183	-0.0472465
55	40920	0.28008	-0.0267763	-0.0370854	-0.0472465
56	41664	0.30152	-0.0267763	-0.038039	-0.0472465
57	42408	0.281066	-0.0267763	-0.0348164	-0.0472465
58	43152	0.288992	-0.0267763	-0.0433991	-0.0472465
59	43896	0.289057	-0.0267763	-0.0382034	-0.0472465
60	44640	0.285341	-0.0267763	-0.0370525	-0.0472465
61	45384	0.281757	-0.0267763	-0.0385981	-0.0472465
62	46128	0.288005	-0.0267763	-0.0414589	-0.0472465
63	46872	0.266565	-0.0267763	-0.0392886	-0.0472465
64	47616	0.270905	-0.0267763	-0.0409328	-0.0472465
65	48360	0.29274	-0.0267763	-0.0414261	-0.0472465
66	49104	0.274062	-0.0267763	-0.0405382	-0.0472465
67	49848	0.261501	-0.0267763	-0.0439581	-0.0472465
68	50592	0.281626	-0.0267763	-0.0423468	-0.0472465
69	51336	0.305335	-0.0267763	-0.0401107	-0.0472465
70	52080	0.273076	-0.0267763	-0.0419193	-0.0472465
71	52824	0.265578	-0.0267763	-0.0355399	-0.0472465
72	53568	0.272188	-0.0267763	-0.0418207	-0.0472465
73	54312	0.266828	-0.0267763	-0.0393544	-0.0472465
74	55056	0.277318	-0.0267763	-0.0389269	-0.0472465
75	55800	0.274424	-0.0267763	-0.0402751	-0.0472465
76	56544	0.29741	-0.0267763	-0.0376444	-0.0472465
77	57288	0.262849	-0.0267763	-0.0415905	-0.0472465
78	58032	0.272286	-0.0267763	-0.0438266	-0.0472465
79	58776	0.28544	-0.0267763	-0.0404724	-0.0472465
80	59520	0.285933	-0.0267763	-0.0351781	-0.0472465
81	60264	0.277844	-0.0267763	-0.0348822	-0.0472465
82	61008	0.271793	-0.0267763	-0.0399463	-0.0472465
83	61752	0.276824	-0.0267763	-0.0450104	-0.0472465
84	62496	0.286657	-0.0267763	-0.0406369	-0.0472465
85	63240	0.281395	-0.0267763	-0.0405053	-0.0472465
86	63984	0.278074	-0.0267763	-0.0403738	-0.0472465
87	64728	0.285933	-0.0267763	-0.0462271	-0.0472465
88	65472	0.261237	-0.0267763	-0.0415247	-0.0472465
89	66216	0.269491	-0.0267763	-0.0441554	-0.0472465
90	66960	0.270872	-0.0267763	-0.0372498	-0.0472465
91	67704	0.268768	-0.0267763	-0.0441883	-0.0472465
92	68448	0.282842	-0.0267763	-0.0439581	-0.0472465
93	69192	0.290932	-0.0267763	-0.0461942	-0.0472465
94	69936	0.271925	-0.0267763	-0.0430045	-0.0472465
95	70680	0.272747	-0.0267763	-0.0406697	-0.0472465
96	71424	0.25009	-0.0267763	-0.0429058	-0.0472465
97	72168	0.254167	-0.0267763	-0.0415905	-0.0472465
98	72912	0.272845	-0.0267763	-0.0420509	-0.0472465
99	73656	0.253806	-0.0267763	-0.0398148	-0.0472465
100	74400	0.275443	-0.0267763	-0.0464902	-0.0472465
101	75144	0.257061	-0.0267763	-0.0433662	-0.0472465
102	75888	0.261237	-0.0267763	-0.0465231	-0.0472465
103	76632	0.266598	-0.0267763	-0.0392886	-0.0472465
104	77376	0.244467	-0.0267763	-0.0420837	-0.0472465
105	78120	0.277811	-0.0267763	-0.0398476	-0.0472465
106	78864	0.25864	-0.0267763	-0.0434978	-0.0472465
107	79608	0.283927	-0.0267763	-0.036625	-0.0472465
108	80352	0.284881	-0.0267763	-0.0405711	-0.0472465
109	81096	0.283862	-0.0267763	-0.0386967	-0.0472465
110	81840	0.282119	-0.0267763	-0.0421824	-0.0472465
111	82584	0.277153	-0.0267763	-0.044287	-0.0472465
112	83328	0.289255	-0.0267763	-0.0414261	-0.0472465
113	84072	0.273799	-0.0267763	-0.0416563	-0.0472465
114	84816	0.295305	-0.0267763	-0.0384007	-0.0472465
115	85560	0.277942	-0.0267763	-0.0416563	-0.0472465
116	86304	0.286459	-0.0267763	-0.0406697	-0.0472465
117	87048	0.296062	-0.0267763	-0.0401765	-0.0472465
118	87792	0.297344	-0.0267763	-0.0387625	-0.0472465
119	88536	0.285539	-0.0267763	-0.0453064	-0.0472465
120	89280	0.286427	-0.0267763	-0.0354741	-0.0472465
121	90024	0.303263	-0.0267763	-0.038894	-0.0472465
122	90768	0.28932	-0.0267763	-0.0418207	-0.0472465
123	91512	0.282217	-0.0267763	-0.0440568	-0.0472465
124	92256	0.26765	-0.0267763	-0.0425441	-0.0472465
125	93000	0.277351	-0.0267763	-0.041163	-0.0472465
126	93744	0.280738	-0.0267763	-0.0399792	-0.0472465
127	94488	0.281823	-0.0267763	-0.0436622	-0.0472465
128	95232	0.261829	-0.0267763	-0.0370854	-0.0472465
129	95976	0.272122	-0.0267763	-0.0420509	-0.0472465
130	96720	0.273437	-0.0267763	-0.0400449	-0.0472465
131	97464	0.283599	-0.0267763	-0.0445172	-0.0472465
132	98208	0.273733	-0.0267763	-0.0448789	-0.0472465
133	98952	0.283434	-0.0267763	-0.0480686	-0.0472465
134	99696	0.279324	-0.0267763	-0.0435306	-0.0472465
135	100440	0.268735	-0.0267763	-0.0409986	-0.0472465
136	101184	0.264953	-0.0267763	-0.0453392	-0.0472465
137	101928	0.270215	-0.0267763	-0.0430045	-0.0472465
138	102672	0.257357	-0.0267763	-0.038335	-0.0472465
139	103416	0.263276	-0.0267763	-0.0458325	-0.0472465
140	104160	0.259067	-0.0267763	-0.0432676	-0.0472465
141	104904	0.262915	-0.0267763	-0.0426428	-0.0472465
142	105648	0.263112	-0.0267763	-0.0435306	-0.0472465
143	106392	0.247788	-0.0267763	-0.0437608	-0.0472465
144	107136	0.254299	-0.0267763	-0.0427743	-0.0472465
145	107880	0.257489	-0.0267763	-0.0420837	-0.0472465
146	108624	0.262158	-0.0267763	-0.0443198	-0.0472465
147	109368	0.260021	-0.0267763	-0.0443856	-0.0472465
148	110112	0.250024	-0.0267763	-0.0502389	-0.0472465
149	110856	0.223717	-0.0267763	-0.0535602	-0.0472465
150	111600	0.247262	-0.0267763	-0.0481344	-0.0472465
151	111042	0.247262	-0.0267763	-0.0457667	-0.0472465
152	110298	0.245486	-0.0267763	-0.0423139	-0.0472465
153	109554	0.264822	-0.0267763	-0.0414918	-0.0472465
154	108810	0.277416	-0.0267763	-0.035211	-0.0472465
155	108066	0.276463	-0.0267763	-0.0379733	-0.0472465
156	107322	0.262553	-0.0267763	-0.0442541	-0.0472465
157	106578	0.260382	-0.0267763	-0.0361318	-0.0472465
158	105834	0.263737	-0.0267763	-0.036066	-0.0472465
159	105090	0.264723	-0.0267763	-0.0386638	-0.0472465
160	104346	0.274983	-0.0267763	-0.0413932	-0.0472465
161	103602	0.271793	-0.0267763	-0.0405053	-0.0472465
162	102858	0.270971	-0.0267763	-0.0409328	-0.0472465
163	102114	0.281428	-0.0267763	-0.0432347	-0.0472465
164	101370	0.26742	-0.0267763	-0.0415905	-0.0472465
165	100626	0.270544	-0.0267763	-0.0464902	-0.0472465
166	99882	0.27518	-0.0267763	-0.0401765	-0.0472465
167	99138	0.26617	-0.0267763	-0.0451419	-0.0472465
168	98394	0.277088	-0.0267763	-0.0373813	-0.0472465
169	97650	0.276331	-0.0267763	-0.0411301	-0.0472465
170	96906	0.271859	-0.0267763	-0.0421495	-0.0472465
171	96162	0.258212	-0.0267763	-0.0374471	-0.0472465
172	95418	0.279159	-0.0267763	-0.0437608	-0.0472465
173	94674	0.27541	-0.0267763	-0.0421166	-0.0472465
174	93930	0.277186	-0.0267763	-0.0399134	-0.0472465
175	93186	0.263506	-0.0267763	-0.0399134	-0.0472465
176	92442	0.278995	-0.0267763	-0.0451748	-0.0472465
177	91698	0.277811	-0.0267763	-0.0433991	-0.0472465
178	90954	0.280014	-0.0267763	-0.0435964	-0.0472465
179	90210	0.279751	-0.0267763	-0.0457996	-0.0472465
180	89466	0.282744	-0.0267763	-0.0379404	-0.0472465
181	88722	0.270807	-0.0267763	-0.0452077	-0.0472465
182	87978	0.28202	-0.0267763	-0.042873	-0.0472465
183	87234	0.278863	-0.0267763	-0.0380061	-0.0472465
184	86490	0.294779	-0.0267763	-0.0379075	-0.0472465
185	85746	0.283993	-0.0267763	-0.0446487	-0.0472465
186	85002	0.29889	-0.0267763	-0.0443198	-0.0472465
187	84258	0.289287	-0.0267763	-0.0447145	-0.0472465
188	83514	0.2957	-0.0267763	-0.0419193	-0.0472465
189	82770	0.280639	-0.0267763	-0.0400121	-0.0472465
190	82026	0.299218	-0.0267763	-0.0387954	-0.0472465
191	81282	0.287742	-0.0267763	-0.0376773	-0.0472465
192	80538	0.300928	-0.0267763	-0.0465231	-0.0472465
193	79794	0.296752	-0.0267763	-0.0419522	-0.0472465
194	79050	0.272155	-0.0267763	-0.0478384	-0.0472465
195	78306	0.290208	-0.0267763	-0.0410315	-0.0472465
196	77562	0.305335	-0.0267763	-0.040308	-0.0472465
197	76818	0.287709	-0.0267763	-0.0394859	-0.0472465
198	76074	0.295272	-0.0267763	-0.0409657	-0.0472465
199	75330	0.299218	-0.0267763	-0.0410972	-0.0472465
200	74586	0.287249	-0.0267763	-0.0483317	-0.0472465
201	73842	0.28761	-0.0267763	-0.0402422	-0.0472465
202	73098	0.298988	-0.0267763	-0.0448789	-0.0472465
203	72354	0.275279	-0.0267763	-0.0436951	-0.0472465
204	71610	0.308656	-0.0267763	-0.0357372	-0.0472465
205	70866	0.296456	-0.0267763	-0.0434649	-0.0472465
206	70122	0.286591	-0.0267763	-0.0410972	-0.0472465
207	69378	0.281165	-0.0267763	-0.0400449	-0.0472465
208	68634	0.284519	-0.0267763	-0.0435306	-0.0472465
209	67890	0.290537	-0.0267763	-0.0456352	-0.0472465
210	67146	0.283664	-0.0267763	-0.0361318	-0.0472465
211	66402	0.279718	-0.0267763	-0.0443527	-0.0472465
212	65658	0.292609	-0.0267763	-0.0391242	-0.0472465
213	64914	0.291261	-0.0267763	-0.0384336	-0.0472465
214	64170	0.290471	-0.0267763	-0.0395188	-0.0472465
215	63426	0.301257	-0.0267763	-0.0424783	-0.0472465
216	62682	0.294549	-0.0267763	-0.038335	-0.0472465
217	61938	0.30083	-0.0267763	-0.0423468	-0.0472465
218	61194	0.299251	-0.0267763	-0.0387954	-0.0472465
219	60450	0.292017	-0.0267763	-0.0382034	-0.0472465
220	59706	0.293398	-0.0267763	-0.0374142	-0.0472465
221	58962	0.293924	-0.0267763	-0.0451091	-0.0472465
222	58218	0.302671	-0.0267763	-0.0473123	-0.0472465
223	57474	0.298265	-0.0267763	-0.0357372	-0.0472465
224	56730	0.308821	-0.0267763	-0.0374471	-0.0472465
225	55986	0.296686	-0.0267763	-0.0367566	-0.0472465
226	55242	0.290701	-0.0267763	-0.0352439	-0.0472465
227	54498	0.286525	-0.0267763	-0.0419193	-0.0472465
228	53754	0.288564	-0.0267763	-0.0440239	-0.0472465
229	53010	0.309445	-0.0267763	-0.0387954	-0.0472465
230	52266	0.286624	-0.0267763	-0.0414918	-0.0472465
231	51522	0.302671	-0.0267763	-0.0410643	-0.0472465
232	50778	0.280672	-0.0267763	-0.0437608	-0.0472465
233	50034	0.287446	-0.0267763	-0.0334682	-0.0472465
234	49290	0.287643	-0.0267763	-0.0412945	-0.0472465
235	48546	0.289452	-0.0267763	-0.0395517	-0.0472465
236	47802	0.284388	-0.0267763	-0.036625	-0.0472465
237	47058	0.281889	-0.0267763	-0.040604	-0.0472465
238	46314	0.291852	-0.0267763	-0.0446158	-0.0472465
239	45570	0.289682	-0.0267763	-0.0406697	-0.0472465
240	44826	0.277252	-0.0267763	-0.0430374	-0.0472465
241	44082	0.28202	-0.0267763	-0.0374142	-0.0472465
242	43338	0.279817	-0.0267763	-0.0423468	-0.0472465
243	42594	0.278666	-0.0267763	-0.0451748	-0.0472465
244	41850	0.275312	-0.0267763	-0.0422153	-0.0472465
245	41106	0.268406	-0.0267763	-0.0439252	-0.0472465
246	40362	0.265743	-0.0267763	-0.0407355	-0.0472465
247	39618	0.266729	-0.0267763	-0.0440239	-0.0472465
248	38874	0.27791	-0.0267763	-0.0401436	-0.0472465
249	38130	0.249333	-0.0267763	-0.0419522	-0.0472465
250	37386	0.258804	-0.0267763	-0.0391571	-0.0472465
251	36642	0.257653	-0.0267763	-0.0388611	-0.0472465
252	35898	0.272813	-0.0267763	-0.0416234	-0.0472465
253	35154	0.276134	-0.0267763	-0.0433333	-0.0472465
254	34410	0.275805	-0.0267763	-0.0455366	-0.0472465
255	33666	0.285835	-0.0267763	-0.0435635	-0.0472465
256	32922	0.29205	-0.0267763	-0.0411959	-0.0472465
257	32178	0.294417	-0.0267763	-0.04455	-0.0472465
258	31434	0.274687	-0.0267763	-0.0394201	-0.0472465
259	30690	0.28054	-0.0267763	-0.0457339	-0.0472465
260	29946	0.284519	-0.0267763	-0.0413603	-0.0472465
261	29202	0.288005	-0.0267763	-0.0388282	-0.0472465
262	28458	0.290965	-0.0267763	-0.0388611	-0.0472465
263	27714	0.286723	-0.0267763	-0.0408342	-0.0472465
264	26970	0.301126	-0.0267763	-0.0364277	-0.0472465
265	26226	0.288992	-0.0267763	-0.0420837	-0.0472465
266	25482	0.263638	-0.0267763	-0.0438266	-0.0472465
267	24738	0.279916	-0.0267763	-0.0414589	-0.0472465
268	23994	0.286163	-0.0267763	-0.0427743	-0.0472465
269	23250	0.274621	-0.0267763	-0.0394859	-0.0472465
270	22506	0.297804	-0.0267763	-0.0419851	-0.0472465
271	21762	0.284881	-0.0267763	-0.0444843	-0.0472465
272	21018	0.278074	-0.0267763	-0.03919	-0.0472465
273	20274	0.278502	-0.0267763	-0.0421495	-0.0472465
274	19530	0.290866	-0.0267763	-0.03919	-0.0472465
275	18786	0.292773	-0.0267763	-0.0455037	-0.0472465
276	18042	0.289781	-0.0267763	-0.0402422	-0.0472465
277	17298	0.287446	-0.0267763	-0.0425112	-0.0472465
278	16554	0.289057	-0.0267763	-0.0443527	-0.0472465
279	15810	0.273503	-0.0267763	-0.04455	-0.0472465
280	15066	0.288104	-0.0267763	-0.042577	-0.0472465
281	14322	0.281691	-0.0267763	-0.0468519	-0.0472465
282	13578	0.264065	-0.0267763	-0.0451419	-0.0472465
283	12834	0.282185	-0.0267763	-0.0451748	-0.0472465
284	12090	0.266565	-0.0267763	-0.0367894	-0.0472465
285	11346	0.278699	-0.0267763	-0.0438924	-0.0472465
286	10602	0.271892	-0.0267763	-0.0395846	-0.0472465
287	9858	0.252523	-0.0267763	-0.0416891	-0.0472465
288	9114	0.267814	-0.0267763	-0.0425441	-0.0472465
289	8370	0.276857	-0.0267763	-0.0394201	-0.0472465
290	7626	0.275542	-0.0267763	-0.0362962	-0.0472465
291	6882	0.26104	-0.0267763	-0.0388282	-0.0472465
292	6138	0.270971	-0.0267763	-0.0345533	-0.0472465
293	5394	0.280113	-0.0267763	-0.0389927	-0.0472465
294	4650	0.277778	-0.0267763	-0.0401107	-0.0472465
295	3906	0.258837	-0.0267763	-0.0436951	-0.0472465
296	3162	0.277647	-0.0267763	-0.0433991	-0.0472465
297	2418	0.268834	-0.0267763	-0.0417878	-0.0472465
298	1674	0.266696	-0.0267763	-0.0404395	-0.0472465
299	930	0.275739	-0.0267763	-0.0431689	-0.0472465
300	186	0.287117	-0.0267763	-0.0420837	-0.0472465
301	372	0.284717	-0.0267763	-0.0350795	-0.0472465
302	1116	0.254989	-0.0267763	-0.0411301	-0.0472465
303	1860	0.276824	-0.0267763	-0.0373156	-0.0472465
304	2604	0.270215	-0.0267763	-0.0455366	-0.0472465
305	3348	0.260317	-0.0267763	-0.0362304	-0.0472465
306	4092	0.266334	-0.0267763	-0.0414918	-0.0472465
307	4836	0.274259	-0.0267763	-0.0398476	-0.0472465
308	5580	0.274621	-0.0267763	-0.0375787	-0.0472465
309	6324	0.262849	-0.0267763	-0.0464573	-0.0472465
310	7068	0.269393	-0.0267763	-0.0389927	-0.0472465
311	7812	0.281428	-0.0267763	-0.0376773	-0.0472465
312	8556	0.270576	-0.0267763	-0.0416563	-0.0472465
313	9300	0.274523	-0.0267763	-0.0390255	-0.0472465
314	10044	0.280507	-0.0267763	-0.043136	-0.0472465
315	10788	0.289583	-0.0267763	-0.0361975	-0.0472465
316	11532	0.28156	-0.0267763	-0.0427743	-0.0472465
317	12276	0.281724	-0.0267763	-0.0384665	-0.0472465
318	13020	0.285966	-0.0267763	-0.0422482	-0.0472465
319	13764	0.266137	-0.0267763	-0.0433333	-0.0472465
320	14508	0.286328	-0.0267763	-0.0358687	-0.0472465
321	15252	0.272615	-0.0267763	-0.042577	-0.0472465
322	15996	0.287183	-0.0267763	-0.0389927	-0.0472465
323	16740	0.266992	-0.0267763	-0.0402751	-0.0472465
324	17484	0.290701	-0.0267763	-0.0395188	-0.0472465
325	18228	0.278863	-0.0267763	-0.0393215	-0.0472465
326	18972	0.290997	-0.0267763	-0.0408013	-0.0472465
327	19716	0.272845	-0.0267763	-0.0432676	-0.0472465
328	20460	0.277647	-0.0267763	-0.0422153	-0.0472465
329	21204	0.268669	-0.0267763	-0.0426428	-0.0472465
330	21948	0.287742	-0.0267763	-0.038894	-0.0472465
331	22692	0.266367	-0.0267763	-0.0377431	-0.0472465
332	23436	0.270346	-0.0267763	-0.0432018	-0.0472465
333	24180	0.273174	-0.0267763	-0.0356385	-0.0472465
334	24924	0.264329	-0.0267763	-0.036921	-0.0472465
335	25668	0.258113	-0.0267763	-0.042577	-0.0472465
336	26412	0.268275	-0.0267763	-0.0354412	-0.0472465
337	27156	0.265841	-0.0267763	-0.0379733	-0.0472465
338	27900	0.261007	-0.0267763	-0.0449775	-0.0472465
339	28644	0.267617	-0.0267763	-0.041722	-0.0472465
340	29388	0.271399	-0.0267763	-0.043991	-0.0472465
341	30132	0.248215	-0.0267763	-0.0402422	-0.0472465
342	30876	0.241211	-0.0267763	-0.0468848	-0.0472465
343	31620	0.264	-0.0267763	-0.0456352	-0.0472465
344	32364	0.289156	-0.0267763	-0.0450762	-0.0472465
345	33108	0.271267	-0.0267763	-0.0404395	-0.0472465
346	33852	0.265348	-0.0267763	-0.0377431	-0.0472465
347	34596	0.263901	-0.0267763	-0.0411301	-0.0472465
348	35340	0.271201	-0.0267763	-0.0399792	-0.0472465
349	36084	0.276528	-0.0267763	-0.04797	-0.0472465
350	36828	0.255746	-0.0267763	-0.0421166	-0.0472465
351	37572	0.2591	-0.0267763	-0.041163	-0.0472465
352	38316	0.266038	-0.0267763	-0.0456023	-0.0472465
353	39060	0.267814	-0.0267763	-0.0413603	-0.0472465
354	39804	0.27278	-0.0267763	-0.0405053	-0.0472465
355	40548	0.263835	-0.0267763	-0.0479042	-0.0472465
356	41292	0.263145	-0.0267763	-0.0405053	-0.0472465
357	42036	0.253378	-0.0267763	-0.0360989	-0.0472465
358	42780	0.254299	-0.0267763	-0.0392886	-0.0472465
359	43524	0.260086	-0.0267763	-0.0441554	-0.0472465
360	44268	0.257127	-0.0267763	-0.0447802	-0.0472465
361	45012	0.261632	-0.0267763	-0.0447145	-0.0472465
362	45756	0.274391	-0.0267763	-0.0394201	-0.0472465
363	46500	0.270017	-0.0267763	-0.0457996	-0.0472465
364	47244	0.274095	-0.0267763	-0.0405382	-0.0472465
365	47988	0.255614	-0.0267763	-0.0462929	-0.0472465
366	48732	0.264657	-0.0267763	-0.0393544	-0.0472465
367	49476	0.278633	-0.0267763	-0.0399134	-0.0472465
368	50220	0.258311	-0.0267763	-0.043991	-0.0472465
369	50964	0.268571	-0.0267763	-0.0413274	-0.0472465
370	51708	0.259988	-0.0267763	-0.0461613	-0.0472465
371	52452	0.269853	-0.0267763	-0.0437608	-0.0472465
372	53196	0.263046	-0.0267763	-0.045964	-0.0472465
373	53940	0.265743	-0.0267763	-0.0424126	-0.0472465
374	54684	0.252096	-0.0267763	-0.0413603	-0.0472465
375	55428	0.265611	-0.0267763	-0.0377102	-0.0472465
376	56172	0.259692	-0.0267763	-0.0462929	-0.0472465
377	56916	0.279652	-0.0267763	-0.03919	-0.0472465
378	57660	0.270083	-0.0267763	-0.0438266	-0.0472465
379	58404	0.268899	-0.0267763	-0.0373156	-0.0472465
380	59148	0.277219	-0.0267763	-0.0444843	-0.0472465
381	59892	0.28304	-0.0267763	-0.0424126	-0.0472465
382	60636	0.264789	-0.0267763	-0.0451091	-0.0472465
383	61380	0.275509	-0.0267763	-0.0409657	-0.0472465
384	62124	0.279554	-0.0267763	-0.0429387	-0.0472465
385	62868	0.29376	-0.0267763	-0.0433004	-0.0472465
386	63612	0.265315	-0.0267763	-0.041722	-0.0472465
387	64356	0.280047	-0.0267763	-0.0443856	-0.0472465
388	65100	0.283335	-0.0267763	-0.0400449	-0.0472465
389	65844	0.270215	-0.0267763	-0.0403409	-0.0472465
390	66588	0.273207	-0.0267763	-0.0420837	-0.0472465
391	67332	0.282678	-0.0267763	-0.0456023	-0.0472465
392	68076	0.286196	-0.0267763	-0.0429058	-0.0472465
393	68820	0.276759	-0.0267763	-0.0438595	-0.0472465
394	69564	0.266433	-0.0267763	-0.0372169	-0.0472465
395	70308	0.273174	-0.0267763	-0.0406697	-0.0472465
396	71052	0.255022	-0.0267763	-0.0382692	-0.0472465
397	71796	0.272944	-0.0267763	-0.0389927	-0.0472465
398	72540	0.262027	-0.0267763	-0.0444185	-0.0472465
399	73284	0.252457	-0.0267763	-0.043991	-0.0472465
400	74028	0.256831	-0.0267763	-0.0481673	-0.0472465
401	74772	0.26492	-0.0267763	-0.0445172	-0.0472465
402	75516	0.266696	-0.0267763	-0.0389598	-0.0472465
403	76260	0.25522	-0.0267763	-0.0419851	-0.0472465
404	77004	0.265841	-0.0267763	-0.0447802	-0.0472465
405	77748	0.261468	-0.0267763	-0.0429058	-0.0472465
406	78492	0.265184	-0.0267763	-0.051061	-0.0472465
407	79236	0.261533	-0.0267763	-0.040604	-0.0472465
408	79980	0.268571	-0.0267763	-0.0409328	-0.0472465
409	80724	0.275937	-0.0267763	-0.0389598	-0.0472465
410	81468	0.259232	-0.0267763	-0.0395846	-0.0472465
411	82212	0.261007	-0.0267763	-0.0438595	-0.0472465
412	82956	0.248084	-0.0267763	-0.0395517	-0.0472465
413	83700	0.260185	-0.0267763	-0.0457667	-0.0472465
414	84444	0.259659	-0.0267763	-0.0402751	-0.0472465
415	85188	0.2713	-0.0267763	-0.0397819	-0.0472465
416	85932	0.254726	-0.0267763	-0.0500416	-0.0472465
417	86676	0.266565	-0.0267763	-0.0409986	-0.0472465
418	87420	0.27643	-0.0267763	-0.0451748	-0.0472465
419	88164	0.268899	-0.0267763	-0.0396832	-0.0472465
420	88908	0.272648	-0.0267763	-0.0389598	-0.0472465
421	89652	0.266729	-0.0267763	-0.041163	-0.0472465
422	90396	0.250813	-0.0267763	-0.039453	-0.0472465
423	91140	0.276956	-0.0267763	-0.0378746	-0.0472465
424	91884	0.268867	-0.0267763	-0.042018	-0.0472465
425	92628	0.265085	-0.0267763	-0.0381048	-0.0472465
426	93372	0.282678	-0.0267763	-0.0379075	-0.0472465
427	94116	0.269064	-0.0267763	-0.0436293	-0.0472465
428	94860	0.265841	-0.0267763	-0.0360002	-0.0472465
429	95604	0.261303	-0.0267763	-0.0426428	-0.0472465
430	96348	0.249794	-0.0267763	-0.0381706	-0.0472465
431	97092	0.260119	-0.0267763	-0.0452077	-0.0472465
432	97836	0.254036	-0.0267763	-0.037776	-0.0472465
433	98580	0.25568	-0.0267763	-0.0416563	-0.0472465
434	99324	0.257291	-0.0267763	-0.0468519	-0.0472465
435	100068	0.266861	-0.0267763	-0.0432676	-0.0472465
436	100812	0.268242	-0.0267763	-0.0424455	-0.0472465
437	101556	0.272878	-0.0267763	-0.0420509	-0.0472465
438	102300	0.276134	-0.0267763	-0.0378746	-0.0472465
439	103044	0.273141	-0.0267763	-0.0382692	-0.0472465
440	103788	0.269952	-0.0267763	-0.0418207	-0.0472465
441	104532	0.27301	-0.0267763	-0.0426099	-0.0472465
442	105276	0.278337	-0.0267763	-0.0442541	-0.0472465
443	106020	0.249728	-0.0267763	-0.043136	-0.0472465
444	106764	0.26913	-0.0267763	-0.0424126	-0.0472465
445	107508	0.279554	-0.0267763	-0.0423139	-0.0472465
446	108252	0.278238	-0.0267763	-0.0421824	-0.0472465
447	108996	0.273635	-0.0267763	-0.0391571	-0.0472465
448	109740	0.270741	-0.0267763	-0.0379733	-0.0472465
449	110484	0.280409	-0.0267763	-0.0376444	-0.0472465
450	111228	0.26081	-0.0267763	-0.0416891	-0.0472465
451	111414	0.268176	-0.0267763	-0.0398476	-0.0472465
452	110670	0.253904	-0.0267763	-0.0450104	-0.0472465
453	109926	0.262553	-0.0267763	-0.0440568	-0.0472465
454	109182	0.266795	-0.0267763	-0.0420837	-0.0472465
455	108438	0.276792	-0.0267763	-0.0407355	-0.0472465
456	107694	0.26765	-0.0267763	-0.0427743	-0.0472465
457	106950	0.264592	-0.0267763	-0.0440568	-0.0472465
458	106206	0.275871	-0.0267763	-0.0449446	-0.0472465
459	105462	0.261994	-0.0267763	-0.0392557	-0.0472465
460	104718	0.260974	-0.0267763	-0.0432347	-0.0472465
461	103974	0.268406	-0.0267763	-0.0394201	-0.0472465
462	103230	0.266696	-0.0267763	-0.043432	-0.0472465
463	102486	0.277416	-0.0267763	-0.0453064	-0.0472465
464	101742	0.260876	-0.0267763	-0.0467204	-0.0472465
465	100998	0.267551	-0.0267763	-0.0413932	-0.0472465
466	100254	0.271366	-0.0267763	-0.0438924	-0.0472465
467	99510	0.249991	-0.0267763	-0.039749	-0.0472465
468	98766	0.260547	-0.0267763	-0.0414918	-0.0472465
469	98022	0.249991	-0.0267763	-0.0393873	-0.0472465
470	97278	0.274029	-0.0267763	-0.0387625	-0.0472465
471	96534	0.270478	-0.0267763	-0.0408999	-0.0472465
472	95790	0.272845	-0.0267763	-0.0370525	-0.0472465
473	95046	0.260185	-0.0267763	-0.035507	-0.0472465
474	94302	0.270379	-0.0267763	-0.0438595	-0.0472465
475	93558	0.252523	-0.0267763	-0.0379075	-0.0472465
476	92814	0.268768	-0.0267763	-0.0416234	-0.0472465
477	92070	0.27347	-0.0267763	-0.0443198	-0.0472465
478	91326	0.275082	-0.0267763	-0.040308	-0.0472465
479	90582	0.269689	-0.0267763	-0.0392886	-0.0472465
480	89838	0.261172	-0.0267763	-0.038335	-0.0472465
481	89094	0.261501	-0.0267763	-0.0465231	-0.0472465
482	88350	0.267485	-0.0267763	-0.0418864	-0.0472465
483	87606	0.236805	-0.0267763	-0.0402751	-0.0472465
484	86862	0.24884	-0.0267763	-0.0433991	-0.0472465
485	86118	0.256535	-0.0267763	-0.0423797	-0.0472465
486	85374	0.258508	-0.0267763	-0.0437608	-0.0472465
487	84630	0.271267	-0.0267763	-0.0375787	-0.0472465
488	83886	0.273668	-0.0267763	-0.0419193	-0.0472465
489	83142	0.274753	-0.0267763	-0.0418864	-0.0472465
490	82398	0.275378	-0.0267763	-0.0411959	-0.0472465
491	81654	0.270708	-0.0267763	-0.0466546	-0.0472465
492	80910	0.279554	-0.0267763	-0.0436293	-0.0472465
493	80166	0.260481	-0.0267763	-0.0448131	-0.0472465
494	79422	0.278633	-0.0267763	-0.0432676	-0.0472465
495	78678	0.276693	-0.0267763	-0.0384336	-0.0472465
496	77934	0.277942	-0.0267763	-0.0411959	-0.0472465
497	77190	0.279718	-0.0267763	-0.0415247	-0.0472465
498	76446	0.283796	-0.0267763	-0.0420509	-0.0472465
499	75702	0.276824	-0.0267763	-0.0466875	-0.0472465
500	74958	0.28133	-0.0267763	-0.0412945	-0.0472465
501	74214	0.277548	-0.0267763	-0.043432	-0.0472465
502	73470	0.280672	-0.0267763	-0.0423139	-0.0472465
503	72726	0.284092	-0.0267763	-0.0405711	-0.0472465
504	71982	0.277614	-0.0267763	-0.0436622	-0.0472465
505	71238	0.274358	-0.0267763	-0.0413274	-0.0472465
506	70494	0.26446	-0.0267763	-0.0360989	-0.0472465
507	69750	0.277975	-0.0267763	-0.0427414	-0.0472465
508	69006	0.284684	-0.0267763	-0.0403738	-0.0472465
509	68262	0.277153	-0.0267763	-0.0403738	-0.0472465
510	67518	0.265315	-0.0267763	-0.0379404	-0.0472465
511	66774	0.279883	-0.0267763	-0.0395188	-0.0472465
512	66030	0.259034	-0.0267763	-0.041722	-0.0472465
513	65286	0.258738	-0.0267763	-0.0404067	-0.0472465
514	64542	0.261961	-0.0267763	-0.040308	-0.0472465
515	63798	0.277975	-0.0267763	-0.040867	-0.0472465
516	63054	0.266006	-0.0267763	-0.0437937	-0.0472465
517	62310	0.270017	-0.0267763	-0.0405053	-0.0472465
518	61566	0.266269	-0.0267763	-0.0451091	-0.0472465
519	60822	0.265381	-0.0267763	-0.0416891	-0.0472465
520	60078	0.24986	-0.0267763	-0.0428072	-0.0472465
521	59334	0.255844	-0.0267763	-0.0450104	-0.0472465
522	58590	0.242625	-0.0267763	-0.0401107	-0.0472465
523	57846	0.25614	-0.0267763	-0.0416563	-0.0472465
524	57102	0.254792	-0.0267763	-0.0393215	-0.0472465
525	56358	0.254562	-0.0267763	-0.0408013	-0.0472465
526	55614	0.252129	-0.0267763	-0.040604	-0.0472465
527	54870	0.263309	-0.0267763	-0.0435964	-0.0472465
528	54126	0.260613	-0.0267763	-0.0437937	-0.0472465
529	53382	0.268998	-0.0267763	-0.0433991	-0.0472465
530	52638	0.260218	-0.0267763	-0.0388611	-0.0472465
531	51894	0.273405	-0.0267763	-0.0395517	-0.0472465
532	51150	0.265118	-0.0267763	-0.0434649	-0.0472465
533	50406	0.262651	-0.0267763	-0.0381377	-0.0472465
534	49662	0.263474	-0.0267763	-0.0408013	-0.0472465
535	48918	0.259363	-0.0267763	-0.0340272	-0.0472465
536	48174	0.264559	-0.0267763	-0.03748	-0.0472465
537	47430	0.270083	-0.0267763	-0.0441883	-0.0472465
538	46686	0.285637	-0.0267763	-0.0396503	-0.0472465
539	45942	0.270872	-0.0267763	-0.0385981	-0.0472465
540	45198	0.271695	-0.0267763	-0.042018	-0.0472465
541	44454	0.277351	-0.0267763	-0.0392228	-0.0472465
542	43710	0.276923	-0.0267763	-0.0356056	-0.0472465
543	42966	0.271431	-0.0267763	-0.0450433	-0.0472465
544	42222	0.274358	-0.0267763	-0.0444514	-0.0472465
545	41478	0.26104	-0.0267763	-0.0465888	-0.0472465
546	40734	0.267157	-0.0267763	-0.0484303	-0.0472465
547	39990	0.275114	-0.0267763	-0.0407684	-0.0472465
548	39246	0.279192	-0.0267763	-0.0445172	-0.0472465
549	38502	0.267288	-0.0267763	-0.0422153	-0.0472465
550	37758	0.264427	-0.0267763	-0.0381706	-0.0472465
551	37014	0.261369	-0.0267763	-0.0405382	-0.0472465
552	36270	0.265545	-0.0267763	-0.0394201	-0.0472465
553	35526	0.263243	-0.0267763	-0.0469177	-0.0472465
554	34782	0.274983	-0.0267763	-0.040604	-0.0472465
555	34038	0.274194	-0.0267763	-0.0388282	-0.0472465
556	33294	0.261599	-0.0267763	-0.0395846	-0.0472465
557	32550	0.265216	-0.0267763	-0.0394859	-0.0472465
558	31806	0.256601	-0.0267763	-0.0384665	-0.0472465
559	31062	0.27495	-0.0267763	-0.0380061	-0.0472465
560	30318	0.270905	-0.0267763	-0.0430703	-0.0472465
561	29574	0.263506	-0.0267763	-0.0395188	-0.0472465
562	28830	0.263605	-0.0267763	-0.0436622	-0.0472465
563	28086	0.259823	-0.0267763	-0.0385652	-0.0472465
564	27342	0.254595	-0.0267763	-0.040604	-0.0472465
565	26598	0.259495	-0.0267763	-0.0350466	-0.0472465
566	25854	0.269031	-0.0267763	-0.0357372	-0.0472465
567	25110	0.229044	-0.0267763	-0.0422153	-0.0472465
568	24366	0.244565	-0.0267763	-0.0409986	-0.0472465
569	23622	0.258738	-0.0267763	-0.0381377	-0.0472465
570	22878	0.254529	-0.0267763	-0.0342245	-0.0472465
571	22134	0.259823	-0.0267763	-0.0365593	-0.0472465
572	21390	0.25568	-0.0267763	-0.039749	-0.0472465
573	20646	0.244204	-0.0267763	-0.0354741	-0.0472465
574	19902	0.266071	-0.0267763	-0.0387954	-0.0472465
575	19158	0.255713	-0.0267763	-0.0388611	-0.0472465
576	18414	0.24884	-0.0267763	-0.0392886	-0.0472465
577	17670	0.264657	-0.0267763	-0.0366908	-0.0472465
578	16926	0.266762	-0.0267763	-0.0361646	-0.0472465
579	16182	0.256667	-0.0267763	-0.0418536	-0.0472465
580	15438	0.260941	-0.0267763	-0.0386309	-0.0472465
581	14694	0.25716	-0.0267763	-0.0379075	-0.0472465
582	13950	0.249728	-0.0267763	-0.0372498	-0.0472465
583	13206	0.23858	-0.0267763	-0.0432018	-0.0472465
584	12462	0.24223	-0.0267763	-0.042018	-0.0472465
585	11718	0.240093	-0.0267763	-0.0419851	-0.0472465
586	10974	0.245979	-0.0267763	-0.0431689	-0.0472465
587	10230	0.232234	-0.0267763	-0.042281	-0.0472465
588	9486	0.261533	-0.0267763	-0.0422482	-0.0472465
589	8742	0.266598	-0.0267763	-0.0391242	-0.0472465
590	7998	0.236377	-0.0267763	-0.0353425	-0.0472465
591	7254	0.247591	-0.0267763	-0.0395517	-0.0472465
592	6510	0.27084	-0.0267763	-0.035507	-0.0472465
593	5766	0.251208	-0.0267763	-0.0398805	-0.0472465
594	5022	0.259955	-0.0267763	-0.0378088	-0.0472465
595	4278	0.249761	-0.0267763	-0.0419851	-0.0472465
596	3534	0.250583	-0.0267763	-0.0440897	-0.0472465
597	2790	0.245618	-0.0267763	-0.0419851	-0.0472465
598	2046	0.251274	-0.0267763	-0.0398148	-0.0472465
599	1302	0.241376	-0.0267763	-0.0392886	-0.0472465
600	558	0.272385	-0.0236622	-0.0449446	-0.0460989
