# Filename	2016-09-22\25_delay.txt
# Date	2016-09-22
# Title	DL-Pro & DL-100 Locked delay scan.
# DL-Pro	365872.6 GHz
# DL-100	365856.7 GHz
# Static	3000 mV Pulsed
# MWOn	On
# MWf	15932.0 MHz
# Attn	38 dB
# FixedAttn	6 dB
# B2	B2 = T2 + 2.050 us
# HP214B	HP 214B FIP at 5.5 on 100V setting ; Applied to Top ; Mesh & Vin of MCP @ +25V ; Vout of MCP @ +2025 V
# Oven	32 A
# Boxcar	Gate = 200 ns ; Amp = 25x ; Sensitivity = 5 mV
# Offset	+/- 30 mV IR/Oven offset.
# Bias	Top: 0 V ; Bot: -0.409 V ; IR: +0.052 V ; Oven: -0.052 V ; Vis: -0.011 V ; MW: +0.011 V
# Passes	4
i	step	norm	nbackground	signal	sbackground
0	0	0.281757	-0.0233202	-0.0414918	-0.0465855
1	744	0.259955	-0.0233202	-0.0450762	-0.0465855
2	1488	0.253411	-0.0233202	-0.0423797	-0.0465855
3	2232	0.253575	-0.0233202	-0.0423468	-0.0465855
4	2976	0.249169	-0.0233202	-0.0489236	-0.0465855
5	3720	0.258936	-0.0233202	-0.0435306	-0.0465855
6	4464	0.239962	-0.0233202	-0.0421495	-0.0465855
7	5208	0.245683	-0.0233202	-0.0449775	-0.0465855
8	5952	0.256535	-0.0233202	-0.0431031	-0.0465855
9	6696	0.265216	-0.0233202	-0.0495813	-0.0465855
10	7440	0.244795	-0.0233202	-0.0488249	-0.0465855
11	8184	0.263342	-0.0233202	-0.0443198	-0.0465855
12	8928	0.237528	-0.0233202	-0.0416234	-0.0465855
13	9672	0.256239	-0.0233202	-0.0425112	-0.0465855
14	10416	0.266269	-0.0233202	-0.0471807	-0.0465855
15	11160	0.252885	-0.0233202	-0.0442541	-0.0465855
16	11904	0.263276	-0.0233202	-0.0438266	-0.0465855
17	12648	0.252885	-0.0233202	-0.0420837	-0.0465855
18	13392	0.25055	-0.0233202	-0.0403738	-0.0465855
19	14136	0.253608	-0.0233202	-0.0418207	-0.0465855
20	14880	0.250287	-0.0233202	-0.0458325	-0.0465855
21	15624	0.2591	-0.0233202	-0.0384007	-0.0465855
22	16368	0.252819	-0.0233202	-0.045701	-0.0465855
23	17112	0.270412	-0.0233202	-0.041722	-0.0465855
24	17856	0.267288	-0.0233202	-0.0415905	-0.0465855
25	18600	0.246604	-0.0233202	-0.0449446	-0.0465855
26	19344	0.254134	-0.0233202	-0.0451091	-0.0465855
27	20088	0.249761	-0.0233202	-0.0431031	-0.0465855
28	20832	0.261172	-0.0233202	-0.0421495	-0.0465855
29	21576	0.259067	-0.0233202	-0.0405382	-0.0465855
30	22320	0.273109	-0.0233202	-0.0466546	-0.0465855
31	23064	0.269557	-0.0233202	-0.037776	-0.0465855
32	23808	0.245387	-0.0233202	-0.0421495	-0.0465855
33	24552	0.254628	-0.0233202	-0.0392557	-0.0465855
34	25296	0.241869	-0.0233202	-0.0470492	-0.0465855
35	26040	0.244105	-0.0233202	-0.0467533	-0.0465855
36	26784	0.257949	-0.0233202	-0.044846	-0.0465855
37	27528	0.269524	-0.0233202	-0.0447802	-0.0465855
38	28272	0.273536	-0.0233202	-0.045964	-0.0465855
39	29016	0.25591	-0.0233202	-0.045701	-0.0465855
40	29760	0.245157	-0.0233202	-0.0458983	-0.0465855
41	30504	0.268242	-0.0233202	-0.0447145	-0.0465855
42	31248	0.257291	-0.0233202	-0.0415576	-0.0465855
43	31992	0.268636	-0.0233202	-0.0447802	-0.0465855
44	32736	0.258738	-0.0233202	-0.0418207	-0.0465855
45	33480	0.25374	-0.0233202	-0.0368552	-0.0465855
46	34224	0.279521	-0.0233202	-0.0450433	-0.0465855
47	34968	0.25739	-0.0233202	-0.0416234	-0.0465855
48	35712	0.261435	-0.0233202	-0.0469177	-0.0465855
49	36456	0.25545	-0.0233202	-0.0469506	-0.0465855
50	37200	0.265052	-0.0233202	-0.0420509	-0.0465855
51	37944	0.266861	-0.0233202	-0.0409328	-0.0465855
52	38688	0.25328	-0.0233202	-0.0466217	-0.0465855
53	39432	0.252161	-0.0233202	-0.0393873	-0.0465855
54	40176	0.253937	-0.0233202	-0.0415905	-0.0465855
55	40920	0.259692	-0.0233202	-0.0441883	-0.0465855
56	41664	0.242987	-0.0233202	-0.0432347	-0.0465855
57	42408	0.251898	-0.0233202	-0.0412288	-0.0465855
58	43152	0.250484	-0.0233202	-0.0380719	-0.0465855
59	43896	0.242822	-0.0233202	-0.0440239	-0.0465855
60	44640	0.255483	-0.0233202	-0.0412945	-0.0465855
61	45384	0.267485	-0.0233202	-0.0432347	-0.0465855
62	46128	0.254924	-0.0233202	-0.0419193	-0.0465855
63	46872	0.271431	-0.0233202	-0.0431031	-0.0465855
64	47616	0.261435	-0.0233202	-0.0455366	-0.0465855
65	48360	0.261007	-0.0233202	-0.0438924	-0.0465855
66	49104	0.254562	-0.0233202	-0.0400778	-0.0465855
67	49848	0.271629	-0.0233202	-0.0438266	-0.0465855
68	50592	0.270774	-0.0233202	-0.0386309	-0.0465855
69	51336	0.276923	-0.0233202	-0.03919	-0.0465855
70	52080	0.289485	-0.0233202	-0.045405	-0.0465855
71	52824	0.265611	-0.0233202	-0.0421495	-0.0465855
72	53568	0.263671	-0.0233202	-0.0420837	-0.0465855
73	54312	0.269886	-0.0233202	-0.0441554	-0.0465855
74	55056	0.273207	-0.0233202	-0.0395188	-0.0465855
75	55800	0.27324	-0.0233202	-0.0439581	-0.0465855
76	56544	0.279357	-0.0233202	-0.0336984	-0.0465855
77	57288	0.274259	-0.0233202	-0.0442212	-0.0465855
78	58032	0.268044	-0.0233202	-0.0468848	-0.0465855
79	58776	0.275575	-0.0233202	-0.0395846	-0.0465855
80	59520	0.266466	-0.0233202	-0.0429387	-0.0465855
81	60264	0.262125	-0.0233202	-0.0394859	-0.0465855
82	61008	0.265808	-0.0233202	-0.0384007	-0.0465855
83	61752	0.258048	-0.0233202	-0.0412288	-0.0465855
84	62496	0.26058	-0.0233202	-0.0487921	-0.0465855
85	63240	0.257653	-0.0233202	-0.0479042	-0.0465855
86	63984	0.273109	-0.0233202	-0.0374471	-0.0465855
87	64728	0.25249	-0.0233202	-0.039749	-0.0465855
88	65472	0.26663	-0.0233202	-0.0441883	-0.0465855
89	66216	0.26594	-0.0233202	-0.0434978	-0.0465855
90	66960	0.251931	-0.0233202	-0.0401436	-0.0465855
91	67704	0.271103	-0.0233202	-0.0430374	-0.0465855
92	68448	0.262619	-0.0233202	-0.0461285	-0.0465855
93	69192	0.263112	-0.0233202	-0.0440897	-0.0465855
94	69936	0.259067	-0.0233202	-0.0428401	-0.0465855
95	70680	0.252589	-0.0233202	-0.039749	-0.0465855
96	71424	0.257324	-0.0233202	-0.046819	-0.0465855
97	72168	0.260251	-0.0233202	-0.0459312	-0.0465855
98	72912	0.262586	-0.0233202	-0.0414261	-0.0465855
99	73656	0.270281	-0.0233202	-0.0401107	-0.0465855
100	74400	0.266565	-0.0233202	-0.0446487	-0.0465855
101	75144	0.276068	-0.0233202	-0.0448131	-0.0465855
102	75888	0.257883	-0.0233202	-0.0436951	-0.0465855
103	76632	0.261566	-0.0233202	-0.0412616	-0.0465855
104	77376	0.261599	-0.0233202	-0.0475425	-0.0465855
105	78120	0.268373	-0.0233202	-0.0387296	-0.0465855
106	78864	0.263934	-0.0233202	-0.0436293	-0.0465855
107	79608	0.268505	-0.0233202	-0.0438266	-0.0465855
108	80352	0.271464	-0.0233202	-0.044287	-0.0465855
109	81096	0.265249	-0.0233202	-0.0454379	-0.0465855
110	81840	0.263967	-0.0233202	-0.0397161	-0.0465855
111	82584	0.254496	-0.0233202	-0.0435964	-0.0465855
112	83328	0.262191	-0.0233202	-0.0415905	-0.0465855
113	84072	0.258409	-0.0233202	-0.0438924	-0.0465855
114	84816	0.278074	-0.0233202	-0.0453392	-0.0465855
115	85560	0.272714	-0.0233202	-0.0433004	-0.0465855
116	86304	0.263342	-0.0233202	-0.0422153	-0.0465855
117	87048	0.278403	-0.0233202	-0.040604	-0.0465855
118	87792	0.261829	-0.0233202	-0.0436293	-0.0465855
119	88536	0.260021	-0.0233202	-0.0427743	-0.0465855
120	89280	0.255318	-0.0233202	-0.0478055	-0.0465855
121	90024	0.268044	-0.0233202	-0.0395188	-0.0465855
122	90768	0.25374	-0.0233202	-0.0414589	-0.0465855
123	91512	0.26035	-0.0233202	-0.0418207	-0.0465855
124	92256	0.254759	-0.0233202	-0.0448131	-0.0465855
125	93000	0.267222	-0.0233202	-0.0408342	-0.0465855
126	93744	0.266006	-0.0233202	-0.0455037	-0.0465855
127	94488	0.267453	-0.0233202	-0.0436293	-0.0465855
128	95232	0.265545	-0.0233202	-0.0424783	-0.0465855
129	95976	0.266236	-0.0233202	-0.0453721	-0.0465855
130	96720	0.270445	-0.0233202	-0.0395517	-0.0465855
131	97464	0.264296	-0.0233202	-0.0461285	-0.0465855
132	98208	0.282513	-0.0233202	-0.0451091	-0.0465855
133	98952	0.263145	-0.0233202	-0.0440568	-0.0465855
134	99696	0.269853	-0.0233202	-0.0426428	-0.0465855
135	100440	0.268275	-0.0233202	-0.0494826	-0.0465855
136	101184	0.255812	-0.0233202	-0.0480357	-0.0465855
137	101928	0.272845	-0.0233202	-0.0497457	-0.0465855
138	102672	0.268932	-0.0233202	-0.0438595	-0.0465855
139	103416	0.279357	-0.0233202	-0.0466217	-0.0465855
140	104160	0.274325	-0.0233202	-0.0431031	-0.0465855
141	104904	0.266038	-0.0233202	-0.04626	-0.0465855
142	105648	0.255285	-0.0233202	-0.0402422	-0.0465855
143	106392	0.246505	-0.0233202	-0.0480357	-0.0465855
144	107136	0.263276	-0.0233202	-0.0462929	-0.0465855
145	107880	0.259133	-0.0233202	-0.0486934	-0.0465855
146	108624	0.256963	-0.0233202	-0.0466875	-0.0465855
147	109368	0.247985	-0.0233202	-0.049943	-0.0465855
148	110112	0.238317	-0.0233202	-0.0435306	-0.0465855
149	110856	0.238679	-0.0233202	-0.0506993	-0.0465855
150	111600	0.257686	-0.0233202	-0.0448789	-0.0465855
151	111042	0.245848	-0.0233202	-0.0484961	-0.0465855
152	110298	0.252951	-0.0233202	-0.0454708	-0.0465855
153	109554	0.253707	-0.0233202	-0.0437279	-0.0465855
154	108810	0.254726	-0.0233202	-0.0461613	-0.0465855
155	108066	0.250353	-0.0233202	-0.0466546	-0.0465855
156	107322	0.255022	-0.0233202	-0.0472794	-0.0465855
157	106578	0.255187	-0.0233202	-0.0419851	-0.0465855
158	105834	0.245026	-0.0233202	-0.0458654	-0.0465855
159	105090	0.27643	-0.0233202	-0.0428072	-0.0465855
160	104346	0.265019	-0.0233202	-0.0454379	-0.0465855
161	103602	0.267913	-0.0233202	-0.0458983	-0.0465855
162	102858	0.252194	-0.0233202	-0.0422482	-0.0465855
163	102114	0.25009	-0.0233202	-0.0492524	-0.0465855
164	101370	0.262816	-0.0233202	-0.0415576	-0.0465855
165	100626	0.256436	-0.0233202	-0.0475425	-0.0465855
166	99882	0.258015	-0.0233202	-0.0419193	-0.0465855
167	99138	0.25522	-0.0233202	-0.043432	-0.0465855
168	98394	0.259166	-0.0233202	-0.039749	-0.0465855
169	97650	0.267321	-0.0233202	-0.0381048	-0.0465855
170	96906	0.254365	-0.0233202	-0.0409657	-0.0465855
171	96162	0.2713	-0.0233202	-0.0436622	-0.0465855
172	95418	0.25864	-0.0233202	-0.04626	-0.0465855
173	94674	0.252326	-0.0233202	-0.0404724	-0.0465855
174	93930	0.255614	-0.0233202	-0.0446487	-0.0465855
175	93186	0.258574	-0.0233202	-0.0436293	-0.0465855
176	92442	0.261501	-0.0233202	-0.0466546	-0.0465855
177	91698	0.265381	-0.0233202	-0.0461942	-0.0465855
178	90954	0.261665	-0.0233202	-0.043432	-0.0465855
179	90210	0.263967	-0.0233202	-0.0446816	-0.0465855
180	89466	0.250879	-0.0233202	-0.047674	-0.0465855
181	88722	0.246341	-0.0233202	-0.0420837	-0.0465855
182	87978	0.249103	-0.0233202	-0.0418864	-0.0465855
183	87234	0.245289	-0.0233202	-0.0388282	-0.0465855
184	86490	0.24542	-0.0233202	-0.0456352	-0.0465855
185	85746	0.241014	-0.0233202	-0.0466875	-0.0465855
186	85002	0.244138	-0.0233202	-0.0479042	-0.0465855
187	84258	0.253608	-0.0233202	-0.0413932	-0.0465855
188	83514	0.256206	-0.0233202	-0.0393544	-0.0465855
189	82770	0.246012	-0.0233202	-0.0464244	-0.0465855
190	82026	0.244401	-0.0233202	-0.0451091	-0.0465855
191	81282	0.240093	-0.0233202	-0.0467533	-0.0465855
192	80538	0.251208	-0.0233202	-0.0457996	-0.0465855
193	79794	0.245354	-0.0233202	-0.0421495	-0.0465855
194	79050	0.257258	-0.0233202	-0.0451091	-0.0465855
195	78306	0.248511	-0.0233202	-0.0459969	-0.0465855
196	77562	0.245848	-0.0233202	-0.042281	-0.0465855
197	76818	0.257686	-0.0233202	-0.0467861	-0.0465855
198	76074	0.262191	-0.0233202	-0.0446487	-0.0465855
199	75330	0.257193	-0.0233202	-0.0471479	-0.0465855
200	74586	0.241869	-0.0233202	-0.0452406	-0.0465855
201	73842	0.236081	-0.0233202	-0.0415905	-0.0465855
202	73098	0.247722	-0.0233202	-0.044846	-0.0465855
203	72354	0.243645	-0.0233202	-0.0439252	-0.0465855
204	71610	0.254134	-0.0233202	-0.0462929	-0.0465855
205	70866	0.249333	-0.0233202	-0.041163	-0.0465855
206	70122	0.260448	-0.0233202	-0.0476411	-0.0465855
207	69378	0.262849	-0.0233202	-0.0508966	-0.0465855
208	68634	0.247097	-0.0233202	-0.0431689	-0.0465855
209	67890	0.249827	-0.0233202	-0.0470163	-0.0465855
210	67146	0.240159	-0.0233202	-0.0481015	-0.0465855
211	66402	0.24736	-0.0233202	-0.0457996	-0.0465855
212	65658	0.258804	-0.0233202	-0.0427085	-0.0465855
213	64914	0.267781	-0.0233202	-0.039749	-0.0465855
214	64170	0.259462	-0.0233202	-0.0429058	-0.0465855
215	63426	0.260514	-0.0233202	-0.0453721	-0.0465855
216	62682	0.24519	-0.0233202	-0.0472136	-0.0465855
217	61938	0.263539	-0.0233202	-0.0443198	-0.0465855
218	61194	0.270313	-0.0233202	-0.0463586	-0.0465855
219	60450	0.249991	-0.0233202	-0.042577	-0.0465855
220	59706	0.255516	-0.0233202	-0.0394859	-0.0465855
221	58962	0.2664	-0.0233202	-0.0441225	-0.0465855
222	58218	0.276989	-0.0233202	-0.0383679	-0.0465855
223	57474	0.274917	-0.0233202	-0.0410643	-0.0465855
224	56730	0.266598	-0.0233202	-0.0443527	-0.0465855
225	55986	0.270642	-0.0233202	-0.043991	-0.0465855
226	55242	0.282546	-0.0233202	-0.045701	-0.0465855
227	54498	0.286394	-0.0233202	-0.0492524	-0.0465855
228	53754	0.275213	-0.0233202	-0.0414261	-0.0465855
229	53010	0.272286	-0.0233202	-0.0479042	-0.0465855
230	52266	0.265118	-0.0233202	-0.0475425	-0.0465855
231	51522	0.276627	-0.0233202	-0.0460627	-0.0465855
232	50778	0.276167	-0.0233202	-0.0446487	-0.0465855
233	50034	0.276956	-0.0233202	-0.048233	-0.0465855
234	49290	0.280869	-0.0233202	-0.0501403	-0.0465855
235	48546	0.25785	-0.0233202	-0.0495155	-0.0465855
236	47802	0.263046	-0.0233202	-0.0508309	-0.0465855
237	47058	0.262191	-0.0233202	-0.0458654	-0.0465855
238	46314	0.257193	-0.0233202	-0.0375787	-0.0465855
239	45570	0.266565	-0.0233202	-0.0419851	-0.0465855
240	44826	0.2542	-0.0233202	-0.0360331	-0.0465855
241	44082	0.256634	-0.0233202	-0.0498115	-0.0465855
242	43338	0.251701	-0.0233202	-0.0464244	-0.0465855
243	42594	0.261764	-0.0233202	-0.0420837	-0.0465855
244	41850	0.249268	-0.0233202	-0.0478055	-0.0465855
245	41106	0.258311	-0.0233202	-0.0512583	-0.0465855
246	40362	0.251898	-0.0233202	-0.0436622	-0.0465855
247	39618	0.259034	-0.0233202	-0.0446816	-0.0465855
248	38874	0.267025	-0.0233202	-0.0415905	-0.0465855
249	38130	0.26742	-0.0233202	-0.0412945	-0.0465855
250	37386	0.257949	-0.0233202	-0.0438595	-0.0465855
251	36642	0.267518	-0.0233202	-0.0486934	-0.0465855
252	35898	0.2591	-0.0233202	-0.0528368	-0.0465855
253	35154	0.261336	-0.0233202	-0.0469506	-0.0465855
254	34410	0.265184	-0.0233202	-0.0457339	-0.0465855
255	33666	0.264756	-0.0233202	-0.0446158	-0.0465855
256	32922	0.257324	-0.0233202	-0.0501732	-0.0465855
257	32178	0.269162	-0.0233202	-0.0472465	-0.0465855
258	31434	0.262586	-0.0233202	-0.0437937	-0.0465855
259	30690	0.263967	-0.0233202	-0.0433004	-0.0465855
260	29946	0.249958	-0.0233202	-0.0454708	-0.0465855
261	29202	0.254233	-0.0233202	-0.0475425	-0.0465855
262	28458	0.246604	-0.0233202	-0.0526395	-0.0465855
263	27714	0.256535	-0.0233202	-0.0509624	-0.0465855
264	26970	0.26469	-0.0233202	-0.0482988	-0.0465855
265	26226	0.251898	-0.0233202	-0.0453064	-0.0465855
266	25482	0.23983	-0.0233202	-0.0424783	-0.0465855
267	24738	0.249958	-0.0233202	-0.0471807	-0.0465855
268	23994	0.249991	-0.0233202	-0.0438595	-0.0465855
269	23250	0.258081	-0.0233202	-0.0474767	-0.0465855
270	22506	0.257883	-0.0233202	-0.0413932	-0.0465855
271	21762	0.265381	-0.0233202	-0.0397819	-0.0465855
272	21018	0.256798	-0.0233202	-0.0430045	-0.0465855
273	20274	0.247722	-0.0233202	-0.0488578	-0.0465855
274	19530	0.275772	-0.0233202	-0.0445829	-0.0465855
275	18786	0.241573	-0.0233202	-0.0429058	-0.0465855
276	18042	0.259396	-0.0233202	-0.0433662	-0.0465855
277	17298	0.241935	-0.0233202	-0.0414261	-0.0465855
278	16554	0.258442	-0.0233202	-0.0488578	-0.0465855
279	15810	0.258804	-0.0233202	-0.0419851	-0.0465855
280	15066	0.266137	-0.0233202	-0.0368223	-0.0465855
281	14322	0.25716	-0.0233202	-0.0427085	-0.0465855
282	13578	0.245322	-0.0233202	-0.0449775	-0.0465855
283	12834	0.256864	-0.0233202	-0.0501732	-0.0465855
284	12090	0.254957	-0.0233202	-0.0399134	-0.0465855
285	11346	0.262158	-0.0233202	-0.0414261	-0.0465855
286	10602	0.265973	-0.0233202	-0.0413274	-0.0465855
287	9858	0.262224	-0.0233202	-0.0451419	-0.0465855
288	9114	0.255154	-0.0233202	-0.041722	-0.0465855
289	8370	0.237758	-0.0233202	-0.0473123	-0.0465855
290	7626	0.25522	-0.0233202	-0.043432	-0.0465855
291	6882	0.256568	-0.0233202	-0.0424126	-0.0465855
292	6138	0.258344	-0.0233202	-0.0436622	-0.0465855
293	5394	0.248643	-0.0233202	-0.0460956	-0.0465855
294	4650	0.254496	-0.0233202	-0.0463586	-0.0465855
295	3906	0.234305	-0.0233202	-0.0459312	-0.0465855
296	3162	0.255318	-0.0233202	-0.0441554	-0.0465855
297	2418	0.244204	-0.0233202	-0.0464244	-0.0465855
298	1674	0.254332	-0.0233202	-0.0433333	-0.0465855
299	930	0.245289	-0.0233202	-0.0405053	-0.0465855
300	186	0.228419	-0.0233202	-0.0395188	-0.0465855
301	372	0.250188	-0.0233202	-0.03919	-0.0465855
302	1116	0.244993	-0.0233202	-0.0451419	-0.0465855
303	1860	0.247887	-0.0233202	-0.0449446	-0.0465855
304	2604	0.247097	-0.0233202	-0.0454379	-0.0465855
305	3348	0.239304	-0.0233202	-0.043432	-0.0465855
306	4092	0.238153	-0.0233202	-0.0451091	-0.0465855
307	4836	0.259659	-0.0233202	-0.0439252	-0.0465855
308	5580	0.258705	-0.0233202	-0.0479371	-0.0465855
309	6324	0.254365	-0.0233202	-0.0467204	-0.0465855
310	7068	0.249235	-0.0233202	-0.0500088	-0.0465855
311	7812	0.249662	-0.0233202	-0.0457996	-0.0465855
312	8556	0.246637	-0.0233202	-0.0420509	-0.0465855
313	9300	0.252753	-0.0233202	-0.0376115	-0.0465855
314	10044	0.261829	-0.0233202	-0.0413274	-0.0465855
315	10788	0.251011	-0.0233202	-0.0411959	-0.0465855
316	11532	0.266433	-0.0233202	-0.0453064	-0.0465855
317	12276	0.259659	-0.0233202	-0.0444514	-0.0465855
318	13020	0.244894	-0.0233202	-0.0482988	-0.0465855
319	13764	0.249268	-0.0233202	-0.0426099	-0.0465855
320	14508	0.272484	-0.0233202	-0.0399463	-0.0465855
321	15252	0.247426	-0.0233202	-0.0443856	-0.0465855
322	15996	0.258541	-0.0233202	-0.0450433	-0.0465855
323	16740	0.263868	-0.0233202	-0.0436951	-0.0465855
324	17484	0.254957	-0.0233202	-0.0458983	-0.0465855
325	18228	0.257291	-0.0233202	-0.041722	-0.0465855
326	18972	0.261369	-0.0233202	-0.03919	-0.0465855
327	19716	0.260646	-0.0233202	-0.0441883	-0.0465855
328	20460	0.263605	-0.0233202	-0.0399463	-0.0465855
329	21204	0.255318	-0.0233202	-0.0433333	-0.0465855
330	21948	0.259462	-0.0233202	-0.0461285	-0.0465855
331	22692	0.262355	-0.0233202	-0.0461613	-0.0465855
332	23436	0.268636	-0.0233202	-0.0456023	-0.0465855
333	24180	0.253411	-0.0233202	-0.0376773	-0.0465855
334	24924	0.261435	-0.0233202	-0.0401107	-0.0465855
335	25668	0.2591	-0.0233202	-0.042281	-0.0465855
336	26412	0.271826	-0.0233202	-0.0398805	-0.0465855
337	27156	0.258442	-0.0233202	-0.0450762	-0.0465855
338	27900	0.252425	-0.0233202	-0.0421166	-0.0465855
339	28644	0.248939	-0.0233202	-0.0438924	-0.0465855
340	29388	0.266236	-0.0233202	-0.0441554	-0.0465855
341	30132	0.255121	-0.0233202	-0.0427414	-0.0465855
342	30876	0.268899	-0.0233202	-0.0429058	-0.0465855
343	31620	0.268801	-0.0233202	-0.0397819	-0.0465855
344	32364	0.265479	-0.0233202	-0.0361318	-0.0465855
345	33108	0.254365	-0.0233202	-0.0502718	-0.0465855
346	33852	0.268505	-0.0233202	-0.0461613	-0.0465855
347	34596	0.282382	-0.0233202	-0.0473452	-0.0465855
348	35340	0.263013	-0.0233202	-0.0443527	-0.0465855
349	36084	0.264427	-0.0233202	-0.0476411	-0.0465855
350	36828	0.257127	-0.0233202	-0.0412945	-0.0465855
351	37572	0.251865	-0.0233202	-0.0475096	-0.0465855
352	38316	0.268834	-0.0233202	-0.0459969	-0.0465855
353	39060	0.250123	-0.0233202	-0.0465888	-0.0465855
354	39804	0.260284	-0.0233202	-0.0456681	-0.0465855
355	40548	0.25887	-0.0233202	-0.0417878	-0.0465855
356	41292	0.280014	-0.0233202	-0.0443527	-0.0465855
357	42036	0.272418	-0.0233202	-0.0426757	-0.0465855
358	42780	0.273076	-0.0233202	-0.0455366	-0.0465855
359	43524	0.261961	-0.0233202	-0.042018	-0.0465855
360	44268	0.276496	-0.0233202	-0.0396175	-0.0465855
361	45012	0.276331	-0.0233202	-0.0398148	-0.0465855
362	45756	0.277778	-0.0233202	-0.0451748	-0.0465855
363	46500	0.268406	-0.0233202	-0.0409328	-0.0465855
364	47244	0.270544	-0.0233202	-0.0416891	-0.0465855
365	47988	0.265677	-0.0233202	-0.0494826	-0.0465855
366	48732	0.270346	-0.0233202	-0.0416891	-0.0465855
367	49476	0.261566	-0.0233202	-0.0434978	-0.0465855
368	50220	0.270379	-0.0233202	-0.0378088	-0.0465855
369	50964	0.266926	-0.0233202	-0.0464244	-0.0465855
370	51708	0.266729	-0.0233202	-0.0425112	-0.0465855
371	52452	0.262125	-0.0233202	-0.0421166	-0.0465855
372	53196	0.26913	-0.0233202	-0.0435635	-0.0465855
373	53940	0.26594	-0.0233202	-0.0398805	-0.0465855
374	54684	0.262158	-0.0233202	-0.0433991	-0.0465855
375	55428	0.259626	-0.0233202	-0.046819	-0.0465855
376	56172	0.271892	-0.0233202	-0.0381048	-0.0465855
377	56916	0.268867	-0.0233202	-0.0436622	-0.0465855
378	57660	0.263802	-0.0233202	-0.0420837	-0.0465855
379	58404	0.274588	-0.0233202	-0.0446487	-0.0465855
380	59148	0.257127	-0.0233202	-0.0506336	-0.0465855
381	59892	0.248051	-0.0233202	-0.0450104	-0.0465855
382	60636	0.263901	-0.0233202	-0.0469834	-0.0465855
383	61380	0.271103	-0.0233202	-0.0408342	-0.0465855
384	62124	0.247064	-0.0233202	-0.0475425	-0.0465855
385	62868	0.255812	-0.0233202	-0.0443527	-0.0465855
386	63612	0.267979	-0.0233202	-0.0452735	-0.0465855
387	64356	0.254365	-0.0233202	-0.0438924	-0.0465855
388	65100	0.251076	-0.0233202	-0.04455	-0.0465855
389	65844	0.257719	-0.0233202	-0.0483646	-0.0465855
390	66588	0.249794	-0.0233202	-0.0408999	-0.0465855
391	67332	0.269985	-0.0233202	-0.0451748	-0.0465855
392	68076	0.261994	-0.0233202	-0.0436293	-0.0465855
393	68820	0.259264	-0.0233202	-0.0348164	-0.0465855
394	69564	0.259264	-0.0233202	-0.0428401	-0.0465855
395	70308	0.266104	-0.0233202	-0.0474109	-0.0465855
396	71052	0.25568	-0.0233202	-0.0382034	-0.0465855
397	71796	0.253477	-0.0233202	-0.0398805	-0.0465855
398	72540	0.263145	-0.0233202	-0.0426757	-0.0465855
399	73284	0.238284	-0.0233202	-0.0451419	-0.0465855
400	74028	0.250386	-0.0233202	-0.0409986	-0.0465855
401	74772	0.258508	-0.0233202	-0.0469834	-0.0465855
402	75516	0.239468	-0.0233202	-0.0464244	-0.0465855
403	76260	0.249498	-0.0233202	-0.0400449	-0.0465855
404	77004	0.251997	-0.0233202	-0.0496142	-0.0465855
405	77748	0.257028	-0.0233202	-0.0416563	-0.0465855
406	78492	0.242165	-0.0233202	-0.0459312	-0.0465855
407	79236	0.253674	-0.0233202	-0.0462271	-0.0465855
408	79980	0.264756	-0.0233202	-0.0399463	-0.0465855
409	80724	0.249432	-0.0233202	-0.046556	-0.0465855
410	81468	0.244598	-0.0233202	-0.04455	-0.0465855
411	82212	0.241573	-0.0233202	-0.0445172	-0.0465855
412	82956	0.253871	-0.0233202	-0.0415247	-0.0465855
413	83700	0.25078	-0.0233202	-0.0430374	-0.0465855
414	84444	0.243908	-0.0233202	-0.0443856	-0.0465855
415	85188	0.243908	-0.0233202	-0.0489894	-0.0465855
416	85932	0.245618	-0.0233202	-0.0419522	-0.0465855
417	86676	0.258574	-0.0233202	-0.0454708	-0.0465855
418	87420	0.242	-0.0233202	-0.0418864	-0.0465855
419	88164	0.254365	-0.0233202	-0.0407355	-0.0465855
420	88908	0.248281	-0.0233202	-0.0422153	-0.0465855
421	89652	0.246834	-0.0233202	-0.0451091	-0.0465855
422	90396	0.271136	-0.0233202	-0.0457667	-0.0465855
423	91140	0.251274	-0.0233202	-0.0417549	-0.0465855
424	91884	0.259725	-0.0233202	-0.0410643	-0.0465855
425	92628	0.269162	-0.0233202	-0.043991	-0.0465855
426	93372	0.252326	-0.0233202	-0.0399463	-0.0465855
427	94116	0.263112	-0.0233202	-0.0417549	-0.0465855
428	94860	0.238219	-0.0233202	-0.0428072	-0.0465855
429	95604	0.242987	-0.0233202	-0.0423797	-0.0465855
430	96348	0.253839	-0.0233202	-0.0445829	-0.0465855
431	97092	0.244894	-0.0233202	-0.0447802	-0.0465855
432	97836	0.256601	-0.0233202	-0.0422153	-0.0465855
433	98580	0.237528	-0.0233202	-0.0413274	-0.0465855
434	99324	0.254365	-0.0233202	-0.0452406	-0.0465855
435	100068	0.244861	-0.0233202	-0.0410315	-0.0465855
436	100812	0.242691	-0.0233202	-0.0450433	-0.0465855
437	101556	0.253049	-0.0233202	-0.0458654	-0.0465855
438	102300	0.258081	-0.0233202	-0.0449446	-0.0465855
439	103044	0.261501	-0.0233202	-0.0438595	-0.0465855
440	103788	0.25374	-0.0233202	-0.0418536	-0.0465855
441	104532	0.238054	-0.0233202	-0.0431689	-0.0465855
442	105276	0.247032	-0.0233202	-0.0395517	-0.0465855
443	106020	0.233286	-0.0233202	-0.0430703	-0.0465855
444	106764	0.228518	-0.0233202	-0.0440239	-0.0465855
445	107508	0.229011	-0.0233202	-0.0494168	-0.0465855
446	108252	0.235424	-0.0233202	-0.0429387	-0.0465855
447	108996	0.254463	-0.0233202	-0.043432	-0.0465855
448	109740	0.239435	-0.0233202	-0.0413274	-0.0465855
449	110484	0.235818	-0.0233202	-0.0412288	-0.0465855
450	111228	0.233779	-0.0233202	-0.0435635	-0.0465855
451	111414	0.240488	-0.0233202	-0.0426428	-0.0465855
452	110670	0.222533	-0.0233202	-0.0448789	-0.0465855
453	109926	0.224473	-0.0233202	-0.0443527	-0.0465855
454	109182	0.255417	-0.0233202	-0.0416234	-0.0465855
455	108438	0.250451	-0.0233202	-0.0455694	-0.0465855
456	107694	0.246012	-0.0233202	-0.0421166	-0.0465855
457	106950	0.256403	-0.0233202	-0.0450433	-0.0465855
458	106206	0.24177	-0.0233202	-0.0443198	-0.0465855
459	105462	0.253378	-0.0233202	-0.0379075	-0.0465855
460	104718	0.261829	-0.0233202	-0.0420509	-0.0465855
461	103974	0.26446	-0.0233202	-0.0384665	-0.0465855
462	103230	0.258574	-0.0233202	-0.0452077	-0.0465855
463	102486	0.269228	-0.0233202	-0.0457339	-0.0465855
464	101742	0.244039	-0.0233202	-0.0440568	-0.0465855
465	100998	0.251142	-0.0233202	-0.0466546	-0.0465855
466	100254	0.244236	-0.0233202	-0.0430374	-0.0465855
467	99510	0.242954	-0.0233202	-0.0451419	-0.0465855
468	98766	0.244236	-0.0233202	-0.043136	-0.0465855
469	98022	0.236081	-0.0233202	-0.042873	-0.0465855
470	97278	0.242099	-0.0233202	-0.0416234	-0.0465855
471	96534	0.244302	-0.0233202	-0.0497128	-0.0465855
472	95790	0.257226	-0.0233202	-0.0464902	-0.0465855
473	95046	0.242658	-0.0233202	-0.0480028	-0.0465855
474	94302	0.239337	-0.0233202	-0.0464244	-0.0465855
475	93558	0.245322	-0.0233202	-0.0456023	-0.0465855
476	92814	0.249991	-0.0233202	-0.0459312	-0.0465855
477	92070	0.251241	-0.0233202	-0.0464244	-0.0465855
478	91326	0.262816	-0.0233202	-0.0402751	-0.0465855
479	90582	0.250287	-0.0233202	-0.0486605	-0.0465855
480	89838	0.259133	-0.0233202	-0.0404395	-0.0465855
481	89094	0.239238	-0.0233202	-0.0421824	-0.0465855
482	88350	0.253411	-0.0233202	-0.0454708	-0.0465855
483	87606	0.261237	-0.0233202	-0.0377431	-0.0465855
484	86862	0.267025	-0.0233202	-0.0466546	-0.0465855
485	86118	0.247295	-0.0233202	-0.0500088	-0.0465855
486	85374	0.244204	-0.0233202	-0.0446487	-0.0465855
487	84630	0.242658	-0.0233202	-0.0418864	-0.0465855
488	83886	0.235325	-0.0233202	-0.0472465	-0.0465855
489	83142	0.255812	-0.0233202	-0.0435635	-0.0465855
490	82398	0.259527	-0.0233202	-0.0466217	-0.0465855
491	81654	0.244236	-0.0233202	-0.0495155	-0.0465855
492	80910	0.254463	-0.0233202	-0.0512255	-0.0465855
493	80166	0.254299	-0.0233202	-0.0450433	-0.0465855
494	79422	0.268998	-0.0233202	-0.0443198	-0.0465855
495	78678	0.258837	-0.0233202	-0.0507651	-0.0465855
496	77934	0.247591	-0.0233202	-0.0489236	-0.0465855
497	77190	0.261895	-0.0233202	-0.0466875	-0.0465855
498	76446	0.250057	-0.0233202	-0.0453064	-0.0465855
499	75702	0.251438	-0.0233202	-0.0464902	-0.0465855
500	74958	0.246012	-0.0233202	-0.0447802	-0.0465855
501	74214	0.27084	-0.0233202	-0.0436293	-0.0465855
502	73470	0.264953	-0.0233202	-0.0405053	-0.0465855
503	72726	0.252753	-0.0233202	-0.0442541	-0.0465855
504	71982	0.260974	-0.0233202	-0.0476082	-0.0465855
505	71238	0.260974	-0.0233202	-0.0444843	-0.0465855
506	70494	0.262224	-0.0233202	-0.0441883	-0.0465855
507	69750	0.270215	-0.0233202	-0.0437937	-0.0465855
508	69006	0.272221	-0.0233202	-0.0444185	-0.0465855
509	68262	0.272681	-0.0233202	-0.0404067	-0.0465855
510	67518	0.272747	-0.0233202	-0.0430374	-0.0465855
511	66774	0.259955	-0.0233202	-0.0490222	-0.0465855
512	66030	0.249728	-0.0233202	-0.0483974	-0.0465855
513	65286	0.261237	-0.0233202	-0.0423139	-0.0465855
514	64542	0.252918	-0.0233202	-0.0444185	-0.0465855
515	63798	0.264361	-0.0233202	-0.0479042	-0.0465855
516	63054	0.266992	-0.0233202	-0.0412616	-0.0465855
517	62310	0.261698	-0.0233202	-0.0437937	-0.0465855
518	61566	0.261764	-0.0233202	-0.0455366	-0.0465855
519	60822	0.268965	-0.0233202	-0.0432018	-0.0465855
520	60078	0.266861	-0.0233202	-0.0439581	-0.0465855
521	59334	0.282941	-0.0233202	-0.044846	-0.0465855
522	58590	0.261961	-0.0233202	-0.0390584	-0.0465855
523	57846	0.255614	-0.0233202	-0.0472794	-0.0465855
524	57102	0.26035	-0.0233202	-0.0456352	-0.0465855
525	56358	0.27084	-0.0233202	-0.0412288	-0.0465855
526	55614	0.274062	-0.0233202	-0.0433004	-0.0465855
527	54870	0.274851	-0.0233202	-0.0427414	-0.0465855
528	54126	0.258048	-0.0233202	-0.0395846	-0.0465855
529	53382	0.26959	-0.0233202	-0.0448789	-0.0465855
530	52638	0.263276	-0.0233202	-0.0386967	-0.0465855
531	51894	0.269656	-0.0233202	-0.0448131	-0.0465855
532	51150	0.261829	-0.0233202	-0.0437279	-0.0465855
533	50406	0.254825	-0.0233202	-0.0443198	-0.0465855
534	49662	0.257357	-0.0233202	-0.0424455	-0.0465855
535	48918	0.246341	-0.0233202	-0.0417878	-0.0465855
536	48174	0.255022	-0.0233202	-0.0460298	-0.0465855
537	47430	0.238778	-0.0233202	-0.0450762	-0.0465855
538	46686	0.25933	-0.0233202	-0.0453064	-0.0465855
539	45942	0.241737	-0.0233202	-0.0488578	-0.0465855
540	45198	0.248709	-0.0233202	-0.0460298	-0.0465855
541	44454	0.247887	-0.0233202	-0.0473123	-0.0465855
542	43710	0.254562	-0.0233202	-0.0396175	-0.0465855
543	42966	0.230491	-0.0233202	-0.0474109	-0.0465855
544	42222	0.234305	-0.0233202	-0.0475425	-0.0465855
545	41478	0.230129	-0.0233202	-0.0517845	-0.0465855
546	40734	0.230491	-0.0233202	-0.0484632	-0.0465855
547	39990	0.242757	-0.0233202	-0.0457996	-0.0465855
548	39246	0.252885	-0.0233202	-0.0466546	-0.0465855
549	38502	0.253312	-0.0233202	-0.0465888	-0.0465855
550	37758	0.259166	-0.0233202	-0.0434978	-0.0465855
551	37014	0.260415	-0.0233202	-0.048529	-0.0465855
552	36270	0.26742	-0.0233202	-0.0433004	-0.0465855
553	35526	0.27324	-0.0233202	-0.0428072	-0.0465855
554	34782	0.270544	-0.0233202	-0.0484961	-0.0465855
555	34038	0.260514	-0.0233202	-0.0444514	-0.0465855
556	33294	0.277351	-0.0233202	-0.0429716	-0.0465855
557	32550	0.27518	-0.0233202	-0.0423139	-0.0465855
558	31806	0.255516	-0.0233202	-0.0429387	-0.0465855
559	31062	0.264394	-0.0233202	-0.0394201	-0.0465855
560	30318	0.268143	-0.0233202	-0.0440568	-0.0465855
561	29574	0.265151	-0.0233202	-0.0392886	-0.0465855
562	28830	0.273174	-0.0233202	-0.0474438	-0.0465855
563	28086	0.263408	-0.0233202	-0.0423468	-0.0465855
564	27342	0.257061	-0.0233202	-0.0415576	-0.0465855
565	26598	0.258771	-0.0233202	-0.0399134	-0.0465855
566	25854	0.245618	-0.0233202	-0.0436951	-0.0465855
567	25110	0.247821	-0.0233202	-0.0421824	-0.0465855
568	24366	0.250287	-0.0233202	-0.0430045	-0.0465855
569	23622	0.252194	-0.0233202	-0.0403738	-0.0465855
570	22878	0.264559	-0.0233202	-0.0495484	-0.0465855
571	22134	0.269524	-0.0233202	-0.0404395	-0.0465855
572	21390	0.252161	-0.0233202	-0.0414261	-0.0465855
573	20646	0.270478	-0.0233202	-0.0478713	-0.0465855
574	19902	0.258377	-0.0233202	-0.0475754	-0.0465855
575	19158	0.260119	-0.0233202	-0.0444514	-0.0465855
576	18414	0.252096	-0.0233202	-0.0500416	-0.0465855
577	17670	0.259166	-0.0233202	-0.0482659	-0.0465855
578	16926	0.264855	-0.0233202	-0.0439581	-0.0465855
579	16182	0.277383	-0.0233202	-0.0417878	-0.0465855
580	15438	0.261336	-0.0233202	-0.0459969	-0.0465855
581	14694	0.260021	-0.0233202	-0.0444185	-0.0465855
582	13950	0.27347	-0.0233202	-0.0469506	-0.0465855
583	13206	0.257686	-0.0233202	-0.0479371	-0.0465855
584	12462	0.256568	-0.0233202	-0.0419193	-0.0465855
585	11718	0.265677	-0.0233202	-0.0412945	-0.0465855
586	10974	0.270281	-0.0233202	-0.0402094	-0.0465855
587	10230	0.252063	-0.0233202	-0.0391242	-0.0465855
588	9486	0.259725	-0.0233202	-0.040867	-0.0465855
589	8742	0.256601	-0.0233202	-0.0417878	-0.0465855
590	7998	0.24108	-0.0233202	-0.0464902	-0.0465855
591	7254	0.264033	-0.0233202	-0.0475096	-0.0465855
592	6510	0.258541	-0.0233202	-0.0464902	-0.0465855
593	5766	0.252852	-0.0233202	-0.0492195	-0.0465855
594	5022	0.25864	-0.0233202	-0.0444514	-0.0465855
595	4278	0.242132	-0.0233202	-0.04797	-0.0465855
596	3534	0.244335	-0.0233202	-0.0448789	-0.0465855
597	2790	0.227235	-0.0233202	-0.0504034	-0.0465855
598	2046	0.251471	-0.0233202	-0.0483974	-0.0465855
599	1302	0.242132	-0.0233202	-0.0416234	-0.0465855
600	558	0.26229	-0.0262107	-0.0460627	-0.0481738
