-6.000000000000000000e+03 -2.797753027187936409e-03 1.021499043225108753e-03 9.888469615323243200e-01
-4.000000000000000000e+03 1.575421328593147596e-02 1.684557038569861652e-03 1.047735657572140600e+00
-3.000000000000000000e+03 2.701141830262139207e-02 -6.803549550873138002e-04 4.216216828824596030e-01
-2.000000000000000000e+03 4.154642468894681473e-02 1.336923724918216878e-03 7.668286906381787116e-01
-1.500000000000000000e+03 2.212401612465900516e-02 1.400911998729043387e-03 9.098145818151616160e-01
-1.000000000000000000e+03 1.587079029244032116e-02 1.543473758350617179e-03 7.293821074102464497e-01
-8.000000000000000000e+02 1.483482541393981065e-02 2.747263339706053874e-03 6.936145555400167195e-01
-6.000000000000000000e+02 1.349497111145495087e-02 1.222458072629621553e-03 8.005217648984348511e-01
-4.000000000000000000e+02 2.489512031915282891e-02 2.880209505493853267e-03 7.158085545779424574e-01
-3.000000000000000000e+02 3.136883967749556912e-02 2.607452235804212214e-03 8.554176720149817559e-01
-2.000000000000000000e+02 2.158129045196321635e-02 3.788310226299611890e-03 7.693328354181567796e-01
-1.500000000000000000e+02 2.690305773915935630e-02 3.749914195925294243e-03 7.962151186702089989e-01
-1.000000000000000000e+02 3.201148656628925726e-02 3.447041267978706146e-03 8.122631794836270291e-01
-5.000000000000000000e+01 4.459964446327261550e-02 1.712834074594234320e-03 1.024266926877888340e+00
0.000000000000000000e+00 5.622952241137898349e-02 9.065844235649952445e-04 9.114226923911937783e-01
0.000000000000000000e+00 6.635116262786602825e-02 1.335701841414542977e-03 1.056456081039141459e+00
5.000000000000000000e+01 4.222260834924002754e-02 6.908180416860200315e-04 6.836061829128333711e-01
1.000000000000000000e+02 4.805048983217797415e-02 -4.560855147303415069e-03 3.101865009718732802e-01
1.500000000000000000e+02 4.728197892555966592e-02 -3.855030273083550740e-03 3.289193818220925714e-01
2.000000000000000000e+02 3.372862585185177481e-02 -5.052475087242895915e-03 3.306687408350265089e-01
3.000000000000000000e+02 3.999929409242183181e-02 -3.509261875320019222e-03 3.033924331314975520e-01
4.000000000000000000e+02 3.578394843812385262e-02 -4.397117840461088611e-03 2.761899759008215050e-01
6.000000000000000000e+02 4.226948443819582291e-02 -3.950861412086907956e-03 1.778938803541605940e-01
8.000000000000000000e+02 4.983302420236564167e-02 -3.193665396450515691e-03 1.957864033982375240e-01
1.000000000000000000e+03 2.837884933865284301e-02 -2.666048591712333500e-03 2.673501980660308863e-01
1.500000000000000000e+03 7.312282051970167562e-03 -1.386607602532638570e-03 3.887150851900944559e-01
2.000000000000000000e+03 1.029790818452725083e-02 -1.942827312607595027e-03 3.108141882572991177e-01
3.000000000000000000e+03 -3.025332097839735813e-03 -3.504826311676507468e-04 5.101096813525913820e-01
4.000000000000000000e+03 6.022169533117808539e-03 7.232263199918429093e-04 1.039660681432216904e+00
6.000000000000000000e+03 8.152195569230344385e-03 7.155377709568128521e-04 9.907601866776226673e-01
