# Filename	14_delay.txt
# Date	2016-10-04
# Title	DL-Pro & DL-100 Locked delay scan.
# DL-Pro	365824.8 GHz
# DL-100	365808.9 GHz
# Static	-300 mV Pulsed
# MWOn	On
# MWf	15931.6 MHz
# Attn	32 dB
# FixedAttn	6 dB
# B2	B2 = T2 + 2.050 us
# HP214B	HP 214B FIP at 5.5 on 100V setting ; Applied to Top ; Mesh & Vin of MCP @ +25V ; Vout of MCP @ +2025 V
# Oven	32 A
# Boxcar	Gate = 200 ns ; Amp = 25x ; Sensitivity = 5 mV
# Offset	+/- 30 mV IR/Oven offset.
# Bias	Top: 0 V ; Bot: -0.480 V ; IR: +0.065 V ; Oven: -0.065 V ; Vis: -0.010 V ; MW: +0.010 V
# Passes	4
i	step	norm	nbackground	signal	sbackground
0	0	0.301093	-0.029282	-0.0377431	-0.0571742
1	744	0.27791	-0.029282	-0.0414918	-0.0571742
2	1488	0.288301	-0.029282	-0.0476082	-0.0571742
3	2232	0.262947	-0.029282	-0.0439581	-0.0571742
4	2976	0.276496	-0.029282	-0.0437279	-0.0571742
5	3720	0.278469	-0.029282	-0.0449446	-0.0571742
6	4464	0.275772	-0.029282	-0.0456352	-0.0571742
7	5208	0.271168	-0.029282	-0.0399463	-0.0571742
8	5952	0.272286	-0.029282	-0.0473452	-0.0571742
9	6696	0.273141	-0.029282	-0.0488578	-0.0571742
10	7440	0.27005	-0.029282	-0.0462929	-0.0571742
11	8184	0.270083	-0.029282	-0.043991	-0.0571742
12	8928	0.264953	-0.029282	-0.051061	-0.0571742
13	9672	0.256436	-0.029282	-0.0452406	-0.0571742
14	10416	0.268669	-0.029282	-0.046819	-0.0571742
15	11160	0.280902	-0.029282	-0.0407684	-0.0571742
16	11904	0.270478	-0.029282	-0.0459969	-0.0571742
17	12648	0.277318	-0.029282	-0.0447145	-0.0571742
18	13392	0.272122	-0.029282	-0.0455366	-0.0571742
19	14136	0.274786	-0.029282	-0.0486934	-0.0571742
20	14880	0.270642	-0.029282	-0.0401436	-0.0571742
21	15624	0.27278	-0.029282	-0.0432347	-0.0571742
22	16368	0.282316	-0.029282	-0.0489236	-0.0571742
23	17112	0.28156	-0.029282	-0.0468519	-0.0571742
24	17856	0.272418	-0.029282	-0.0516858	-0.0571742
25	18600	0.284947	-0.029282	-0.0510282	-0.0571742
26	19344	0.28156	-0.029282	-0.0428072	-0.0571742
27	20088	0.265381	-0.029282	-0.0501403	-0.0571742
28	20832	0.259955	-0.029282	-0.0437279	-0.0571742
29	21576	0.27005	-0.029282	-0.0507322	-0.0571742
30	22320	0.266334	-0.029282	-0.0526066	-0.0571742
31	23064	0.277877	-0.029282	-0.0473452	-0.0571742
32	23808	0.276167	-0.029282	-0.0477069	-0.0571742
33	24552	0.273964	-0.029282	-0.0487592	-0.0571742
34	25296	0.267683	-0.029282	-0.0470492	-0.0571742
35	26040	0.270872	-0.029282	-0.0406697	-0.0571742
36	26784	0.280211	-0.029282	-0.0462929	-0.0571742
37	27528	0.267551	-0.029282	-0.0464573	-0.0571742
38	28272	0.274588	-0.029282	-0.0497457	-0.0571742
39	29016	0.273536	-0.029282	-0.0450433	-0.0571742
40	29760	0.273799	-0.029282	-0.0434649	-0.0571742
41	30504	0.269064	-0.029282	-0.0463586	-0.0571742
42	31248	0.259758	-0.029282	-0.0471479	-0.0571742
43	31992	0.252951	-0.029282	-0.0445829	-0.0571742
44	32736	0.269557	-0.029282	-0.0436293	-0.0571742
45	33480	0.27495	-0.029282	-0.0464902	-0.0571742
46	34224	0.269689	-0.029282	-0.0438595	-0.0571742
47	34968	0.271103	-0.029282	-0.0419851	-0.0571742
48	35712	0.288893	-0.029282	-0.0453064	-0.0571742
49	36456	0.27255	-0.029282	-0.0453721	-0.0571742
50	37200	0.264986	-0.029282	-0.0467204	-0.0571742
51	37944	0.289156	-0.029282	-0.0526724	-0.0571742
52	38688	0.278765	-0.029282	-0.0409657	-0.0571742
53	39432	0.263802	-0.029282	-0.0444185	-0.0571742
54	40176	0.272648	-0.029282	-0.0432018	-0.0571742
55	40920	0.282744	-0.029282	-0.0456681	-0.0571742
56	41664	0.286723	-0.029282	-0.0456352	-0.0571742
57	42408	0.287413	-0.029282	-0.0463586	-0.0571742
58	43152	0.28396	-0.029282	-0.0451091	-0.0571742
59	43896	0.274391	-0.029282	-0.0425112	-0.0571742
60	44640	0.27472	-0.029282	-0.0436622	-0.0571742
61	45384	0.271727	-0.029282	-0.0394859	-0.0571742
62	46128	0.272714	-0.029282	-0.0445829	-0.0571742
63	46872	0.271037	-0.029282	-0.0462929	-0.0571742
64	47616	0.252655	-0.029282	-0.045964	-0.0571742
65	48360	0.274095	-0.029282	-0.0448131	-0.0571742
66	49104	0.27518	-0.029282	-0.045964	-0.0571742
67	49848	0.275147	-0.029282	-0.0443527	-0.0571742
68	50592	0.284947	-0.029282	-0.0463258	-0.0571742
69	51336	0.268834	-0.029282	-0.0475096	-0.0571742
70	52080	0.277811	-0.029282	-0.046556	-0.0571742
71	52824	0.275312	-0.029282	-0.0496142	-0.0571742
72	53568	0.288301	-0.029282	-0.0484303	-0.0571742
73	54312	0.281856	-0.029282	-0.0511268	-0.0571742
74	55056	0.276364	-0.029282	-0.0507322	-0.0571742
75	55800	0.290965	-0.029282	-0.0504691	-0.0571742
76	56544	0.298002	-0.029282	-0.048233	-0.0571742
77	57288	0.292379	-0.029282	-0.0475754	-0.0571742
78	58032	0.284026	-0.029282	-0.0508637	-0.0571742
79	58776	0.288761	-0.029282	-0.0402094	-0.0571742
80	59520	0.279652	-0.029282	-0.0446816	-0.0571742
81	60264	0.299712	-0.029282	-0.0513241	-0.0571742
82	61008	0.287906	-0.029282	-0.0482988	-0.0571742
83	61752	0.283138	-0.029282	-0.0483974	-0.0571742
84	62496	0.279126	-0.029282	-0.0514228	-0.0571742
85	63240	0.285868	-0.029282	-0.0505678	-0.0571742
86	63984	0.279291	-0.029282	-0.0475096	-0.0571742
87	64728	0.282744	-0.029282	-0.0433004	-0.0571742
88	65472	0.282908	-0.029282	-0.0504691	-0.0571742
89	66216	0.273306	-0.029282	-0.0523764	-0.0571742
90	66960	0.273372	-0.029282	-0.0509624	-0.0571742
91	67704	0.287084	-0.029282	-0.0447473	-0.0571742
92	68448	0.279718	-0.029282	-0.0444843	-0.0571742
93	69192	0.263835	-0.029282	-0.0461613	-0.0571742
94	69936	0.284552	-0.029282	-0.0474109	-0.0571742
95	70680	0.278074	-0.029282	-0.0443527	-0.0571742
96	71424	0.275246	-0.029282	-0.0469506	-0.0571742
97	72168	0.262092	-0.029282	-0.0423139	-0.0571742
98	72912	0.273273	-0.029282	-0.0459312	-0.0571742
99	73656	0.270544	-0.029282	-0.046819	-0.0571742
100	74400	0.272023	-0.029282	-0.0421166	-0.0571742
101	75144	0.261533	-0.029282	-0.0489565	-0.0571742
102	75888	0.272878	-0.029282	-0.0456352	-0.0571742
103	76632	0.266893	-0.029282	-0.0459969	-0.0571742
104	77376	0.271497	-0.029282	-0.0443856	-0.0571742
105	78120	0.275246	-0.029282	-0.0487263	-0.0571742
106	78864	0.272944	-0.029282	-0.0454379	-0.0571742
107	79608	0.266729	-0.029282	-0.0403409	-0.0571742
108	80352	0.279225	-0.029282	-0.04455	-0.0571742
109	81096	0.290701	-0.029282	-0.047115	-0.0571742
110	81840	0.264888	-0.029282	-0.0463915	-0.0571742
111	82584	0.272418	-0.029282	-0.0436951	-0.0571742
112	83328	0.282119	-0.029282	-0.0450433	-0.0571742
113	84072	0.277811	-0.029282	-0.0491209	-0.0571742
114	84816	0.277153	-0.029282	-0.0458983	-0.0571742
115	85560	0.27107	-0.029282	-0.0457667	-0.0571742
116	86304	0.274687	-0.029282	-0.0538562	-0.0571742
117	87048	0.280902	-0.029282	-0.0465888	-0.0571742
118	87792	0.276068	-0.029282	-0.0488578	-0.0571742
119	88536	0.276561	-0.029282	-0.0469834	-0.0571742
120	89280	0.276923	-0.029282	-0.0436951	-0.0571742
121	90024	0.284848	-0.029282	-0.0459969	-0.0571742
122	90768	0.27084	-0.029282	-0.0491209	-0.0571742
123	91512	0.288038	-0.029282	-0.0503376	-0.0571742
124	92256	0.288334	-0.029282	-0.0472465	-0.0571742
125	93000	0.290406	-0.029282	-0.0495155	-0.0571742
126	93744	0.273602	-0.029282	-0.046819	-0.0571742
127	94488	0.29376	-0.029282	-0.0492524	-0.0571742
128	95232	0.280113	-0.029282	-0.0489565	-0.0571742
129	95976	0.290208	-0.029282	-0.0483317	-0.0571742
130	96720	0.27199	-0.029282	-0.0504034	-0.0571742
131	97464	0.272747	-0.029282	-0.0554675	-0.0571742
132	98208	0.282776	-0.029282	-0.0456352	-0.0571742
133	98952	0.269426	-0.029282	-0.0511926	-0.0571742
134	99696	0.285045	-0.029282	-0.0529683	-0.0571742
135	100440	0.283664	-0.029282	-0.0504691	-0.0571742
136	101184	0.278436	-0.029282	-0.0468848	-0.0571742
137	101928	0.263704	-0.029282	-0.0476411	-0.0571742
138	102672	0.284519	-0.029282	-0.0532971	-0.0571742
139	103416	0.265216	-0.029282	-0.0403409	-0.0571742
140	104160	0.273306	-0.029282	-0.047115	-0.0571742
141	104904	0.277153	-0.029282	-0.0455037	-0.0571742
142	105648	0.270182	-0.029282	-0.0448789	-0.0571742
143	106392	0.28544	-0.029282	-0.0392557	-0.0571742
144	107136	0.271727	-0.029282	-0.0475425	-0.0571742
145	107880	0.29274	-0.029282	-0.0509953	-0.0571742
146	108624	0.264263	-0.029282	-0.0468848	-0.0571742
147	109368	0.271366	-0.029282	-0.0466875	-0.0571742
148	110112	0.276397	-0.029282	-0.0474109	-0.0571742
149	110856	0.265184	-0.029282	-0.0519818	-0.0571742
150	111600	0.274029	-0.029282	-0.0455694	-0.0571742
151	111042	0.285144	-0.029282	-0.0451419	-0.0571742
152	110298	0.282513	-0.029282	-0.0414918	-0.0571742
153	109554	0.278074	-0.029282	-0.0505349	-0.0571742
154	108810	0.267189	-0.029282	-0.0407684	-0.0571742
155	108066	0.273898	-0.029282	-0.0412616	-0.0571742
156	107322	0.292083	-0.029282	-0.0464573	-0.0571742
157	106578	0.28054	-0.029282	-0.0433004	-0.0571742
158	105834	0.262355	-0.029282	-0.0475754	-0.0571742
159	105090	0.267716	-0.029282	-0.04626	-0.0571742
160	104346	0.27643	-0.029282	-0.0452077	-0.0571742
161	103602	0.27712	-0.029282	-0.0464573	-0.0571742
162	102858	0.270971	-0.029282	-0.0495484	-0.0571742
163	102114	0.283105	-0.029282	-0.050502	-0.0571742
164	101370	0.283664	-0.029282	-0.0422153	-0.0571742
165	100626	0.285144	-0.029282	-0.0451419	-0.0571742
166	99882	0.277318	-0.029282	-0.0414261	-0.0571742
167	99138	0.270708	-0.029282	-0.0492524	-0.0571742
168	98394	0.263243	-0.029282	-0.0525079	-0.0571742
169	97650	0.294154	-0.029282	-0.0511268	-0.0571742
170	96906	0.259429	-0.029282	-0.0484632	-0.0571742
171	96162	0.267387	-0.029282	-0.0501403	-0.0571742
172	95418	0.266236	-0.029282	-0.0487263	-0.0571742
173	94674	0.269426	-0.029282	-0.0461942	-0.0571742
174	93930	0.273405	-0.029282	-0.047115	-0.0571742
175	93186	0.274358	-0.029282	-0.0412288	-0.0571742
176	92442	0.279126	-0.029282	-0.0539548	-0.0571742
177	91698	0.269853	-0.029282	-0.04626	-0.0571742
178	90954	0.273306	-0.029282	-0.0426099	-0.0571742
179	90210	0.287676	-0.029282	-0.0517845	-0.0571742
180	89466	0.289616	-0.029282	-0.0471479	-0.0571742
181	88722	0.286657	-0.029282	-0.0503376	-0.0571742
182	87978	0.28544	-0.029282	-0.044287	-0.0571742
183	87234	0.291721	-0.029282	-0.0441225	-0.0571742
184	86490	0.291984	-0.029282	-0.0406369	-0.0571742
185	85746	0.282974	-0.029282	-0.0426099	-0.0571742
186	85002	0.285473	-0.029282	-0.0456023	-0.0571742
187	84258	0.272319	-0.029282	-0.0395188	-0.0571742
188	83514	0.274194	-0.029282	-0.0372498	-0.0571742
189	82770	0.27449	-0.029282	-0.0451748	-0.0571742
190	82026	0.29205	-0.029282	-0.0429387	-0.0571742
191	81282	0.27985	-0.029282	-0.0460956	-0.0571742
192	80538	0.2859	-0.029282	-0.0433004	-0.0571742
193	79794	0.28133	-0.029282	-0.0463258	-0.0571742
194	79050	0.287249	-0.029282	-0.0401107	-0.0571742
195	78306	0.270478	-0.029282	-0.0437279	-0.0571742
196	77562	0.29182	-0.029282	-0.0440568	-0.0571742
197	76818	0.275016	-0.029282	-0.0413274	-0.0571742
198	76074	0.271399	-0.029282	-0.0437608	-0.0571742
199	75330	0.283993	-0.029282	-0.0444843	-0.0571742
200	74586	0.294746	-0.029282	-0.0409986	-0.0571742
201	73842	0.2786	-0.029282	-0.0448789	-0.0571742
202	73098	0.289156	-0.029282	-0.043136	-0.0571742
203	72354	0.278765	-0.029282	-0.0433333	-0.0571742
204	71610	0.282349	-0.029282	-0.0416891	-0.0571742
205	70866	0.289156	-0.029282	-0.0421166	-0.0571742
206	70122	0.272747	-0.029282	-0.0424783	-0.0571742
207	69378	0.275969	-0.029282	-0.0433662	-0.0571742
208	68634	0.28156	-0.029282	-0.0443856	-0.0571742
209	67890	0.283204	-0.029282	-0.0441225	-0.0571742
210	67146	0.27472	-0.029282	-0.0466217	-0.0571742
211	66402	0.270182	-0.029282	-0.0459969	-0.0571742
212	65658	0.277022	-0.029282	-0.0464244	-0.0571742
213	64914	0.264888	-0.029282	-0.0445829	-0.0571742
214	64170	0.271793	-0.029282	-0.0460956	-0.0571742
215	63426	0.278567	-0.029282	-0.0475425	-0.0571742
216	62682	0.272221	-0.029282	-0.0476411	-0.0571742
217	61938	0.274457	-0.029282	-0.0458983	-0.0571742
218	61194	0.266334	-0.029282	-0.0473452	-0.0571742
219	60450	0.287216	-0.029282	-0.0484303	-0.0571742
220	59706	0.259889	-0.029282	-0.0467204	-0.0571742
221	58962	0.274029	-0.029282	-0.0404067	-0.0571742
222	58218	0.263474	-0.029282	-0.0431031	-0.0571742
223	57474	0.273569	-0.029282	-0.0461942	-0.0571742
224	56730	0.259889	-0.029282	-0.0428401	-0.0571742
225	55986	0.268571	-0.029282	-0.0455037	-0.0571742
226	55242	0.272517	-0.029282	-0.0441554	-0.0571742
227	54498	0.285341	-0.029282	-0.048529	-0.0571742
228	53754	0.261369	-0.029282	-0.0498772	-0.0571742
229	53010	0.266203	-0.029282	-0.0503047	-0.0571742
230	52266	0.261073	-0.029282	-0.0477727	-0.0571742
231	51522	0.257456	-0.029282	-0.0473123	-0.0571742
232	50778	0.256732	-0.029282	-0.0499759	-0.0571742
233	50034	0.273076	-0.029282	-0.0499101	-0.0571742
234	49290	0.273372	-0.029282	-0.0417878	-0.0571742
235	48546	0.26765	-0.029282	-0.0423797	-0.0571742
236	47802	0.239074	-0.029282	-0.0495155	-0.0571742
237	47058	0.255614	-0.029282	-0.0460627	-0.0571742
238	46314	0.255647	-0.029282	-0.0492524	-0.0571742
239	45570	0.251898	-0.029282	-0.0474767	-0.0571742
240	44826	0.259429	-0.029282	-0.0444514	-0.0571742
241	44082	0.257719	-0.029282	-0.0405711	-0.0571742
242	43338	0.270544	-0.029282	-0.0467861	-0.0571742
243	42594	0.256305	-0.029282	-0.0439581	-0.0571742
244	41850	0.248939	-0.029282	-0.0424455	-0.0571742
245	41106	0.264263	-0.029282	-0.0471479	-0.0571742
246	40362	0.279192	-0.029282	-0.0459312	-0.0571742
247	39618	0.256667	-0.029282	-0.0437608	-0.0571742
248	38874	0.27666	-0.029282	-0.0487263	-0.0571742
249	38130	0.256535	-0.029282	-0.0433991	-0.0571742
250	37386	0.266367	-0.029282	-0.0466217	-0.0571742
251	36642	0.266236	-0.029282	-0.0427085	-0.0571742
252	35898	0.260613	-0.029282	-0.0467204	-0.0571742
253	35154	0.262849	-0.029282	-0.0429387	-0.0571742
254	34410	0.27883	-0.029282	-0.0433662	-0.0571742
255	33666	0.257193	-0.029282	-0.0425112	-0.0571742
256	32922	0.269458	-0.029282	-0.0461613	-0.0571742
257	32178	0.257456	-0.029282	-0.0401107	-0.0571742
258	31434	0.252293	-0.029282	-0.051653	-0.0571742
259	30690	0.266006	-0.029282	-0.0484303	-0.0571742
260	29946	0.266893	-0.029282	-0.044287	-0.0571742
261	29202	0.27176	-0.029282	-0.0424126	-0.0571742
262	28458	0.272517	-0.029282	-0.0404724	-0.0571742
263	27714	0.270017	-0.029282	-0.0430374	-0.0571742
264	26970	0.269261	-0.029282	-0.0403409	-0.0571742
265	26226	0.274983	-0.029282	-0.0469506	-0.0571742
266	25482	0.269261	-0.029282	-0.0455366	-0.0571742
267	24738	0.2518	-0.029282	-0.0446487	-0.0571742
268	23994	0.268834	-0.029282	-0.04455	-0.0571742
269	23250	0.271267	-0.029282	-0.0456352	-0.0571742
270	22506	0.263539	-0.029282	-0.0487263	-0.0571742
271	21762	0.279521	-0.029282	-0.045701	-0.0571742
272	21018	0.27643	-0.029282	-0.0520804	-0.0571742
273	20274	0.267913	-0.029282	-0.0457667	-0.0571742
274	19530	0.274884	-0.029282	-0.0451419	-0.0571742
275	18786	0.246045	-0.029282	-0.0457339	-0.0571742
276	18042	0.276364	-0.029282	-0.049088	-0.0571742
277	17298	0.267222	-0.029282	-0.0489894	-0.0571742
278	16554	0.279192	-0.029282	-0.0461285	-0.0571742
279	15810	0.273043	-0.029282	-0.0468519	-0.0571742
280	15066	0.260054	-0.029282	-0.0410643	-0.0571742
281	14322	0.279554	-0.029282	-0.0418536	-0.0571742
282	13578	0.256502	-0.029282	-0.0447802	-0.0571742
283	12834	0.270412	-0.029282	-0.0473123	-0.0571742
284	12090	0.25272	-0.029282	-0.0509295	-0.0571742
285	11346	0.25716	-0.029282	-0.0447145	-0.0571742
286	10602	0.267781	-0.029282	-0.0398805	-0.0571742
287	9858	0.271464	-0.029282	-0.0459312	-0.0571742
288	9114	0.265578	-0.029282	-0.0430703	-0.0571742
289	8370	0.249465	-0.029282	-0.0446158	-0.0571742
290	7626	0.268669	-0.029282	-0.0404067	-0.0571742
291	6882	0.242	-0.029282	-0.0495813	-0.0571742
292	6138	0.259692	-0.029282	-0.0507322	-0.0571742
293	5394	0.275016	-0.029282	-0.0457996	-0.0571742
294	4650	0.259133	-0.029282	-0.0512912	-0.0571742
295	3906	0.257522	-0.029282	-0.0500745	-0.0571742
296	3162	0.266006	-0.029282	-0.0378088	-0.0571742
297	2418	0.263572	-0.029282	-0.0441225	-0.0571742
298	1674	0.271399	-0.029282	-0.0450104	-0.0571742
299	930	0.280968	-0.029282	-0.0438924	-0.0571742
300	186	0.2664	-0.029282	-0.0413932	-0.0571742
301	372	0.267453	-0.029282	-0.04626	-0.0571742
302	1116	0.262355	-0.029282	-0.0449446	-0.0571742
303	1860	0.276857	-0.029282	-0.0463915	-0.0571742
304	2604	0.286558	-0.029282	-0.0404724	-0.0571742
305	3348	0.277679	-0.029282	-0.046556	-0.0571742
306	4092	0.272352	-0.029282	-0.0452077	-0.0571742
307	4836	0.266532	-0.029282	-0.0476082	-0.0571742
308	5580	0.271168	-0.029282	-0.0409328	-0.0571742
309	6324	0.285276	-0.029282	-0.0423139	-0.0571742
310	7068	0.282217	-0.029282	-0.0532314	-0.0571742
311	7812	0.268801	-0.029282	-0.0413274	-0.0571742
312	8556	0.27176	-0.029282	-0.0454708	-0.0571742
313	9300	0.260909	-0.029282	-0.0473452	-0.0571742
314	10044	0.272582	-0.029282	-0.0481673	-0.0571742
315	10788	0.257587	-0.029282	-0.051653	-0.0571742
316	11532	0.268176	-0.029282	-0.0430045	-0.0571742
317	12276	0.262158	-0.029282	-0.0464902	-0.0571742
318	13020	0.265808	-0.029282	-0.0485948	-0.0571742
319	13764	0.264592	-0.029282	-0.0449118	-0.0571742
320	14508	0.27005	-0.029282	-0.0446816	-0.0571742
321	15252	0.260152	-0.029282	-0.0476411	-0.0571742
322	15996	0.269886	-0.029282	-0.0458983	-0.0571742
323	16740	0.269031	-0.029282	-0.0486934	-0.0571742
324	17484	0.239337	-0.029282	-0.0453064	-0.0571742
325	18228	0.279521	-0.029282	-0.04626	-0.0571742
326	18972	0.242	-0.029282	-0.046556	-0.0571742
327	19716	0.263802	-0.029282	-0.0480028	-0.0571742
328	20460	0.251241	-0.029282	-0.0493182	-0.0571742
329	21204	0.247196	-0.029282	-0.0468519	-0.0571742
330	21948	0.242165	-0.029282	-0.0496799	-0.0571742
331	22692	0.249136	-0.029282	-0.0497128	-0.0571742
332	23436	0.254167	-0.029282	-0.0512583	-0.0571742
333	24180	0.251306	-0.029282	-0.0511597	-0.0571742
334	24924	0.256338	-0.029282	-0.0448789	-0.0571742
335	25668	0.239238	-0.029282	-0.0488249	-0.0571742
336	26412	0.271826	-0.029282	-0.0475754	-0.0571742
337	27156	0.257752	-0.029282	-0.0457996	-0.0571742
338	27900	0.280507	-0.029282	-0.0441554	-0.0571742
339	28644	0.268044	-0.029282	-0.0523435	-0.0571742
340	29388	0.259001	-0.029282	-0.0404067	-0.0571742
341	30132	0.265808	-0.029282	-0.0464902	-0.0571742
342	30876	0.278206	-0.029282	-0.0443527	-0.0571742
343	31620	0.262158	-0.029282	-0.0438924	-0.0571742
344	32364	0.267781	-0.029282	-0.043991	-0.0571742
345	33108	0.285078	-0.029282	-0.0435964	-0.0571742
346	33852	0.262816	-0.029282	-0.0491538	-0.0571742
347	34596	0.28225	-0.029282	-0.0470821	-0.0571742
348	35340	0.272155	-0.029282	-0.0404724	-0.0571742
349	36084	0.287282	-0.029282	-0.0427085	-0.0571742
350	36828	0.277449	-0.029282	-0.0436951	-0.0571742
351	37572	0.283138	-0.029282	-0.0420509	-0.0571742
352	38316	0.288728	-0.029282	-0.0453064	-0.0571742
353	39060	0.276233	-0.029282	-0.046819	-0.0571742
354	39804	0.282842	-0.029282	-0.0416234	-0.0571742
355	40548	0.267946	-0.029282	-0.0451091	-0.0571742
356	41292	0.284026	-0.029282	-0.0456023	-0.0571742
357	42036	0.274227	-0.029282	-0.0395846	-0.0571742
358	42780	0.267814	-0.029282	-0.0472136	-0.0571742
359	43524	0.264263	-0.029282	-0.0395517	-0.0571742
360	44268	0.248084	-0.029282	-0.039453	-0.0571742
361	45012	0.251865	-0.029282	-0.0502718	-0.0571742
362	45756	0.26252	-0.029282	-0.0478384	-0.0571742
363	46500	0.26206	-0.029282	-0.0484961	-0.0571742
364	47244	0.246867	-0.029282	-0.0472465	-0.0571742
365	47988	0.266367	-0.029282	-0.0408342	-0.0571742
366	48732	0.26252	-0.029282	-0.0467861	-0.0571742
367	49476	0.246242	-0.029282	-0.054185	-0.0571742
368	50220	0.263013	-0.029282	-0.0502061	-0.0571742
369	50964	0.253016	-0.029282	-0.04797	-0.0571742
370	51708	0.252556	-0.029282	-0.0433991	-0.0571742
371	52452	0.269886	-0.029282	-0.0493182	-0.0571742
372	53196	0.253444	-0.029282	-0.0466875	-0.0571742
373	53940	0.266926	-0.029282	-0.044287	-0.0571742
374	54684	0.276726	-0.029282	-0.0485948	-0.0571742
375	55428	0.267157	-0.029282	-0.0394859	-0.0571742
376	56172	0.271004	-0.029282	-0.0466546	-0.0571742
377	56916	0.265052	-0.029282	-0.0519818	-0.0571742
378	57660	0.294944	-0.029282	-0.0494497	-0.0571742
379	58404	0.294779	-0.029282	-0.045405	-0.0571742
380	59148	0.300534	-0.029282	-0.046556	-0.0571742
381	59892	0.282217	-0.029282	-0.046819	-0.0571742
382	60636	0.271267	-0.029282	-0.0483317	-0.0571742
383	61380	0.28304	-0.029282	-0.0491209	-0.0571742
384	62124	0.272615	-0.029282	-0.0473452	-0.0571742
385	62868	0.281593	-0.029282	-0.0457996	-0.0571742
386	63612	0.283763	-0.029282	-0.0467204	-0.0571742
387	64356	0.287939	-0.029282	-0.044846	-0.0571742
388	65100	0.289847	-0.029282	-0.049647	-0.0571742
389	65844	0.270445	-0.029282	-0.043991	-0.0571742
390	66588	0.284223	-0.029282	-0.0472136	-0.0571742
391	67332	0.287972	-0.029282	-0.0491538	-0.0571742
392	68076	0.280376	-0.029282	-0.0455366	-0.0571742
393	68820	0.293266	-0.029282	-0.0464573	-0.0571742
394	69564	0.28031	-0.029282	-0.0446487	-0.0571742
395	70308	0.26834	-0.029282	-0.040604	-0.0571742
396	71052	0.270576	-0.029282	-0.0432676	-0.0571742
397	71796	0.268965	-0.029282	-0.0419522	-0.0571742
398	72540	0.270544	-0.029282	-0.0425441	-0.0571742
399	73284	0.25933	-0.029282	-0.0422482	-0.0571742
400	74028	0.273043	-0.029282	-0.0426428	-0.0571742
401	74772	0.272385	-0.029282	-0.0442212	-0.0571742
402	75516	0.269952	-0.029282	-0.0437937	-0.0571742
403	76260	0.260251	-0.029282	-0.0455366	-0.0571742
404	77004	0.273569	-0.029282	-0.043432	-0.0571742
405	77748	0.273174	-0.029282	-0.0415905	-0.0571742
406	78492	0.282908	-0.029282	-0.0436293	-0.0571742
407	79236	0.271366	-0.029282	-0.0462929	-0.0571742
408	79980	0.283467	-0.029282	-0.0392886	-0.0571742
409	80724	0.267683	-0.029282	-0.0384007	-0.0571742
410	81468	0.298265	-0.029282	-0.0452406	-0.0571742
411	82212	0.282152	-0.029282	-0.0398476	-0.0571742
412	82956	0.286262	-0.029282	-0.0448789	-0.0571742
413	83700	0.274851	-0.029282	-0.0409986	-0.0571742
414	84444	0.282908	-0.029282	-0.0429387	-0.0571742
415	85188	0.26252	-0.029282	-0.0393215	-0.0571742
416	85932	0.268439	-0.029282	-0.0440568	-0.0571742
417	86676	0.274259	-0.029282	-0.0444185	-0.0571742
418	87420	0.266532	-0.029282	-0.0405711	-0.0571742
419	88164	0.28521	-0.029282	-0.0417549	-0.0571742
420	88908	0.266499	-0.029282	-0.0455694	-0.0571742
421	89652	0.264986	-0.029282	-0.0385981	-0.0571742
422	90396	0.273832	-0.029282	-0.0468848	-0.0571742
423	91140	0.289978	-0.029282	-0.0491867	-0.0571742
424	91884	0.275049	-0.029282	-0.0511926	-0.0571742
425	92628	0.280869	-0.029282	-0.0502389	-0.0571742
426	93372	0.278666	-0.029282	-0.0427414	-0.0571742
427	94116	0.272023	-0.029282	-0.0434649	-0.0571742
428	94860	0.280968	-0.029282	-0.0487263	-0.0571742
429	95604	0.280146	-0.029282	-0.0464573	-0.0571742
430	96348	0.273174	-0.029282	-0.0498443	-0.0571742
431	97092	0.274983	-0.029282	-0.0472794	-0.0571742
432	97836	0.276167	-0.029282	-0.0512255	-0.0571742
433	98580	0.289879	-0.029282	-0.0524093	-0.0571742
434	99324	0.270182	-0.029282	-0.0423468	-0.0571742
435	100068	0.286657	-0.029282	-0.0483974	-0.0571742
436	100812	0.269458	-0.029282	-0.050798	-0.0571742
437	101556	0.272615	-0.029282	-0.0469506	-0.0571742
438	102300	0.261402	-0.029282	-0.0470821	-0.0571742
439	103044	0.265348	-0.029282	-0.0505678	-0.0571742
440	103788	0.277351	-0.029282	-0.0467533	-0.0571742
441	104532	0.275772	-0.029282	-0.0440568	-0.0571742
442	105276	0.252688	-0.029282	-0.0433333	-0.0571742
443	106020	0.268735	-0.029282	-0.0430045	-0.0571742
444	106764	0.259527	-0.029282	-0.0459969	-0.0571742
445	107508	0.257456	-0.029282	-0.0439252	-0.0571742
446	108252	0.257949	-0.029282	-0.044846	-0.0571742
447	108996	0.25374	-0.029282	-0.0414261	-0.0571742
448	109740	0.266926	-0.029282	-0.0415576	-0.0571742
449	110484	0.267584	-0.029282	-0.0483317	-0.0571742
450	111228	0.270313	-0.029282	-0.0504691	-0.0571742
451	111414	0.260054	-0.029282	-0.0506993	-0.0571742
452	110670	0.262849	-0.029282	-0.0429387	-0.0571742
453	109926	0.262947	-0.029282	-0.0450433	-0.0571742
454	109182	0.264888	-0.029282	-0.0441883	-0.0571742
455	108438	0.257817	-0.029282	-0.0426428	-0.0571742
456	107694	0.259527	-0.029282	-0.0403409	-0.0571742
457	106950	0.256963	-0.029282	-0.0482001	-0.0571742
458	106206	0.262586	-0.029282	-0.0466875	-0.0571742
459	105462	0.270576	-0.029282	-0.0460298	-0.0571742
460	104718	0.254069	-0.029282	-0.0469177	-0.0571742
461	103974	0.258409	-0.029282	-0.0418536	-0.0571742
462	103230	0.252819	-0.029282	-0.0474109	-0.0571742
463	102486	0.260054	-0.029282	-0.0463586	-0.0571742
464	101742	0.269623	-0.029282	-0.0472465	-0.0571742
465	100998	0.272878	-0.029282	-0.0379404	-0.0571742
466	100254	0.270609	-0.029282	-0.0440568	-0.0571742
467	99510	0.270938	-0.029282	-0.0478713	-0.0571742
468	98766	0.28932	-0.029282	-0.0467204	-0.0571742
469	98022	0.268768	-0.029282	-0.0533958	-0.0571742
470	97278	0.274753	-0.029282	-0.0514885	-0.0571742
471	96534	0.271201	-0.029282	-0.0471807	-0.0571742
472	95790	0.259758	-0.029282	-0.0472136	-0.0571742
473	95046	0.279587	-0.029282	-0.0489894	-0.0571742
474	94302	0.274095	-0.029282	-0.0494168	-0.0571742
475	93558	0.275279	-0.029282	-0.0458983	-0.0571742
476	92814	0.276134	-0.029282	-0.0468848	-0.0571742
477	92070	0.264361	-0.029282	-0.0457339	-0.0571742
478	91326	0.285078	-0.029282	-0.0519489	-0.0571742
479	90582	0.293036	-0.029282	-0.04626	-0.0571742
480	89838	0.277022	-0.029282	-0.0495813	-0.0571742
481	89094	0.280738	-0.029282	-0.0494497	-0.0571742
482	88350	0.272254	-0.029282	-0.04455	-0.0571742
483	87606	0.280705	-0.029282	-0.0473452	-0.0571742
484	86862	0.296982	-0.029282	-0.0428401	-0.0571742
485	86118	0.284388	-0.029282	-0.0483317	-0.0571742
486	85374	0.270642	-0.029282	-0.047674	-0.0571742
487	84630	0.278962	-0.029282	-0.0437937	-0.0571742
488	83886	0.272845	-0.029282	-0.0468519	-0.0571742
489	83142	0.265743	-0.029282	-0.0505678	-0.0571742
490	82398	0.266334	-0.029282	-0.0500088	-0.0571742
491	81654	0.265447	-0.029282	-0.0484961	-0.0571742
492	80910	0.266071	-0.029282	-0.0466217	-0.0571742
493	80166	0.276265	-0.029282	-0.0396832	-0.0571742
494	79422	0.258607	-0.029282	-0.0431031	-0.0571742
495	78678	0.259067	-0.029282	-0.0458325	-0.0571742
496	77934	0.267058	-0.029282	-0.0466875	-0.0571742
497	77190	0.262191	-0.029282	-0.0429716	-0.0571742
498	76446	0.268307	-0.029282	-0.0483646	-0.0571742
499	75702	0.250682	-0.029282	-0.0432676	-0.0571742
500	74958	0.260646	-0.029282	-0.0436293	-0.0571742
501	74214	0.262388	-0.029282	-0.0457339	-0.0571742
502	73470	0.264789	-0.029282	-0.0454379	-0.0571742
503	72726	0.256272	-0.029282	-0.0496142	-0.0571742
504	71982	0.253937	-0.029282	-0.0427414	-0.0571742
505	71238	0.258212	-0.029282	-0.0433991	-0.0571742
506	70494	0.254299	-0.029282	-0.0466546	-0.0571742
507	69750	0.268702	-0.029282	-0.0491867	-0.0571742
508	69006	0.250649	-0.029282	-0.0407684	-0.0571742
509	68262	0.260678	-0.029282	-0.047674	-0.0571742
510	67518	0.259297	-0.029282	-0.0469834	-0.0571742
511	66774	0.267222	-0.029282	-0.0449446	-0.0571742
512	66030	0.246209	-0.029282	-0.0457667	-0.0571742
513	65286	0.261665	-0.029282	-0.0477069	-0.0571742
514	64542	0.249366	-0.029282	-0.0458983	-0.0571742
515	63798	0.238449	-0.029282	-0.0508637	-0.0571742
516	63054	0.251635	-0.029282	-0.0495813	-0.0571742
517	62310	0.281757	-0.029282	-0.0503047	-0.0571742
518	61566	0.262849	-0.029282	-0.044287	-0.0571742
519	60822	0.266302	-0.029282	-0.0554346	-0.0571742
520	60078	0.275246	-0.029282	-0.0504362	-0.0571742
521	59334	0.259988	-0.029282	-0.0488907	-0.0571742
522	58590	0.270905	-0.029282	-0.0454708	-0.0571742
523	57846	0.283927	-0.029282	-0.0436951	-0.0571742
524	57102	0.25956	-0.029282	-0.049088	-0.0571742
525	56358	0.265973	-0.029282	-0.0466546	-0.0571742
526	55614	0.268834	-0.029282	-0.0489236	-0.0571742
527	54870	0.27301	-0.029282	-0.0484961	-0.0571742
528	54126	0.265118	-0.029282	-0.043991	-0.0571742
529	53382	0.260744	-0.029282	-0.0504691	-0.0571742
530	52638	0.273799	-0.029282	-0.0473123	-0.0571742
531	51894	0.272615	-0.029282	-0.0510282	-0.0571742
532	51150	0.268373	-0.029282	-0.0485948	-0.0571742
533	50406	0.264855	-0.029282	-0.041722	-0.0571742
534	49662	0.262684	-0.029282	-0.0477069	-0.0571742
535	48918	0.285999	-0.029282	-0.0472465	-0.0571742
536	48174	0.271892	-0.029282	-0.0506664	-0.0571742
537	47430	0.273865	-0.029282	-0.0484961	-0.0571742
538	46686	0.272944	-0.029282	-0.0512583	-0.0571742
539	45942	0.269491	-0.029282	-0.0428072	-0.0571742
540	45198	0.276134	-0.029282	-0.0517845	-0.0571742
541	44454	0.276331	-0.029282	-0.0487263	-0.0571742
542	43710	0.279389	-0.029282	-0.0401765	-0.0571742
543	42966	0.273043	-0.029282	-0.043991	-0.0571742
544	42222	0.275476	-0.029282	-0.0515214	-0.0571742
545	41478	0.269228	-0.029282	-0.0447473	-0.0571742
546	40734	0.277778	-0.029282	-0.0494826	-0.0571742
547	39990	0.278206	-0.029282	-0.0494168	-0.0571742
548	39246	0.273832	-0.029282	-0.0463586	-0.0571742
549	38502	0.268801	-0.029282	-0.0436293	-0.0571742
550	37758	0.259659	-0.029282	-0.0454379	-0.0571742
551	37014	0.265315	-0.029282	-0.0483317	-0.0571742
552	36270	0.259297	-0.029282	-0.0451419	-0.0571742
553	35526	0.280442	-0.029282	-0.0433004	-0.0571742
554	34782	0.26423	-0.029282	-0.0418536	-0.0571742
555	34038	0.26959	-0.029282	-0.0438924	-0.0571742
556	33294	0.263079	-0.029282	-0.0437608	-0.0571742
557	32550	0.273832	-0.029282	-0.045405	-0.0571742
558	31806	0.261862	-0.029282	-0.0436622	-0.0571742
559	31062	0.27199	-0.029282	-0.041722	-0.0571742
560	30318	0.25009	-0.029282	-0.0407026	-0.0571742
561	29574	0.257949	-0.029282	-0.0464244	-0.0571742
562	28830	0.256634	-0.029282	-0.0447802	-0.0571742
563	28086	0.266071	-0.029282	-0.0451419	-0.0571742
564	27342	0.266663	-0.029282	-0.0502061	-0.0571742
565	26598	0.264263	-0.029282	-0.0517845	-0.0571742
566	25854	0.249399	-0.029282	-0.04797	-0.0571742
567	25110	0.250221	-0.029282	-0.0483974	-0.0571742
568	24366	0.237298	-0.029282	-0.0498443	-0.0571742
569	23622	0.246012	-0.029282	-0.0504691	-0.0571742
570	22878	0.244171	-0.029282	-0.0517845	-0.0571742
571	22134	0.26252	-0.029282	-0.0450762	-0.0571742
572	21390	0.259659	-0.029282	-0.0437937	-0.0571742
573	20646	0.249498	-0.029282	-0.0528697	-0.0571742
574	19902	0.25693	-0.029282	-0.0497457	-0.0571742
575	19158	0.270149	-0.029282	-0.05333	-0.0571742
576	18414	0.265184	-0.029282	-0.049943	-0.0571742
577	17670	0.255483	-0.029282	-0.0489565	-0.0571742
578	16926	0.26127	-0.029282	-0.0491209	-0.0571742
579	16182	0.262388	-0.029282	-0.0502718	-0.0571742
580	15438	0.281921	-0.029282	-0.0488249	-0.0571742
581	14694	0.25591	-0.029282	-0.0484632	-0.0571742
582	13950	0.264855	-0.029282	-0.0494168	-0.0571742
583	13206	0.255877	-0.029282	-0.0480357	-0.0571742
584	12462	0.254628	-0.029282	-0.0457339	-0.0571742
585	11718	0.262487	-0.029282	-0.049943	-0.0571742
586	10974	0.26571	-0.029282	-0.0473123	-0.0571742
587	10230	0.259232	-0.029282	-0.0457667	-0.0571742
588	9486	0.246505	-0.029282	-0.0486934	-0.0571742
589	8742	0.256667	-0.029282	-0.0479042	-0.0571742
590	7998	0.271464	-0.029282	-0.0469834	-0.0571742
591	7254	0.259396	-0.029282	-0.0435306	-0.0571742
592	6510	0.257357	-0.029282	-0.0409657	-0.0571742
593	5766	0.262323	-0.029282	-0.0441554	-0.0571742
594	5022	0.263309	-0.029282	-0.047378	-0.0571742
595	4278	0.259659	-0.029282	-0.0508637	-0.0571742
596	3534	0.261698	-0.029282	-0.0488249	-0.0571742
597	2790	0.255844	-0.029282	-0.0503376	-0.0571742
598	2046	0.26571	-0.029282	-0.0469834	-0.0571742
599	1302	0.268472	-0.029282	-0.047378	-0.0571742
600	558	0.300797	-0.0287329	-0.0424783	-0.0569341
