# Filename	18_delay.txt
# Date	2016-10-04
# Title	DL-Pro & DL-100 Locked delay scan.
# DL-Pro	365824.8 GHz
# DL-100	365808.9 GHz
# Static	-1000 mV Pulsed
# MWOn	On
# MWf	15931.6 MHz
# Attn	32 dB
# FixedAttn	6 dB
# B2	B2 = T2 + 2.050 us
# HP214B	HP 214B FIP at 5.5 on 100V setting ; Applied to Top ; Mesh & Vin of MCP @ +25V ; Vout of MCP @ +2025 V
# Oven	32 A
# Boxcar	Gate = 200 ns ; Amp = 25x ; Sensitivity = 5 mV
# Offset	+/- 30 mV IR/Oven offset.
# Bias	Top: 0 V ; Bot: -0.490 V ; IR: +0.065 V ; Oven: -0.065 V ; Vis: -0.010 V ; MW: +0.010 V
# Passes	4
i, step, norm, nbackground, signal, sbackground
0	0	0.224473	-0.0235307	-0.0558621	-0.0532182	
1	744	0.219245	-0.0235307	-0.0500745	-0.0532182	
2	1488	0.193628	-0.0235307	-0.0500745	-0.0532182	
3	2232	0.215299	-0.0235307	-0.045964	-0.0532182	
4	2976	0.207406	-0.0235307	-0.0480028	-0.0532182	
5	3720	0.220001	-0.0235307	-0.047378	-0.0532182	
6	4464	0.212832	-0.0235307	-0.0487921	-0.0532182	
7	5208	0.204282	-0.0235307	-0.0517845	-0.0532182	
8	5952	0.223651	-0.0235307	-0.0503705	-0.0532182	
9	6696	0.201257	-0.0235307	-0.0469177	-0.0532182	
10	7440	0.217732	-0.0235307	-0.050502	-0.0532182	
11	8184	0.211221	-0.0235307	-0.0483317	-0.0532182	
12	8928	0.202079	-0.0235307	-0.0509953	-0.0532182	
13	9672	0.219705	-0.0235307	-0.0480686	-0.0532182	
14	10416	0.205631	-0.0235307	-0.0478713	-0.0532182	
15	11160	0.204315	-0.0235307	-0.04797	-0.0532182	
16	11904	0.237101	-0.0235307	-0.0532971	-0.0532182	
17	12648	0.224276	-0.0235307	-0.0514228	-0.0532182	
18	13392	0.228025	-0.0235307	-0.0555004	-0.0532182	
19	14136	0.2103	-0.0235307	-0.0514228	-0.0532182	
20	14880	0.222599	-0.0235307	-0.0560923	-0.0532182	
21	15624	0.231313	-0.0235307	-0.0529025	-0.0532182	
22	16368	0.214608	-0.0235307	-0.0476082	-0.0532182	
23	17112	0.213161	-0.0235307	-0.04455	-0.0532182	
24	17856	0.223256	-0.0235307	-0.052212	-0.0532182	
25	18600	0.218094	-0.0235307	-0.0467861	-0.0532182	
26	19344	0.213424	-0.0235307	-0.0501732	-0.0532182	
27	20088	0.221514	-0.0235307	-0.0505349	-0.0532182	
28	20832	0.230162	-0.0235307	-0.0491867	-0.0532182	
29	21576	0.223585	-0.0235307	-0.0524422	-0.0532182	
30	22320	0.218718	-0.0235307	-0.0536918	-0.0532182	
31	23064	0.228123	-0.0235307	-0.0517187	-0.0532182	
32	23808	0.220396	-0.0235307	-0.0490222	-0.0532182	
33	24552	0.205729	-0.0235307	-0.0534287	-0.0532182	
34	25296	0.226117	-0.0235307	-0.0528368	-0.0532182	
35	26040	0.216976	-0.0235307	-0.0506664	-0.0532182	
36	26784	0.220823	-0.0235307	-0.047115	-0.0532182	
37	27528	0.245059	-0.0235307	-0.0485619	-0.0532182	
38	28272	0.215562	-0.0235307	-0.0494826	-0.0532182	
39	29016	0.220659	-0.0235307	-0.045701	-0.0532182	
40	29760	0.222533	-0.0235307	-0.0518503	-0.0532182	
41	30504	0.232234	-0.0235307	-0.0533958	-0.0532182	
42	31248	0.214049	-0.0235307	-0.0531656	-0.0532182	
43	31992	0.234601	-0.0235307	-0.0510282	-0.0532182	
44	32736	0.228715	-0.0235307	-0.0543165	-0.0532182	
45	33480	0.233681	-0.0235307	-0.0509295	-0.0532182	
46	34224	0.228386	-0.0235307	-0.0501074	-0.0532182	
47	34968	0.220955	-0.0235307	-0.0532643	-0.0532182	
48	35712	0.219705	-0.0235307	-0.0489565	-0.0532182	
49	36456	0.222007	-0.0235307	-0.0439581	-0.0532182	
50	37200	0.229406	-0.0235307	-0.0459969	-0.0532182	
51	37944	0.222138	-0.0235307	-0.0534287	-0.0532182	
52	38688	0.227663	-0.0235307	-0.0482001	-0.0532182	
53	39432	0.229208	-0.0235307	-0.0480357	-0.0532182	
54	40176	0.215956	-0.0235307	-0.0476411	-0.0532182	
55	40920	0.199909	-0.0235307	-0.0530012	-0.0532182	
56	41664	0.184026	-0.0235307	-0.0511926	-0.0532182	
57	42408	0.206617	-0.0235307	-0.0517187	-0.0532182	
58	43152	0.201422	-0.0235307	-0.0536589	-0.0532182	
59	43896	0.205696	-0.0235307	-0.0542837	-0.0532182	
60	44640	0.210859	-0.0235307	-0.052475	-0.0532182	
61	45384	0.216548	-0.0235307	-0.0421495	-0.0532182	
62	46128	0.204118	-0.0235307	-0.0477069	-0.0532182	
63	46872	0.196226	-0.0235307	-0.0464244	-0.0532182	
64	47616	0.197673	-0.0235307	-0.0541521	-0.0532182	
65	48360	0.207801	-0.0235307	-0.0478055	-0.0532182	
66	49104	0.215364	-0.0235307	-0.0493182	-0.0532182	
67	49848	0.217798	-0.0235307	-0.0474109	-0.0532182	
68	50592	0.226907	-0.0235307	-0.0519818	-0.0532182	
69	51336	0.218488	-0.0235307	-0.0553688	-0.0532182	
70	52080	0.215594	-0.0235307	-0.0519818	-0.0532182	
71	52824	0.221842	-0.0235307	-0.0521791	-0.0532182	
72	53568	0.212438	-0.0235307	-0.0461942	-0.0532182	
73	54312	0.21589	-0.0235307	-0.0518174	-0.0532182	
74	55056	0.20961	-0.0235307	-0.0445172	-0.0532182	
75	55800	0.22638	-0.0235307	-0.0496142	-0.0532182	
76	56544	0.229899	-0.0235307	-0.0559936	-0.0532182	
77	57288	0.229373	-0.0235307	-0.0472794	-0.0532182	
78	58032	0.219245	-0.0235307	-0.0558292	-0.0532182	
79	58776	0.227203	-0.0235307	-0.0554346	-0.0532182	
80	59520	0.229866	-0.0235307	-0.0527052	-0.0532182	
81	60264	0.215167	-0.0235307	-0.0464902	-0.0532182	
82	61008	0.202868	-0.0235307	-0.0530341	-0.0532182	
83	61752	0.228288	-0.0235307	-0.0489236	-0.0532182	
84	62496	0.229669	-0.0235307	-0.051916	-0.0532182	
85	63240	0.207078	-0.0235307	-0.0514228	-0.0532182	
86	63984	0.225756	-0.0235307	-0.0443527	-0.0532182	
87	64728	0.206749	-0.0235307	-0.050798	-0.0532182	
88	65472	0.222434	-0.0235307	-0.0443527	-0.0532182	
89	66216	0.230721	-0.0235307	-0.0479371	-0.0532182	
90	66960	0.216219	-0.0235307	-0.0504362	-0.0532182	
91	67704	0.214838	-0.0235307	-0.049088	-0.0532182	
92	68448	0.238284	-0.0235307	-0.049943	-0.0532182	
93	69192	0.206288	-0.0235307	-0.0528697	-0.0532182	
94	69936	0.224407	-0.0235307	-0.0493182	-0.0532182	
95	70680	0.22398	-0.0235307	-0.0497457	-0.0532182	
96	71424	0.220461	-0.0235307	-0.0480686	-0.0532182	
97	72168	0.229307	-0.0235307	-0.0498772	-0.0532182	
98	72912	0.211944	-0.0235307	-0.0455694	-0.0532182	
99	73656	0.220363	-0.0235307	-0.0572761	-0.0532182	
100	74400	0.219245	-0.0235307	-0.0480686	-0.0532182	
101	75144	0.221777	-0.0235307	-0.04626	-0.0532182	
102	75888	0.238054	-0.0235307	-0.0488578	-0.0532182	
103	76632	0.241836	-0.0235307	-0.0495155	-0.0532182	
104	77376	0.246078	-0.0235307	-0.0480028	-0.0532182	
105	78120	0.22204	-0.0235307	-0.0502061	-0.0532182	
106	78864	0.236903	-0.0235307	-0.0493511	-0.0532182	
107	79608	0.215134	-0.0235307	-0.0499759	-0.0532182	
108	80352	0.227498	-0.0235307	-0.0511597	-0.0532182	
109	81096	0.225361	-0.0235307	-0.0533958	-0.0532182	
110	81840	0.221974	-0.0235307	-0.0498772	-0.0532182	
111	82584	0.220626	-0.0235307	-0.0522449	-0.0532182	
112	83328	0.219968	-0.0235307	-0.0531327	-0.0532182	
113	84072	0.197443	-0.0235307	-0.0510939	-0.0532182	
114	84816	0.213917	-0.0235307	-0.0513899	-0.0532182	
115	85560	0.231773	-0.0235307	-0.0460956	-0.0532182	
116	86304	0.206288	-0.0235307	-0.0495484	-0.0532182	
117	87048	0.220955	-0.0235307	-0.0518503	-0.0532182	
118	87792	0.234601	-0.0235307	-0.0542508	-0.0532182	
119	88536	0.230787	-0.0235307	-0.0545467	-0.0532182	
120	89280	0.235917	-0.0235307	-0.0501732	-0.0532182	
121	90024	0.23082	-0.0235307	-0.0498115	-0.0532182	
122	90768	0.217041	-0.0235307	-0.0485948	-0.0532182	
123	91512	0.214016	-0.0235307	-0.0500416	-0.0532182	
124	92256	0.222073	-0.0235307	-0.0575063	-0.0532182	
125	93000	0.218127	-0.0235307	-0.0516201	-0.0532182	
126	93744	0.224276	-0.0235307	-0.0504691	-0.0532182	
127	94488	0.219804	-0.0235307	-0.0546125	-0.0532182	
128	95232	0.230162	-0.0235307	-0.0543165	-0.0532182	
129	95976	0.236509	-0.0235307	-0.0474767	-0.0532182	
130	96720	0.223355	-0.0235307	-0.0507651	-0.0532182	
131	97464	0.214476	-0.0235307	-0.0468519	-0.0532182	
132	98208	0.212273	-0.0235307	-0.0487592	-0.0532182	
133	98952	0.216515	-0.0235307	-0.0510282	-0.0532182	
134	99696	0.227038	-0.0235307	-0.0487263	-0.0532182	
135	100440	0.21132	-0.0235307	-0.0507322	-0.0532182	
136	101184	0.227992	-0.0235307	-0.0452735	-0.0532182	
137	101928	0.229537	-0.0235307	-0.0546454	-0.0532182	
138	102672	0.228551	-0.0235307	-0.0553688	-0.0532182	
139	103416	0.217568	-0.0235307	-0.0498115	-0.0532182	
140	104160	0.206946	-0.0235307	-0.0502061	-0.0532182	
141	104904	0.226676	-0.0235307	-0.0523435	-0.0532182	
142	105648	0.22056	-0.0235307	-0.051653	-0.0532182	
143	106392	0.209314	-0.0235307	-0.0548756	-0.0532182	
144	107136	0.218357	-0.0235307	-0.0491867	-0.0532182	
145	107880	0.231445	-0.0235307	-0.0542837	-0.0532182	
146	108624	0.220132	-0.0235307	-0.0525737	-0.0532182	
147	109368	0.205565	-0.0235307	-0.0526395	-0.0532182	
148	110112	0.217732	-0.0235307	-0.0550071	-0.0532182	
149	110856	0.209379	-0.0235307	-0.0527052	-0.0532182	
150	111600	0.226808	-0.0235307	-0.056454	-0.0532182	
151	111042	0.222434	-0.0235307	-0.0531985	-0.0532182	
152	110298	0.209445	-0.0235307	-0.0523106	-0.0532182	
153	109554	0.206782	-0.0235307	-0.0498115	-0.0532182	
154	108810	0.19833	-0.0235307	-0.0560265	-0.0532182	
155	108066	0.202868	-0.0235307	-0.0547112	-0.0532182	
156	107322	0.216351	-0.0235307	-0.0479042	-0.0532182	
157	106578	0.225098	-0.0235307	-0.0530012	-0.0532182	
158	105834	0.215562	-0.0235307	-0.0562238	-0.0532182	
159	105090	0.212865	-0.0235307	-0.0462929	-0.0532182	
160	104346	0.219047	-0.0235307	-0.0550071	-0.0532182	
161	103602	0.220724	-0.0235307	-0.0503376	-0.0532182	
162	102858	0.216614	-0.0235307	-0.0502061	-0.0532182	
163	102114	0.220067	-0.0235307	-0.054481	-0.0532182	
164	101370	0.221086	-0.0235307	-0.0488249	-0.0532182	
165	100626	0.223487	-0.0235307	-0.0511597	-0.0532182	
166	99882	0.206913	-0.0235307	-0.0497128	-0.0532182	
167	99138	0.209544	-0.0235307	-0.0514885	-0.0532182	
168	98394	0.219343	-0.0235307	-0.0526395	-0.0532182	
169	97650	0.213654	-0.0235307	-0.0548098	-0.0532182	
170	96906	0.204611	-0.0235307	-0.053626	-0.0532182	
171	96162	0.201783	-0.0235307	-0.0538233	-0.0532182	
172	95418	0.199975	-0.0235307	-0.0517187	-0.0532182	
173	94674	0.232102	-0.0235307	-0.0479042	-0.0532182	
174	93930	0.214838	-0.0235307	-0.0530012	-0.0532182	
175	93186	0.21691	-0.0235307	-0.0512912	-0.0532182	
176	92442	0.21839	-0.0235307	-0.0565855	-0.0532182	
177	91698	0.217272	-0.0235307	-0.0505349	-0.0532182	
178	90954	0.218225	-0.0235307	-0.0514228	-0.0532182	
179	90210	0.210004	-0.0235307	-0.0468519	-0.0532182	
180	89466	0.220067	-0.0235307	-0.0503376	-0.0532182	
181	88722	0.22352	-0.0235307	-0.0539219	-0.0532182	
182	87978	0.211089	-0.0235307	-0.0526066	-0.0532182	
183	87234	0.217568	-0.0235307	-0.0482659	-0.0532182	
184	86490	0.215299	-0.0235307	-0.0538891	-0.0532182	
185	85746	0.203362	-0.0235307	-0.05675	-0.0532182	
186	85002	0.19741	-0.0235307	-0.0536589	-0.0532182	
187	84258	0.182086	-0.0235307	-0.05504	-0.0532182	
188	83514	0.198232	-0.0235307	-0.0551058	-0.0532182	
189	82770	0.210234	-0.0235307	-0.0504034	-0.0532182	
190	82026	0.191326	-0.0235307	-0.0545467	-0.0532182	
191	81282	0.190438	-0.0235307	-0.050502	-0.0532182	
192	80538	0.183072	-0.0235307	-0.056158	-0.0532182	
193	79794	0.174621	-0.0235307	-0.0528039	-0.0532182	
194	79050	0.181132	-0.0235307	-0.0526066	-0.0532182	
195	78306	0.170971	-0.0235307	-0.0530012	-0.0532182	
196	77562	0.18521	-0.0235307	-0.0502061	-0.0532182	
197	76818	0.178041	-0.0235307	-0.0498772	-0.0532182	
198	76074	0.179521	-0.0235307	-0.0531327	-0.0532182	
199	75330	0.171037	-0.0235307	-0.0526395	-0.0532182	
200	74586	0.204052	-0.0235307	-0.0519818	-0.0532182	
201	73842	0.189386	-0.0235307	-0.0543165	-0.0532182	
202	73098	0.193464	-0.0235307	-0.0531327	-0.0532182	
203	72354	0.175246	-0.0235307	-0.0512912	-0.0532182	
204	71610	0.180935	-0.0235307	-0.0470492	-0.0532182	
205	70866	0.208031	-0.0235307	-0.0491867	-0.0532182	
206	70122	0.213457	-0.0235307	-0.0515543	-0.0532182	
207	69378	0.212109	-0.0235307	-0.0502718	-0.0532182	
208	68634	0.206223	-0.0235307	-0.057309	-0.0532182	
209	67890	0.205729	-0.0235307	-0.0498115	-0.0532182	
210	67146	0.200862	-0.0235307	-0.0532314	-0.0532182	
211	66402	0.215397	-0.0235307	-0.0514228	-0.0532182	
212	65658	0.226019	-0.0235307	-0.0561909	-0.0532182	
213	64914	0.217995	-0.0235307	-0.0533958	-0.0532182	
214	64170	0.225624	-0.0235307	-0.0551058	-0.0532182	
215	63426	0.227597	-0.0235307	-0.051061	-0.0532182	
216	62682	0.221185	-0.0235307	-0.051916	-0.0532182	
217	61938	0.219442	-0.0235307	-0.0522777	-0.0532182	
218	61194	0.199021	-0.0235307	-0.048529	-0.0532182	
219	60450	0.205795	-0.0235307	-0.0517845	-0.0532182	
220	59706	0.21201	-0.0235307	-0.0472136	-0.0532182	
221	58962	0.216515	-0.0235307	-0.0534616	-0.0532182	
222	58218	0.212964	-0.0235307	-0.0538891	-0.0532182	
223	57474	0.212931	-0.0235307	-0.0474767	-0.0532182	
224	56730	0.217173	-0.0235307	-0.051653	-0.0532182	
225	55986	0.213523	-0.0235307	-0.0571774	-0.0532182	
226	55242	0.202408	-0.0235307	-0.052475	-0.0532182	
227	54498	0.21737	-0.0235307	-0.0548756	-0.0532182	
228	53754	0.226019	-0.0235307	-0.054185	-0.0532182	
229	53010	0.218061	-0.0235307	-0.0577365	-0.0532182	
230	52266	0.200369	-0.0235307	-0.0534944	-0.0532182	
231	51522	0.20129	-0.0235307	-0.0572761	-0.0532182	
232	50778	0.21326	-0.0235307	-0.0574734	-0.0532182	
233	50034	0.194253	-0.0235307	-0.0560923	-0.0532182	
234	49290	0.205992	-0.0235307	-0.0526395	-0.0532182	
235	48546	0.200862	-0.0235307	-0.0583613	-0.0532182	
236	47802	0.207209	-0.0235307	-0.0514556	-0.0532182	
237	47058	0.212865	-0.0235307	-0.0552702	-0.0532182	
238	46314	0.21418	-0.0235307	-0.0568815	-0.0532182	
239	45570	0.200895	-0.0235307	-0.0588216	-0.0532182	
240	44826	0.189715	-0.0235307	-0.0528697	-0.0532182	
241	44082	0.200402	-0.0235307	-0.0565527	-0.0532182	
242	43338	0.212109	-0.0235307	-0.0528697	-0.0532182	
243	42594	0.188169	-0.0235307	-0.0559936	-0.0532182	
244	41850	0.213391	-0.0235307	-0.0543823	-0.0532182	
245	41106	0.20254	-0.0235307	-0.0558292	-0.0532182	
246	40362	0.22375	-0.0235307	-0.0549085	-0.0532182	
247	39618	0.206025	-0.0235307	-0.0467204	-0.0532182	
248	38874	0.212471	-0.0235307	-0.0557306	-0.0532182	
249	38130	0.206946	-0.0235307	-0.0512255	-0.0532182	
250	37386	0.213325	-0.0235307	-0.0542508	-0.0532182	
251	36642	0.199317	-0.0235307	-0.0552702	-0.0532182	
252	35898	0.203493	-0.0235307	-0.0534944	-0.0532182	
253	35154	0.198166	-0.0235307	-0.0530341	-0.0532182	
254	34410	0.202408	-0.0235307	-0.0508309	-0.0532182	
255	33666	0.20961	-0.0235307	-0.051653	-0.0532182	
256	32922	0.20425	-0.0235307	-0.0545467	-0.0532182	
257	32178	0.198232	-0.0235307	-0.0534287	-0.0532182	
258	31434	0.187051	-0.0235307	-0.0519489	-0.0532182	
259	30690	0.19616	-0.0235307	-0.0492853	-0.0532182	
260	29946	0.209347	-0.0235307	-0.05333	-0.0532182	
261	29202	0.211057	-0.0235307	-0.0577036	-0.0532182	
262	28458	0.19593	-0.0235307	-0.0532971	-0.0532182	
263	27714	0.221711	-0.0235307	-0.0587888	-0.0532182	
264	26970	0.199153	-0.0235307	-0.0586901	-0.0532182	
265	26226	0.204414	-0.0235307	-0.0513241	-0.0532182	
266	25482	0.204809	-0.0235307	-0.0520804	-0.0532182	
267	24738	0.218357	-0.0235307	-0.0582297	-0.0532182	
268	23994	0.201454	-0.0235307	-0.052475	-0.0532182	
269	23250	0.199975	-0.0235307	-0.052475	-0.0532182	
270	22506	0.19935	-0.0235307	-0.0493511	-0.0532182	
271	21762	0.198528	-0.0235307	-0.0543494	-0.0532182	
272	21018	0.209215	-0.0235307	-0.0556648	-0.0532182	
273	20274	0.207867	-0.0235307	-0.0557634	-0.0532182	
274	19530	0.22615	-0.0235307	-0.0545467	-0.0532182	
275	18786	0.191688	-0.0235307	-0.054185	-0.0532182	
276	18042	0.20494	-0.0235307	-0.0515872	-0.0532182	
277	17298	0.20711	-0.0235307	-0.0522777	-0.0532182	
278	16554	0.208261	-0.0235307	-0.0562567	-0.0532182	
279	15810	0.202934	-0.0235307	-0.0580324	-0.0532182	
280	15066	0.188005	-0.0235307	-0.0540206	-0.0532182	
281	14322	0.198922	-0.0235307	-0.0569801	-0.0532182	
282	13578	0.212536	-0.0235307	-0.0579009	-0.0532182	
283	12834	0.199777	-0.0235307	-0.0565855	-0.0532182	
284	12090	0.205828	-0.0235307	-0.0548427	-0.0532182	
285	11346	0.209544	-0.0235307	-0.0532314	-0.0532182	
286	10602	0.203625	-0.0235307	-0.0559279	-0.0532182	
287	9858	0.211484	-0.0235307	-0.0553031	-0.0532182	
288	9114	0.203658	-0.0235307	-0.050798	-0.0532182	
289	8370	0.208689	-0.0235307	-0.0594793	-0.0532182	
290	7626	0.203033	-0.0235307	-0.0553359	-0.0532182	
291	6882	0.196884	-0.0235307	-0.0540535	-0.0532182	
292	6138	0.19468	-0.0235307	-0.0574076	-0.0532182	
293	5394	0.1859	-0.0235307	-0.0534616	-0.0532182	
294	4650	0.198889	-0.0235307	-0.0571774	-0.0532182	
295	3906	0.170971	-0.0235307	-0.0534616	-0.0532182	
296	3162	0.178107	-0.0235307	-0.0537575	-0.0532182	
297	2418	0.210596	-0.0235307	-0.0577036	-0.0532182	
298	1674	0.189748	-0.0235307	-0.0575063	-0.0532182	
299	930	0.207669	-0.0235307	-0.0501403	-0.0532182	
300	186	0.194713	-0.0235307	-0.0565198	-0.0532182	
301	372	0.202934	-0.0235307	-0.0494497	-0.0532182	
302	1116	0.203822	-0.0235307	-0.0562567	-0.0532182	
303	1860	0.210465	-0.0235307	-0.0567828	-0.0532182	
304	2604	0.19912	-0.0235307	-0.0553031	-0.0532182	
305	3348	0.206025	-0.0235307	-0.0560265	-0.0532182	
306	4092	0.224013	-0.0235307	-0.0470163	-0.0532182	
307	4836	0.215364	-0.0235307	-0.0478384	-0.0532182	
308	5580	0.222895	-0.0235307	-0.0546783	-0.0532182	
309	6324	0.216088	-0.0235307	-0.052475	-0.0532182	
310	7068	0.232267	-0.0235307	-0.0508309	-0.0532182	
311	7812	0.218521	-0.0235307	-0.0571774	-0.0532182	
312	8556	0.230754	-0.0235307	-0.0565855	-0.0532182	
313	9300	0.237627	-0.0235307	-0.0589203	-0.0532182	
314	10044	0.228288	-0.0235307	-0.0540206	-0.0532182	
315	10788	0.241869	-0.0235307	-0.0567828	-0.0532182	
316	11532	0.213424	-0.0235307	-0.0577365	-0.0532182	
317	12276	0.225164	-0.0235307	-0.0554675	-0.0532182	
318	13020	0.223421	-0.0235307	-0.0542179	-0.0532182	
319	13764	0.231773	-0.0235307	-0.0524093	-0.0532182	
320	14508	0.235128	-0.0235307	-0.0560594	-0.0532182	
321	15252	0.221941	-0.0235307	-0.0583284	-0.0532182	
322	15996	0.220659	-0.0235307	-0.0560923	-0.0532182	
323	16740	0.233385	-0.0235307	-0.0605974	-0.0532182	
324	17484	0.23424	-0.0235307	-0.0538562	-0.0532182	
325	18228	0.240652	-0.0235307	-0.060696	-0.0532182	
326	18972	0.219639	-0.0235307	-0.0508637	-0.0532182	
327	19716	0.222171	-0.0235307	-0.058723	-0.0532182	
328	20460	0.239008	-0.0235307	-0.0531327	-0.0532182	
329	21204	0.222566	-0.0235307	-0.0554346	-0.0532182	
330	21948	0.234174	-0.0235307	-0.0548427	-0.0532182	
331	22692	0.220165	-0.0235307	-0.0534287	-0.0532182	
332	23436	0.220264	-0.0235307	-0.0558621	-0.0532182	
333	24180	0.221086	-0.0235307	-0.055599	-0.0532182	
334	24924	0.226775	-0.0235307	-0.0551058	-0.0532182	
335	25668	0.22375	-0.0235307	-0.0537246	-0.0532182	
336	26412	0.220461	-0.0235307	-0.0590189	-0.0532182	
337	27156	0.235456	-0.0235307	-0.0478055	-0.0532182	
338	27900	0.223914	-0.0235307	-0.0541521	-0.0532182	
339	28644	0.230787	-0.0235307	-0.0553359	-0.0532182	
340	29388	0.241507	-0.0235307	-0.0537246	-0.0532182	
341	30132	0.232957	-0.0235307	-0.0528368	-0.0532182	
342	30876	0.232201	-0.0235307	-0.0547769	-0.0532182	
343	31620	0.228584	-0.0235307	-0.0503705	-0.0532182	
344	32364	0.234141	-0.0235307	-0.0516858	-0.0532182	
345	33108	0.226183	-0.0235307	-0.054744	-0.0532182	
346	33852	0.216581	-0.0235307	-0.0496799	-0.0532182	
347	34596	0.22911	-0.0235307	-0.0534944	-0.0532182	
348	35340	0.232563	-0.0235307	-0.0517516	-0.0532182	
349	36084	0.224243	-0.0235307	-0.0521133	-0.0532182	
350	36828	0.224407	-0.0235307	-0.0538233	-0.0532182	
351	37572	0.220527	-0.0235307	-0.0526395	-0.0532182	
352	38316	0.223684	-0.0235307	-0.0572432	-0.0532182	
353	39060	0.225887	-0.0235307	-0.0492853	-0.0532182	
354	39804	0.218488	-0.0235307	-0.0542837	-0.0532182	
355	40548	0.215792	-0.0235307	-0.0556319	-0.0532182	
356	41292	0.206255	-0.0235307	-0.0568815	-0.0532182	
357	42036	0.211155	-0.0235307	-0.0554675	-0.0532182	
358	42780	0.206979	-0.0235307	-0.054481	-0.0532182	
359	43524	0.207768	-0.0235307	-0.0544152	-0.0532182	
360	44268	0.212898	-0.0235307	-0.0502389	-0.0532182	
361	45012	0.218127	-0.0235307	-0.054481	-0.0532182	
362	45756	0.205368	-0.0235307	-0.0488249	-0.0532182	
363	46500	0.198725	-0.0235307	-0.0524093	-0.0532182	
364	47244	0.209906	-0.0235307	-0.0571117	-0.0532182	
365	47988	0.214411	-0.0235307	-0.0542508	-0.0532182	
366	48732	0.193299	-0.0235307	-0.0557963	-0.0532182	
367	49476	0.209445	-0.0235307	-0.057013	-0.0532182	
368	50220	0.211648	-0.0235307	-0.0501074	-0.0532182	
369	50964	0.201948	-0.0235307	-0.0546783	-0.0532182	
370	51708	0.200895	-0.0235307	-0.0526066	-0.0532182	
371	52452	0.212109	-0.0235307	-0.050798	-0.0532182	
372	53196	0.201257	-0.0235307	-0.0576707	-0.0532182	
373	53940	0.1981	-0.0235307	-0.0543494	-0.0532182	
374	54684	0.216417	-0.0235307	-0.0538891	-0.0532182	
375	55428	0.217403	-0.0235307	-0.0603672	-0.0532182	
376	56172	0.212273	-0.0235307	-0.0569473	-0.0532182	
377	56916	0.208952	-0.0235307	-0.0510939	-0.0532182	
378	57660	0.210761	-0.0235307	-0.0496799	-0.0532182	
379	58404	0.193464	-0.0235307	-0.0537904	-0.0532182	
380	59148	0.198692	-0.0235307	-0.0587888	-0.0532182	
381	59892	0.210728	-0.0235307	-0.0541192	-0.0532182	
382	60636	0.219573	-0.0235307	-0.0531656	-0.0532182	
383	61380	0.219113	-0.0235307	-0.0471807	-0.0532182	
384	62124	0.205696	-0.0235307	-0.0563882	-0.0532182	
385	62868	0.2225	-0.0235307	-0.0516201	-0.0532182	
386	63612	0.205729	-0.0235307	-0.0556319	-0.0532182	
387	64356	0.212109	-0.0235307	-0.0552702	-0.0532182	
388	65100	0.205598	-0.0235307	-0.0533958	-0.0532182	
389	65844	0.215463	-0.0235307	-0.0574076	-0.0532182	
390	66588	0.205631	-0.0235307	-0.05675	-0.0532182	
391	67332	0.221678	-0.0235307	-0.051916	-0.0532182	
392	68076	0.239994	-0.0235307	-0.0509295	-0.0532182	
393	68820	0.225164	-0.0235307	-0.0525079	-0.0532182	
394	69564	0.225131	-0.0235307	-0.0535931	-0.0532182	
395	70308	0.215134	-0.0235307	-0.0548427	-0.0532182	
396	71052	0.221316	-0.0235307	-0.0542179	-0.0532182	
397	71796	0.230294	-0.0235307	-0.0552044	-0.0532182	
398	72540	0.230524	-0.0235307	-0.049384	-0.0532182	
399	73284	0.220856	-0.0235307	-0.0538891	-0.0532182	
400	74028	0.214937	-0.0235307	-0.0543823	-0.0532182	
401	74772	0.218521	-0.0235307	-0.054744	-0.0532182	
402	75516	0.216318	-0.0235307	-0.0554675	-0.0532182	
403	76260	0.215299	-0.0235307	-0.0495484	-0.0532182	
404	77004	0.208853	-0.0235307	-0.0556977	-0.0532182	
405	77748	0.230294	-0.0235307	-0.0528039	-0.0532182	
406	78492	0.227498	-0.0235307	-0.0525079	-0.0532182	
407	79236	0.208788	-0.0235307	-0.0579338	-0.0532182	
408	79980	0.219014	-0.0235307	-0.0543823	-0.0532182	
409	80724	0.207374	-0.0235307	-0.0592491	-0.0532182	
410	81468	0.207702	-0.0235307	-0.0553688	-0.0532182	
411	82212	0.223421	-0.0235307	-0.0546125	-0.0532182	
412	82956	0.211681	-0.0235307	-0.0534287	-0.0532182	
413	83700	0.215693	-0.0235307	-0.0519489	-0.0532182	
414	84444	0.211648	-0.0235307	-0.0564211	-0.0532182	
415	85188	0.223947	-0.0235307	-0.0564211	-0.0532182	
416	85932	0.212898	-0.0235307	-0.0529683	-0.0532182	
417	86676	0.199547	-0.0235307	-0.0521462	-0.0532182	
418	87420	0.19958	-0.0235307	-0.0550071	-0.0532182	
419	88164	0.201882	-0.0235307	-0.0591505	-0.0532182	
420	88908	0.211188	-0.0235307	-0.0590847	-0.0532182	
421	89652	0.217173	-0.0235307	-0.0534944	-0.0532182	
422	90396	0.21839	-0.0235307	-0.0548427	-0.0532182	
423	91140	0.223881	-0.0235307	-0.0533629	-0.0532182	
424	91884	0.212175	-0.0235307	-0.0467204	-0.0532182	
425	92628	0.201816	-0.0235307	-0.0599726	-0.0532182	
426	93372	0.222007	-0.0235307	-0.0593149	-0.0532182	
427	94116	0.215101	-0.0235307	-0.05504	-0.0532182	
428	94860	0.222369	-0.0235307	-0.0514885	-0.0532182	
429	95604	0.215956	-0.0235307	-0.0537246	-0.0532182	
430	96348	0.240915	-0.0235307	-0.0555661	-0.0532182	
431	97092	0.218159	-0.0235307	-0.060696	-0.0532182	
432	97836	0.216745	-0.0235307	-0.0559936	-0.0532182	
433	98580	0.216121	-0.0235307	-0.056158	-0.0532182	
434	99324	0.2274	-0.0235307	-0.0551058	-0.0532182	
435	100068	0.226972	-0.0235307	-0.0565527	-0.0532182	
436	100812	0.222434	-0.0235307	-0.0504362	-0.0532182	
437	101556	0.221481	-0.0235307	-0.0506007	-0.0532182	
438	102300	0.22056	-0.0235307	-0.05504	-0.0532182	
439	103044	0.216943	-0.0235307	-0.0552044	-0.0532182	
440	103788	0.201257	-0.0235307	-0.0545796	-0.0532182	
441	104532	0.212635	-0.0235307	-0.0586901	-0.0532182	
442	105276	0.200665	-0.0235307	-0.0560594	-0.0532182	
443	106020	0.214345	-0.0235307	-0.0551715	-0.0532182	
444	106764	0.220297	-0.0235307	-0.0544152	-0.0532182	
445	107508	0.204973	-0.0235307	-0.0567828	-0.0532182	
446	108252	0.217995	-0.0235307	-0.053626	-0.0532182	
447	108996	0.209511	-0.0235307	-0.0595451	-0.0532182	
448	109740	0.20323	-0.0235307	-0.0534287	-0.0532182	
449	110484	0.206979	-0.0235307	-0.0597753	-0.0532182	
450	111228	0.203888	-0.0235307	-0.0529354	-0.0532182	
451	111414	0.196029	-0.0235307	-0.0507651	-0.0532182	
452	110670	0.19422	-0.0235307	-0.0579667	-0.0532182	
453	109926	0.222204	-0.0235307	-0.0540206	-0.0532182	
454	109182	0.206058	-0.0235307	-0.0526724	-0.0532182	
455	108438	0.216811	-0.0235307	-0.0553031	-0.0532182	
456	107694	0.213819	-0.0235307	-0.0535931	-0.0532182	
457	106950	0.203197	-0.0235307	-0.0576707	-0.0532182	
458	106206	0.221777	-0.0235307	-0.0550071	-0.0532182	
459	105462	0.208985	-0.0235307	-0.0559936	-0.0532182	
460	104718	0.205137	-0.0235307	-0.05333	-0.0532182	
461	103974	0.212142	-0.0235307	-0.051916	-0.0532182	
462	103230	0.214608	-0.0235307	-0.0591176	-0.0532182	
463	102486	0.209314	-0.0235307	-0.0568157	-0.0532182	
464	101742	0.22227	-0.0235307	-0.0528368	-0.0532182	
465	100998	0.221283	-0.0235307	-0.0572103	-0.0532182	
466	100254	0.222632	-0.0235307	-0.0604001	-0.0532182	
467	99510	0.20665	-0.0235307	-0.0526066	-0.0532182	
468	98766	0.204907	-0.0235307	-0.0571446	-0.0532182	
469	98022	0.231741	-0.0235307	-0.0552373	-0.0532182	
470	97278	0.209906	-0.0235307	-0.0571117	-0.0532182	
471	96534	0.220494	-0.0235307	-0.0552702	-0.0532182	
472	95790	0.221974	-0.0235307	-0.0577694	-0.0532182	
473	95046	0.2347	-0.0235307	-0.0521791	-0.0532182	
474	94302	0.22592	-0.0235307	-0.0568486	-0.0532182	
475	93558	0.22615	-0.0235307	-0.0551386	-0.0532182	
476	92814	0.221678	-0.0235307	-0.051916	-0.0532182	
477	92070	0.235818	-0.0235307	-0.0535931	-0.0532182	
478	91326	0.224999	-0.0235307	-0.0479371	-0.0532182	
479	90582	0.231839	-0.0235307	-0.0489894	-0.0532182	
480	89838	0.205959	-0.0235307	-0.0544152	-0.0532182	
481	89094	0.224276	-0.0235307	-0.0564211	-0.0532182	
482	88350	0.228847	-0.0235307	-0.0531327	-0.0532182	
483	87606	0.219606	-0.0235307	-0.0574076	-0.0532182	
484	86862	0.223421	-0.0235307	-0.0520476	-0.0532182	
485	86118	0.217239	-0.0235307	-0.0474767	-0.0532182	
486	85374	0.224375	-0.0235307	-0.0542837	-0.0532182	
487	84630	0.217041	-0.0235307	-0.0541521	-0.0532182	
488	83886	0.209281	-0.0235307	-0.0518831	-0.0532182	
489	83142	0.217568	-0.0235307	-0.0501403	-0.0532182	
490	82398	0.210991	-0.0235307	-0.0536918	-0.0532182	
491	81654	0.226709	-0.0235307	-0.0548756	-0.0532182	
492	80910	0.221349	-0.0235307	-0.0585257	-0.0532182	
493	80166	0.221481	-0.0235307	-0.0520476	-0.0532182	
494	79422	0.216219	-0.0235307	-0.051916	-0.0532182	
495	78678	0.220461	-0.0235307	-0.0495484	-0.0532182	
496	77934	0.229439	-0.0235307	-0.0539877	-0.0532182	
497	77190	0.218718	-0.0235307	-0.054185	-0.0532182	
498	76446	0.218061	-0.0235307	-0.0548756	-0.0532182	
499	75702	0.214838	-0.0235307	-0.0461942	-0.0532182	
500	74958	0.221612	-0.0235307	-0.0528697	-0.0532182	
501	74214	0.227104	-0.0235307	-0.0551386	-0.0532182	
502	73470	0.224013	-0.0235307	-0.0513241	-0.0532182	
503	72726	0.221579	-0.0235307	-0.0585915	-0.0532182	
504	71982	0.227466	-0.0235307	-0.0544481	-0.0532182	
505	71238	0.224407	-0.0235307	-0.0574734	-0.0532182	
506	70494	0.2323	-0.0235307	-0.055599	-0.0532182	
507	69750	0.234404	-0.0235307	-0.0566184	-0.0532182	
508	69006	0.223191	-0.0235307	-0.0509295	-0.0532182	
509	68262	0.228222	-0.0235307	-0.0557963	-0.0532182	
510	67518	0.215101	-0.0235307	-0.0541521	-0.0532182	
511	66774	0.22204	-0.0235307	-0.0546454	-0.0532182	
512	66030	0.222763	-0.0235307	-0.0521791	-0.0532182	
513	65286	0.22717	-0.0235307	-0.0525079	-0.0532182	
514	64542	0.216548	-0.0235307	-0.054185	-0.0532182	
515	63798	0.242954	-0.0235307	-0.0558292	-0.0532182	
516	63054	0.233516	-0.0235307	-0.0512583	-0.0532182	
517	62310	0.234799	-0.0235307	-0.0504034	-0.0532182	
518	61566	0.230096	-0.0235307	-0.0552373	-0.0532182	
519	60822	0.2225	-0.0235307	-0.0534287	-0.0532182	
520	60078	0.231379	-0.0235307	-0.0530998	-0.0532182	
521	59334	0.213161	-0.0235307	-0.0555333	-0.0532182	
522	58590	0.217304	-0.0235307	-0.0564869	-0.0532182	
523	57846	0.227104	-0.0235307	-0.0549742	-0.0532182	
524	57102	0.22546	-0.0235307	-0.0521791	-0.0532182	
525	56358	0.233648	-0.0235307	-0.0506993	-0.0532182	
526	55614	0.227104	-0.0235307	-0.0559607	-0.0532182	
527	54870	0.217206	-0.0235307	-0.0535273	-0.0532182	
528	54126	0.232563	-0.0235307	-0.0498443	-0.0532182	
529	53382	0.228748	-0.0235307	-0.0535931	-0.0532182	
530	52638	0.232431	-0.0235307	-0.049647	-0.0532182	
531	51894	0.249037	-0.0235307	-0.0512912	-0.0532182	
532	51150	0.235325	-0.0235307	-0.0525408	-0.0532182	
533	50406	0.238843	-0.0235307	-0.0497128	-0.0532182	
534	49662	0.235687	-0.0235307	-0.0479042	-0.0532182	
535	48918	0.220198	-0.0235307	-0.0570459	-0.0532182	
536	48174	0.241408	-0.0235307	-0.0502718	-0.0532182	
537	47430	0.245256	-0.0235307	-0.0549085	-0.0532182	
538	46686	0.228814	-0.0235307	-0.0514556	-0.0532182	
539	45942	0.237857	-0.0235307	-0.0525737	-0.0532182	
540	45198	0.229866	-0.0235307	-0.0549742	-0.0532182	
541	44454	0.242066	-0.0235307	-0.053626	-0.0532182	
542	43710	0.22615	-0.0235307	-0.0513241	-0.0532182	
543	42966	0.222073	-0.0235307	-0.0541521	-0.0532182	
544	42222	0.245683	-0.0235307	-0.0489894	-0.0532182	
545	41478	0.247952	-0.0235307	-0.0531985	-0.0532182	
546	40734	0.241145	-0.0235307	-0.0495484	-0.0532182	
547	39990	0.228551	-0.0235307	-0.0479371	-0.0532182	
548	39246	0.236607	-0.0235307	-0.051357	-0.0532182	
549	38502	0.222599	-0.0235307	-0.0537575	-0.0532182	
550	37758	0.227531	-0.0235307	-0.0505349	-0.0532182	
551	37014	0.239534	-0.0235307	-0.0564211	-0.0532182	
552	36270	0.226676	-0.0235307	-0.0513899	-0.0532182	
553	35526	0.223618	-0.0235307	-0.0494497	-0.0532182	
554	34782	0.234042	-0.0235307	-0.0524422	-0.0532182	
555	34038	0.215397	-0.0235307	-0.0541192	-0.0532182	
556	33294	0.212471	-0.0235307	-0.0497457	-0.0532182	
557	32550	0.219869	-0.0235307	-0.052771	-0.0532182	
558	31806	0.225098	-0.0235307	-0.0456681	-0.0532182	
559	31062	0.213589	-0.0235307	-0.0549742	-0.0532182	
560	30318	0.22638	-0.0235307	-0.0533629	-0.0532182	
561	29574	0.218784	-0.0235307	-0.0582297	-0.0532182	
562	28830	0.221941	-0.0235307	-0.0548756	-0.0532182	
563	28086	0.232036	-0.0235307	-0.0575392	-0.0532182	
564	27342	0.215693	-0.0235307	-0.0528368	-0.0532182	
565	26598	0.219409	-0.0235307	-0.0540206	-0.0532182	
566	25854	0.205729	-0.0235307	-0.055895	-0.0532182	
567	25110	0.216844	-0.0235307	-0.0566513	-0.0532182	
568	24366	0.214575	-0.0235307	-0.0538562	-0.0532182	
569	23622	0.219771	-0.0235307	-0.0531656	-0.0532182	
570	22878	0.230853	-0.0235307	-0.0556977	-0.0532182	
571	22134	0.220922	-0.0235307	-0.0525737	-0.0532182	
572	21390	0.210465	-0.0235307	-0.0630965	-0.0532182	
573	20646	0.212766	-0.0235307	-0.0503047	-0.0532182	
574	19902	0.215562	-0.0235307	-0.0552373	-0.0532182	
575	19158	0.217469	-0.0235307	-0.0535273	-0.0532182	
576	18414	0.21931	-0.0235307	-0.0534287	-0.0532182	
577	17670	0.226216	-0.0235307	-0.0491209	-0.0532182	
578	16926	0.224111	-0.0235307	-0.0532971	-0.0532182	
579	16182	0.218127	-0.0235307	-0.0551715	-0.0532182	
580	15438	0.223881	-0.0235307	-0.0501732	-0.0532182	
581	14694	0.220626	-0.0235307	-0.0483317	-0.0532182	
582	13950	0.238646	-0.0235307	-0.0485619	-0.0532182	
583	13206	0.223026	-0.0235307	-0.0498443	-0.0532182	
584	12462	0.231708	-0.0235307	-0.0515214	-0.0532182	
585	11718	0.236838	-0.0235307	-0.0540535	-0.0532182	
586	10974	0.219442	-0.0235307	-0.0532643	-0.0532182	
587	10230	0.229176	-0.0235307	-0.0548427	-0.0532182	
588	9486	0.219968	-0.0235307	-0.0526724	-0.0532182	
589	8742	0.218324	-0.0235307	-0.0498115	-0.0532182	
590	7998	0.224013	-0.0235307	-0.0542837	-0.0532182	
591	7254	0.227531	-0.0235307	-0.0498115	-0.0532182	
592	6510	0.203362	-0.0235307	-0.0538891	-0.0532182	
593	5766	0.211977	-0.0235307	-0.049088	-0.0532182	
594	5022	0.220757	-0.0235307	-0.05333	-0.0532182	
595	4278	0.204578	-0.0235307	-0.053626	-0.0532182	
596	3534	0.20813	-0.0235307	-0.0509953	-0.0532182	
597	2790	0.220593	-0.0235307	-0.0506007	-0.0532182	
598	2046	0.215101	-0.0235307	-0.0524093	-0.0532182	
599	1302	0.216844	-0.0235307	-0.0564869	-0.0532182	
600	558	0.226315	-0.0286671	-0.0519818	-0.05504	
