# Filename	3_delay.txt
# Date	2016-10-04
# Title	DL-Pro & DL-100 Locked delay scan.
# DL-Pro	365824.8 GHz
# DL-100	365808.9 GHz
# Static	100 mV Pulsed
# MWOn	On
# MWf	15931.6 MHz
# Attn	32 dB
# FixedAttn	6 dB
# B2	B2 = T2 + 2.050 us
# HP214B	HP 214B FIP at 5.5 on 100V setting ; Applied to Top ; Mesh & Vin of MCP @ +25V ; Vout of MCP @ +2025 V
# Oven	32 A
# Boxcar	Gate = 200 ns ; Amp = 25x ; Sensitivity = 5 mV
# Offset	+/- 30 mV IR/Oven offset.
# Bias	Top: 0 V ; Bot: -0.476 V ; IR: +0.060 V ; Oven: -0.060 V ; Vis: -0.010 V ; MW: +0.010 V
# Passes	4
i, step, norm, nbackground, signal, sbackground
0	0	0.298199	-0.0130012	-0.0169276	-0.0424652	
1	744	0.294648	-0.0130012	-0.0302127	-0.0424652	
2	1488	0.294089	-0.0130012	-0.0193281	-0.0424652	
3	2232	0.28909	-0.0130012	-0.0262666	-0.0424652	
4	2976	0.287314	-0.0130012	-0.0197227	-0.0424652	
5	3720	0.288597	-0.0130012	-0.0243593	-0.0424652	
6	4464	0.293464	-0.0130012	-0.017651	-0.0424652	
7	5208	0.283434	-0.0130012	-0.0197556	-0.0424652	
8	5952	0.294911	-0.0130012	-0.0200515	-0.0424652	
9	6696	0.279258	-0.0130012	-0.0199529	-0.0424652	
10	7440	0.274588	-0.0130012	-0.0262337	-0.0424652	
11	8184	0.272188	-0.0130012	-0.0189335	-0.0424652	
12	8928	0.307209	-0.0130012	-0.0235701	-0.0424652	
13	9672	0.284388	-0.0130012	-0.0238003	-0.0424652	
14	10416	0.28498	-0.0130012	-0.0204133	-0.0424652	
15	11160	0.290373	-0.0130012	-0.017947	-0.0424652	
16	11904	0.29764	-0.0130012	-0.0182429	-0.0424652	
17	12648	0.28715	-0.0130012	-0.0133104	-0.0424652	
18	13392	0.297936	-0.0130012	-0.0157109	-0.0424652	
19	14136	0.311484	-0.0130012	-0.0217615	-0.0424652	
20	14880	0.295568	-0.0130012	-0.0164343	-0.0424652	
21	15624	0.296752	-0.0130012	-0.0163686	-0.0424652	
22	16368	0.322106	-0.0130012	-0.0151847	-0.0424652	
23	17112	0.306716	-0.0130012	-0.0169276	-0.0424652	
24	17856	0.32329	-0.0130012	-0.0117977	-0.0424652	
25	18600	0.31908	-0.0130012	-0.0150532	-0.0424652	
26	19344	0.309084	-0.0130012	-0.0189993	-0.0424652	
27	20088	0.310333	-0.0130012	-0.0215313	-0.0424652	
28	20832	0.318817	-0.0130012	-0.0140009	-0.0424652	
29	21576	0.304644	-0.0130012	-0.01285	-0.0424652	
30	22320	0.326479	-0.0130012	-0.00910121	-0.0424652	
31	23064	0.321711	-0.0130012	-0.00943005	-0.0424652	
32	23808	0.325559	-0.0130012	-0.0177168	-0.0424652	
33	24552	0.328222	-0.0130012	-0.0138365	-0.0424652	
34	25296	0.325723	-0.0130012	-0.00906833	-0.0424652	
35	26040	0.328946	-0.0130012	-0.0174866	-0.0424652	
36	26784	0.333122	-0.0130012	-0.0163686	-0.0424652	
37	27528	0.31451	-0.0130012	-0.0171249	-0.0424652	
38	28272	0.321645	-0.0130012	-0.0141324	-0.0424652	
39	29016	0.312898	-0.0130012	-0.0164672	-0.0424652	
40	29760	0.343053	-0.0130012	-0.0143626	-0.0424652	
41	30504	0.31816	-0.0130012	-0.0202817	-0.0424652	
42	31248	0.310794	-0.0130012	-0.0194925	-0.0424652	
43	31992	0.312635	-0.0130012	-0.0196241	-0.0424652	
44	32736	0.320725	-0.0130012	-0.0172235	-0.0424652	
45	33480	0.314378	-0.0130012	-0.0109098	-0.0424652	
46	34224	0.349728	-0.0130012	-0.017092	-0.0424652	
47	34968	0.328321	-0.0130012	-0.0231755	-0.0424652	
48	35712	0.312701	-0.0130012	-0.0213011	-0.0424652	
49	36456	0.334963	-0.0130012	-0.0158753	-0.0424652	
50	37200	0.312865	-0.0130012	-0.0165001	-0.0424652	
51	37944	0.323059	-0.0130012	-0.0191637	-0.0424652	
52	38688	0.334569	-0.0130012	-0.0201831	-0.0424652	
53	39432	0.338614	-0.0130012	-0.0227809	-0.0424652	
54	40176	0.337759	-0.0130012	-0.0157109	-0.0424652	
55	40920	0.352918	-0.0130012	-0.0212682	-0.0424652	
56	41664	0.35476	-0.0130012	-0.0161384	-0.0424652	
57	42408	0.344434	-0.0130012	-0.0203146	-0.0424652	
58	43152	0.345486	-0.0130012	-0.0189335	-0.0424652	
59	43896	0.361172	-0.0130012	-0.0203804	-0.0424652	
60	44640	0.340554	-0.0130012	-0.0197556	-0.0424652	
61	45384	0.355384	-0.0130012	-0.01821	-0.0424652	
62	46128	0.338416	-0.0130012	-0.0208079	-0.0424652	
63	46872	0.355582	-0.0130012	-0.0150203	-0.0424652	
64	47616	0.345585	-0.0130012	-0.0108769	-0.0424652	
65	48360	0.38258	-0.0130012	-0.0117319	-0.0424652	
66	49104	0.355056	-0.0130012	-0.012554	-0.0424652	
67	49848	0.384618	-0.0130012	-0.0178812	-0.0424652	
68	50592	0.367354	-0.0130012	-0.0085093	-0.0424652	
69	51336	0.393826	-0.0130012	-0.0110085	-0.0424652	
70	52080	0.38258	-0.0130012	-0.00670069	-0.0424652	
71	52824	0.361336	-0.0130012	-0.0117648	-0.0424652	
72	53568	0.371103	-0.0130012	-0.00735837	-0.0424652	
73	54312	0.375509	-0.0130012	-0.0145928	-0.0424652	
74	55056	0.375444	-0.0130012	-0.0034123	-0.0424652	
75	55800	0.362586	-0.0130012	-0.0120279	-0.0424652	
76	56544	0.385342	-0.0130012	-0.0146915	-0.0424652	
77	57288	0.362356	-0.0130012	-0.0111071	-0.0424652	
78	58032	0.37574	-0.0130012	-0.0110085	-0.0424652	
79	58776	0.374819	-0.0130012	-0.0141653	-0.0424652	
80	59520	0.355154	-0.0130012	-0.00959447	-0.0424652	
81	60264	0.361205	-0.0130012	-0.00910121	-0.0424652	
82	61008	0.350846	-0.0130012	-0.011699	-0.0424652	
83	61752	0.376463	-0.0130012	-0.00841065	-0.0424652	
84	62496	0.358015	-0.0130012	-0.0138365	-0.0424652	
85	63240	0.375411	-0.0130012	-0.0145599	-0.0424652	
86	63984	0.357555	-0.0130012	-0.0154149	-0.0424652	
87	64728	0.368012	-0.0130012	-0.00397133	-0.0424652	
88	65472	0.351964	-0.0130012	-0.0118635	-0.0424652	
89	66216	0.375805	-0.0130012	-0.0212682	-0.0424652	
90	66960	0.372747	-0.0130012	-0.0179141	-0.0424652	
91	67704	0.374063	-0.0130012	-0.014823	-0.0424652	
92	68448	0.363507	-0.0130012	-0.0142969	-0.0424652	
93	69192	0.364855	-0.0130012	-0.00896968	-0.0424652	
94	69936	0.371399	-0.0130012	-0.0154807	-0.0424652	
95	70680	0.385736	-0.0130012	-0.0173551	-0.0424652	
96	71424	0.371859	-0.0130012	-0.0134748	-0.0424652	
97	72168	0.352096	-0.0130012	-0.0232742	-0.0424652	
98	72912	0.37324	-0.0130012	-0.0183087	-0.0424652	
99	73656	0.36571	-0.0130012	-0.0162041	-0.0424652	
100	74400	0.367223	-0.0130012	-0.0166316	-0.0424652	
101	75144	0.381593	-0.0130012	-0.0168947	-0.0424652	
102	75888	0.371465	-0.0130012	-0.0198214	-0.0424652	
103	76632	0.359659	-0.0130012	-0.0193939	-0.0424652	
104	77376	0.357785	-0.0130012	-0.017651	-0.0424652	
105	78120	0.356075	-0.0130012	-0.0130802	-0.0424652	
106	78864	0.367782	-0.0130012	-0.0197227	-0.0424652	
107	79608	0.381001	-0.0130012	-0.0163357	-0.0424652	
108	80352	0.379357	-0.0130012	-0.0158424	-0.0424652	
109	81096	0.359528	-0.0130012	-0.0212682	-0.0424652	
110	81840	0.363901	-0.0130012	-0.0171578	-0.0424652	
111	82584	0.354003	-0.0130012	-0.0152505	-0.0424652	
112	83328	0.351603	-0.0130012	-0.0161712	-0.0424652	
113	84072	0.351899	-0.0130012	-0.0206763	-0.0424652	
114	84816	0.364132	-0.0130012	-0.0138365	-0.0424652	
115	85560	0.357653	-0.0130012	-0.0175195	-0.0424652	
116	86304	0.352359	-0.0130012	-0.0183745	-0.0424652	
117	87048	0.368538	-0.0130012	-0.011995	-0.0424652	
118	87792	0.363507	-0.0130012	-0.0110414	-0.0424652	
119	88536	0.352293	-0.0130012	-0.0191966	-0.0424652	
120	89280	0.347459	-0.0130012	-0.0140338	-0.0424652	
121	90024	0.317535	-0.0130012	-0.0192294	-0.0424652	
122	90768	0.344598	-0.0130012	-0.0122252	-0.0424652	
123	91512	0.352984	-0.0130012	-0.0123567	-0.0424652	
124	92256	0.351833	-0.0130012	-0.00597725	-0.0424652	
125	93000	0.341376	-0.0130012	-0.0109756	-0.0424652	
126	93744	0.33299	-0.0130012	-0.00900256	-0.0424652	
127	94488	0.343579	-0.0130012	-0.00943005	-0.0424652	
128	95232	0.348577	-0.0130012	-0.0115017	-0.0424652	
129	95976	0.338844	-0.0130012	-0.0136392	-0.0424652	
130	96720	0.356996	-0.0130012	-0.00903545	-0.0424652	
131	97464	0.328222	-0.0130012	-0.0189664	-0.0424652	
132	98208	0.343316	-0.0130012	-0.0137707	-0.0424652	
133	98952	0.330031	-0.0130012	-0.0144284	-0.0424652	
134	99696	0.334766	-0.0130012	-0.0160726	-0.0424652	
135	100440	0.327433	-0.0130012	-0.0141324	-0.0424652	
136	101184	0.335095	-0.0130012	-0.0150861	-0.0424652	
137	101928	0.32911	-0.0130012	-0.00785163	-0.0424652	
138	102672	0.325065	-0.0130012	-0.0166974	-0.0424652	
139	103416	0.337495	-0.0130012	-0.016237	-0.0424652	
140	104160	0.351274	-0.0130012	-0.018802	-0.0424652	
141	104904	0.325822	-0.0130012	-0.0127184	-0.0424652	
142	105648	0.330557	-0.0130012	-0.0141324	-0.0424652	
143	106392	0.338646	-0.0130012	-0.0157438	-0.0424652	
144	107136	0.327269	-0.0130012	-0.0198871	-0.0424652	
145	107880	0.34861	-0.0130012	-0.0171249	-0.0424652	
146	108624	0.331839	-0.0130012	-0.0174537	-0.0424652	
147	109368	0.33253	-0.0130012	-0.0200844	-0.0424652	
148	110112	0.338186	-0.0130012	-0.0233399	-0.0424652	
149	110856	0.328091	-0.0130012	-0.0149874	-0.0424652	
150	111600	0.32079	-0.0130012	-0.0187033	-0.0424652	
151	111042	0.310695	-0.0130012	-0.019065	-0.0424652	
152	110298	0.339271	-0.0130012	-0.0211367	-0.0424652	
153	109554	0.328321	-0.0130012	-0.0108769	-0.0424652	
154	108810	0.31839	-0.0130012	-0.0214656	-0.0424652	
155	108066	0.313918	-0.0130012	-0.0163357	-0.0424652	
156	107322	0.305269	-0.0130012	-0.0217286	-0.0424652	
157	106578	0.32375	-0.0130012	-0.0158095	-0.0424652	
158	105834	0.314871	-0.0130012	-0.013968	-0.0424652	
159	105090	0.305664	-0.0130012	-0.0167632	-0.0424652	
160	104346	0.304842	-0.0130012	-0.0181443	-0.0424652	
161	103602	0.345223	-0.0130012	-0.0116004	-0.0424652	
162	102858	0.319968	-0.0130012	-0.0166316	-0.0424652	
163	102114	0.340817	-0.0130012	-0.0146915	-0.0424652	
164	101370	0.339173	-0.0130012	-0.0147244	-0.0424652	
165	100626	0.346802	-0.0130012	-0.0130144	-0.0424652	
166	99882	0.352787	-0.0130012	-0.010285	-0.0424652	
167	99138	0.34644	-0.0130012	-0.00827912	-0.0424652	
168	98394	0.351044	-0.0130012	-0.0149545	-0.0424652	
169	97650	0.376759	-0.0130012	-0.0134748	-0.0424652	
170	96906	0.361863	-0.0130012	-0.00775297	-0.0424652	
171	96162	0.363605	-0.0130012	-0.0175524	-0.0424652	
172	95418	0.371596	-0.0130012	-0.00969312	-0.0424652	
173	94674	0.353082	-0.0130012	-0.0118963	-0.0424652	
174	93930	0.363704	-0.0130012	-0.0114689	-0.0424652	
175	93186	0.381034	-0.0130012	-0.00900256	-0.0424652	
176	92442	0.36571	-0.0130012	-0.00775297	-0.0424652	
177	91698	0.386361	-0.0130012	-0.0114689	-0.0424652	
178	90954	0.382547	-0.0130012	-0.0159082	-0.0424652	
179	90210	0.356305	-0.0130012	-0.00337942	-0.0424652	
180	89466	0.362586	-0.0130012	-0.0158095	-0.0424652	
181	88722	0.364526	-0.0130012	-0.013113	-0.0424652	
182	87978	0.36525	-0.0130012	-0.0119292	-0.0424652	
183	87234	0.37038	-0.0130012	-0.0126527	-0.0424652	
184	86490	0.370051	-0.0130012	-0.0109098	-0.0424652	
185	85746	0.370281	-0.0130012	-0.0189664	-0.0424652	
186	85002	0.344533	-0.0130012	-0.0144613	-0.0424652	
187	84258	0.354201	-0.0130012	-0.0163686	-0.0424652	
188	83514	0.344368	-0.0130012	-0.0150532	-0.0424652	
189	82770	0.358475	-0.0130012	-0.0178812	-0.0424652	
190	82026	0.359922	-0.0130012	-0.0142969	-0.0424652	
191	81282	0.36696	-0.0130012	-0.0180127	-0.0424652	
192	80538	0.357193	-0.0130012	-0.017388	-0.0424652	
193	79794	0.375246	-0.0130012	-0.0135734	-0.0424652	
194	79050	0.356996	-0.0130012	-0.020216	-0.0424652	
195	78306	0.331971	-0.0130012	-0.0203146	-0.0424652	
196	77562	0.359725	-0.0130012	-0.0222876	-0.0424652	
197	76818	0.348183	-0.0130012	-0.0218602	-0.0424652	
198	76074	0.325493	-0.0130012	-0.0168947	-0.0424652	
199	75330	0.347196	-0.0130012	-0.0169933	-0.0424652	
200	74586	0.358048	-0.0130012	-0.0174866	-0.0424652	
201	73842	0.390833	-0.0130012	-0.0144613	-0.0424652	
202	73098	0.359462	-0.0130012	-0.0189664	-0.0424652	
203	72354	0.361402	-0.0130012	-0.0186047	-0.0424652	
204	71610	0.350682	-0.0130012	-0.0174866	-0.0424652	
205	70866	0.362027	-0.0130012	-0.0138365	-0.0424652	
206	70122	0.342033	-0.0130012	-0.0104495	-0.0424652	
207	69378	0.365282	-0.0130012	-0.0123896	-0.0424652	
208	68634	0.359199	-0.0130012	-0.0164014	-0.0424652	
209	67890	0.366302	-0.0130012	-0.0186704	-0.0424652	
210	67146	0.353346	-0.0130012	-0.0155793	-0.0424652	
211	66402	0.343316	-0.0130012	-0.0151518	-0.0424652	
212	65658	0.341836	-0.0130012	-0.0146586	-0.0424652	
213	64914	0.347328	-0.0130012	-0.0192294	-0.0424652	
214	64170	0.330754	-0.0130012	-0.0206763	-0.0424652	
215	63426	0.35032	-0.0130012	-0.0109427	-0.0424652	
216	62682	0.359824	-0.0130012	-0.0206435	-0.0424652	
217	61938	0.347525	-0.0130012	-0.0179141	-0.0424652	
218	61194	0.341935	-0.0130012	-0.0191637	-0.0424652	
219	60450	0.329209	-0.0130012	-0.0174866	-0.0424652	
220	59706	0.341376	-0.0130012	-0.0126527	-0.0424652	
221	58962	0.325361	-0.0130012	-0.0165659	-0.0424652	
222	58218	0.340126	-0.0130012	-0.00854219	-0.0424652	
223	57474	0.337265	-0.0130012	-0.0130802	-0.0424652	
224	56730	0.341211	-0.0130012	-0.0165001	-0.0424652	
225	55986	0.331675	-0.0130012	-0.0144942	-0.0424652	
226	55242	0.341705	-0.0130012	-0.00818047	-0.0424652	
227	54498	0.332563	-0.0130012	-0.0122581	-0.0424652	
228	53754	0.33789	-0.0130012	-0.0200515	-0.0424652	
229	53010	0.354431	-0.0130012	-0.0140009	-0.0424652	
230	52266	0.352556	-0.0130012	-0.0107783	-0.0424652	
231	51522	0.364395	-0.0130012	-0.0169276	-0.0424652	
232	50778	0.355286	-0.0130012	-0.0124225	-0.0424652	
233	50034	0.353214	-0.0130012	-0.0136392	-0.0424652	
234	49290	0.33937	-0.0130012	-0.0110085	-0.0424652	
235	48546	0.343053	-0.0130012	-0.0132117	-0.0424652	
236	47802	0.344138	-0.0130012	-0.0149874	-0.0424652	
237	47058	0.348676	-0.0130012	-0.0196569	-0.0424652	
238	46314	0.341343	-0.0130012	-0.0164343	-0.0424652	
239	45570	0.356239	-0.0130012	-0.0181114	-0.0424652	
240	44826	0.360054	-0.0130012	-0.0149217	-0.0424652	
241	44082	0.338909	-0.0130012	-0.0171249	-0.0424652	
242	43338	0.327433	-0.0130012	-0.0208079	-0.0424652	
243	42594	0.338087	-0.0130012	-0.0241291	-0.0424652	
244	41850	0.312931	-0.0130012	-0.0191966	-0.0424652	
245	41106	0.334076	-0.0130012	-0.0196241	-0.0424652	
246	40362	0.330392	-0.0130012	-0.0244251	-0.0424652	
247	39618	0.336377	-0.0130012	-0.0237674	-0.0424652	
248	38874	0.329833	-0.0130012	-0.020479	-0.0424652	
249	38130	0.338482	-0.0130012	-0.0237017	-0.0424652	
250	37386	0.315364	-0.0130012	-0.0205777	-0.0424652	
251	36642	0.324901	-0.0130012	-0.0123238	-0.0424652	
252	35898	0.317042	-0.0130012	-0.0147244	-0.0424652	
253	35154	0.328978	-0.0130012	-0.0104166	-0.0424652	
254	34410	0.332037	-0.0130012	-0.0168289	-0.0424652	
255	33666	0.321284	-0.0130012	-0.0129486	-0.0424652	
256	32922	0.333023	-0.0130012	-0.0139351	-0.0424652	
257	32178	0.316811	-0.0130012	-0.0163686	-0.0424652	
258	31434	0.325295	-0.0130012	-0.0201502	-0.0424652	
259	30690	0.335687	-0.0130012	-0.0154807	-0.0424652	
260	29946	0.336673	-0.0130012	-0.0192623	-0.0424652	
261	29202	0.324802	-0.0130012	-0.0178812	-0.0424652	
262	28458	0.35009	-0.0130012	-0.0132446	-0.0424652	
263	27714	0.331478	-0.0130012	-0.0179799	-0.0424652	
264	26970	0.323717	-0.0130012	-0.0130144	-0.0424652	
265	26226	0.310399	-0.0130012	-0.0146586	-0.0424652	
266	25482	0.31908	-0.0130012	-0.0213011	-0.0424652	
267	24738	0.303921	-0.0130012	-0.0199858	-0.0424652	
268	23994	0.302441	-0.0130012	-0.0159411	-0.0424652	
269	23250	0.316351	-0.0130012	-0.0191308	-0.0424652	
270	22506	0.289748	-0.0130012	-0.018802	-0.0424652	
271	21762	0.308558	-0.0130012	-0.0155465	-0.0424652	
272	21018	0.309215	-0.0130012	-0.00887103	-0.0424652	
273	20274	0.314674	-0.0130012	-0.0161712	-0.0424652	
274	19530	0.298659	-0.0130012	-0.0173222	-0.0424652	
275	18786	0.302934	-0.0130012	-0.0161055	-0.0424652	
276	18042	0.316844	-0.0130012	-0.0119621	-0.0424652	
277	17298	0.322698	-0.0130012	-0.0186047	-0.0424652	
278	16554	0.323257	-0.0130012	-0.0168618	-0.0424652	
279	15810	0.311583	-0.0130012	-0.00910121	-0.0424652	
280	15066	0.301553	-0.0130012	-0.0178154	-0.0424652	
281	14322	0.298462	-0.0130012	-0.0244909	-0.0424652	
282	13578	0.307209	-0.0130012	-0.0240305	-0.0424652	
283	12834	0.301619	-0.0130012	-0.0257076	-0.0424652	
284	12090	0.311912	-0.0130012	-0.0220575	-0.0424652	
285	11346	0.298988	-0.0130012	-0.0177826	-0.0424652	
286	10602	0.311747	-0.0130012	-0.0181772	-0.0424652	
287	9858	0.308558	-0.0130012	-0.0262995	-0.0424652	
288	9114	0.304907	-0.0130012	-0.0227151	-0.0424652	
289	8370	0.291293	-0.0130012	-0.0138365	-0.0424652	
290	7626	0.307275	-0.0130012	-0.0183416	-0.0424652	
291	6882	0.291754	-0.0130012	-0.0227809	-0.0424652	
292	6138	0.30688	-0.0130012	-0.0209723	-0.0424652	
293	5394	0.295437	-0.0130012	-0.023307	-0.0424652	
294	4650	0.297377	-0.0130012	-0.0252143	-0.0424652	
295	3906	0.299087	-0.0130012	-0.0239976	-0.0424652	
296	3162	0.303724	-0.0130012	-0.0159082	-0.0424652	
297	2418	0.325887	-0.0130012	-0.021334	-0.0424652	
298	1674	0.29958	-0.0130012	-0.0243593	-0.0424652	
299	930	0.294286	-0.0130012	-0.0171249	-0.0424652	
300	186	0.291293	-0.0130012	-0.0231426	-0.0424652	
301	372	0.314345	-0.0130012	-0.0214656	-0.0424652	
302	1116	0.303526	-0.0130012	-0.0194925	-0.0424652	
303	1860	0.310859	-0.0130012	-0.0271216	-0.0424652	
304	2604	0.300336	-0.0130012	-0.0209394	-0.0424652	
305	3348	0.297245	-0.0130012	-0.018506	-0.0424652	
306	4092	0.300304	-0.0130012	-0.0231755	-0.0424652	
307	4836	0.332168	-0.0130012	-0.0189993	-0.0424652	
308	5580	0.307078	-0.0130012	-0.0223863	-0.0424652	
309	6324	0.297541	-0.0130012	-0.0200844	-0.0424652	
310	7068	0.304283	-0.0130012	-0.0240963	-0.0424652	
311	7812	0.293891	-0.0130012	-0.0203146	-0.0424652	
312	8556	0.299087	-0.0130012	-0.0256089	-0.0424652	
313	9300	0.307242	-0.0130012	-0.019361	-0.0424652	
314	10044	0.308262	-0.0130012	-0.0205119	-0.0424652	
315	10788	0.300567	-0.0130012	-0.0174866	-0.0424652	
316	11532	0.302507	-0.0130012	-0.0152505	-0.0424652	
317	12276	0.308952	-0.0130012	-0.0245895	-0.0424652	
318	13020	0.32033	-0.0130012	-0.0126527	-0.0424652	
319	13764	0.323553	-0.0130012	-0.00758856	-0.0424652	
320	14508	0.314082	-0.0130012	-0.0126198	-0.0424652	
321	15252	0.304348	-0.0130012	-0.0189335	-0.0424652	
322	15996	0.333319	-0.0130012	-0.0021956	-0.0424652	
323	16740	0.330294	-0.0130012	-0.0101864	-0.0424652	
324	17484	0.326315	-0.0130012	-0.0164014	-0.0424652	
325	18228	0.324572	-0.0130012	-0.0175853	-0.0424652	
326	18972	0.312635	-0.0130012	-0.0140009	-0.0424652	
327	19716	0.31326	-0.0130012	-0.0168289	-0.0424652	
328	20460	0.309248	-0.0130012	-0.0152176	-0.0424652	
329	21204	0.31862	-0.0130012	-0.0131788	-0.0424652	
330	21948	0.339732	-0.0130012	-0.0170591	-0.0424652	
331	22692	0.315858	-0.0130012	-0.0176181	-0.0424652	
332	23436	0.327367	-0.0130012	-0.0161712	-0.0424652	
333	24180	0.327038	-0.0130012	-0.0120608	-0.0424652	
334	24924	0.329472	-0.0130012	-0.0130144	-0.0424652	
335	25668	0.342428	-0.0130012	-0.020479	-0.0424652	
336	26412	0.345552	-0.0130012	-0.0200515	-0.0424652	
337	27156	0.335424	-0.0130012	-0.00919987	-0.0424652	
338	27900	0.340817	-0.0130012	-0.0168289	-0.0424652	
339	28644	0.338383	-0.0130012	-0.0199858	-0.0424652	
340	29388	0.349104	-0.0130012	-0.016237	-0.0424652	
341	30132	0.349465	-0.0130012	-0.0169276	-0.0424652	
342	30876	0.354299	-0.0130012	-0.0165001	-0.0424652	
343	31620	0.334141	-0.0130012	-0.0208736	-0.0424652	
344	32364	0.332859	-0.0130012	-0.0191637	-0.0424652	
345	33108	0.328847	-0.0130012	-0.0140009	-0.0424652	
346	33852	0.338449	-0.0130012	-0.0229124	-0.0424652	
347	34596	0.341737	-0.0130012	-0.016237	-0.0424652	
348	35340	0.347558	-0.0130012	-0.0129815	-0.0424652	
349	36084	0.343612	-0.0130012	-0.0178483	-0.0424652	
350	36828	0.335753	-0.0130012	-0.0246882	-0.0424652	
351	37572	0.346506	-0.0130012	-0.0131459	-0.0424652	
352	38316	0.355023	-0.0130012	-0.0170262	-0.0424652	
353	39060	0.330162	-0.0130012	-0.0207421	-0.0424652	
354	39804	0.325822	-0.0130012	-0.0196241	-0.0424652	
355	40548	0.326775	-0.0130012	-0.017651	-0.0424652	
356	41292	0.338778	-0.0130012	-0.0153163	-0.0424652	
357	42036	0.321349	-0.0130012	-0.024458	-0.0424652	
358	42780	0.353707	-0.0130012	-0.0218602	-0.0424652	
359	43524	0.323224	-0.0130012	-0.0166974	-0.0424652	
360	44268	0.340587	-0.0130012	-0.0221561	-0.0424652	
361	45012	0.336706	-0.0130012	-0.0150861	-0.0424652	
362	45756	0.342099	-0.0130012	-0.0153492	-0.0424652	
363	46500	0.339534	-0.0130012	-0.0225507	-0.0424652	
364	47244	0.357884	-0.0130012	-0.00837777	-0.0424652	
365	47988	0.340455	-0.0130012	-0.0140338	-0.0424652	
366	48732	0.338449	-0.0130012	-0.00844354	-0.0424652	
367	49476	0.351208	-0.0130012	-0.00515515	-0.0424652	
368	50220	0.351175	-0.0130012	-0.0114031	-0.0424652	
369	50964	0.341409	-0.0130012	-0.0157109	-0.0424652	
370	51708	0.356009	-0.0130012	-0.0132775	-0.0424652	
371	52452	0.33105	-0.0130012	-0.0131459	-0.0424652	
372	53196	0.343152	-0.0130012	-0.0128171	-0.0424652	
373	53940	0.319935	-0.0130012	-0.0188677	-0.0424652	
374	54684	0.351208	-0.0130012	-0.0127513	-0.0424652	
375	55428	0.329768	-0.0130012	-0.0156122	-0.0424652	
376	56172	0.340093	-0.0130012	-0.0215971	-0.0424652	
377	56916	0.321481	-0.0130012	-0.00959447	-0.0424652	
378	57660	0.352458	-0.0130012	-0.011436	-0.0424652	
379	58404	0.339468	-0.0130012	-0.0162699	-0.0424652	
380	59148	0.320955	-0.0130012	-0.0189006	-0.0424652	
381	59892	0.333221	-0.0130012	-0.0100548	-0.0424652	
382	60636	0.318324	-0.0130012	-0.0189664	-0.0424652	
383	61380	0.304907	-0.0130012	-0.0144942	-0.0424652	
384	62124	0.299975	-0.0130012	-0.0221232	-0.0424652	
385	62868	0.302408	-0.0130012	-0.0256418	-0.0424652	
386	63612	0.302836	-0.0130012	-0.0190979	-0.0424652	
387	64356	0.30665	-0.0130012	-0.0138036	-0.0424652	
388	65100	0.287676	-0.0130012	-0.0192952	-0.0424652	
389	65844	0.299482	-0.0130012	-0.0220575	-0.0424652	
390	66588	0.280869	-0.0130012	-0.0258062	-0.0424652	
391	67332	0.290274	-0.0130012	-0.023899	-0.0424652	
392	68076	0.275378	-0.0130012	-0.020775	-0.0424652	
393	68820	0.276594	-0.0130012	-0.0240634	-0.0424652	
394	69564	0.315726	-0.0130012	-0.0233399	-0.0424652	
395	70308	0.291951	-0.0130012	-0.0255103	-0.0424652	
396	71052	0.297278	-0.0130012	-0.0231426	-0.0424652	
397	71796	0.295338	-0.0130012	-0.0165001	-0.0424652	
398	72540	0.296259	-0.0130012	-0.0205448	-0.0424652	
399	73284	0.305697	-0.0130012	-0.0183745	-0.0424652	
400	74028	0.31451	-0.0130012	-0.0164672	-0.0424652	
401	74772	0.340521	-0.0130012	-0.0177497	-0.0424652	
402	75516	0.322402	-0.0130012	-0.0211367	-0.0424652	
403	76260	0.310925	-0.0130012	-0.00982466	-0.0424652	
404	77004	0.302869	-0.0130012	-0.017651	-0.0424652	
405	77748	0.318949	-0.0130012	-0.0229453	-0.0424652	
406	78492	0.316515	-0.0130012	-0.0241291	-0.0424652	
407	79236	0.299876	-0.0130012	-0.0229124	-0.0424652	
408	79980	0.329636	-0.0130012	-0.0246224	-0.0424652	
409	80724	0.312635	-0.0130012	-0.0217944	-0.0424652	
410	81468	0.322467	-0.0130012	-0.0244909	-0.0424652	
411	82212	0.321185	-0.0130012	-0.0191637	-0.0424652	
412	82956	0.328617	-0.0130012	-0.0205119	-0.0424652	
413	83700	0.324309	-0.0130012	-0.0130144	-0.0424652	
414	84444	0.31839	-0.0130012	-0.022485	-0.0424652	
415	85188	0.320034	-0.0130012	-0.0214327	-0.0424652	
416	85932	0.331017	-0.0130012	-0.0183087	-0.0424652	
417	86676	0.326085	-0.0130012	-0.0165659	-0.0424652	
418	87420	0.346637	-0.0130012	-0.0160726	-0.0424652	
419	88164	0.340225	-0.0130012	-0.0241291	-0.0424652	
420	88908	0.325559	-0.0130012	-0.0145928	-0.0424652	
421	89652	0.351866	-0.0130012	-0.0165001	-0.0424652	
422	90396	0.342297	-0.0130012	-0.0126198	-0.0424652	
423	91140	0.356766	-0.0130012	-0.0184074	-0.0424652	
424	91884	0.354365	-0.0130012	-0.0118635	-0.0424652	
425	92628	0.352721	-0.0130012	-0.0179799	-0.0424652	
426	93372	0.337561	-0.0130012	-0.0157438	-0.0424652	
427	94116	0.343579	-0.0130012	-0.00870661	-0.0424652	
428	94860	0.328814	-0.0130012	-0.014823	-0.0424652	
429	95604	0.343579	-0.0130012	-0.0117319	-0.0424652	
430	96348	0.355911	-0.0130012	-0.0189664	-0.0424652	
431	97092	0.351734	-0.0130012	-0.0146915	-0.0424652	
432	97836	0.352819	-0.0130012	-0.0181114	-0.0424652	
433	98580	0.348479	-0.0130012	-0.0159411	-0.0424652	
434	99324	0.320462	-0.0130012	-0.0140009	-0.0424652	
435	100068	0.338942	-0.0130012	-0.0186047	-0.0424652	
436	100812	0.334306	-0.0130012	-0.0213669	-0.0424652	
437	101556	0.304513	-0.0130012	-0.015382	-0.0424652	
438	102300	0.328485	-0.0130012	-0.0149874	-0.0424652	
439	103044	0.330754	-0.0130012	-0.0128171	-0.0424652	
440	103788	0.33447	-0.0130012	-0.0240963	-0.0424652	
441	104532	0.324506	-0.0130012	-0.0239976	-0.0424652	
442	105276	0.330952	-0.0130012	-0.0170262	-0.0424652	
443	106020	0.323092	-0.0130012	-0.00972601	-0.0424652	
444	106764	0.322336	-0.0130012	-0.019065	-0.0424652	
445	107508	0.322632	-0.0130012	-0.018802	-0.0424652	
446	108252	0.336476	-0.0130012	-0.0182429	-0.0424652	
447	108996	0.336706	-0.0130012	-0.0219259	-0.0424652	
448	109740	0.337232	-0.0130012	-0.0233399	-0.0424652	
449	110484	0.353017	-0.0130012	-0.0211696	-0.0424652	
450	111228	0.351964	-0.0130012	-0.018802	-0.0424652	
451	111414	0.339633	-0.0130012	-0.0177497	-0.0424652	
452	110670	0.34963	-0.0130012	-0.0130473	-0.0424652	
453	109926	0.333221	-0.0130012	-0.0226494	-0.0424652	
454	109182	0.337989	-0.0130012	-0.022748	-0.0424652	
455	108438	0.353444	-0.0130012	-0.0161055	-0.0424652	
456	107694	0.339501	-0.0130012	-0.0189664	-0.0424652	
457	106950	0.336838	-0.0130012	-0.0220575	-0.0424652	
458	106206	0.352359	-0.0130012	-0.0159739	-0.0424652	
459	105462	0.331576	-0.0130012	-0.0251157	-0.0424652	
460	104718	0.340784	-0.0130012	-0.0179799	-0.0424652	
461	103974	0.337528	-0.0130012	-0.0112058	-0.0424652	
462	103230	0.331807	-0.0130012	-0.0170262	-0.0424652	
463	102486	0.340258	-0.0130012	-0.0145271	-0.0424652	
464	101742	0.345618	-0.0130012	-0.0152834	-0.0424652	
465	100998	0.355943	-0.0130012	-0.0116004	-0.0424652	
466	100254	0.333944	-0.0130012	-0.0149545	-0.0424652	
467	99510	0.337002	-0.0130012	-0.00538534	-0.0424652	
468	98766	0.359824	-0.0130012	-0.0244909	-0.0424652	
469	98022	0.366894	-0.0130012	-0.0145928	-0.0424652	
470	97278	0.359067	-0.0130012	-0.0163686	-0.0424652	
471	96534	0.34621	-0.0130012	-0.0129157	-0.0424652	
472	95790	0.355779	-0.0130012	-0.0131788	-0.0424652	
473	95046	0.361534	-0.0130012	-0.0152505	-0.0424652	
474	94302	0.346604	-0.0130012	-0.0127513	-0.0424652	
475	93558	0.34644	-0.0130012	-0.015119	-0.0424652	
476	92814	0.343743	-0.0130012	-0.0114689	-0.0424652	
477	92070	0.35818	-0.0130012	-0.0133432	-0.0424652	
478	91326	0.354661	-0.0130012	-0.0195583	-0.0424652	
479	90582	0.354628	-0.0130012	-0.0151518	-0.0424652	
480	89838	0.354529	-0.0130012	-0.0191966	-0.0424652	
481	89094	0.349367	-0.0130012	-0.0169933	-0.0424652	
482	88350	0.345453	-0.0130012	-0.0175195	-0.0424652	
483	87606	0.342033	-0.0130012	-0.0131788	-0.0424652	
484	86862	0.350781	-0.0130012	-0.0133104	-0.0424652	
485	86118	0.339008	-0.0130012	-0.0176181	-0.0424652	
486	85374	0.34861	-0.0130012	-0.0153163	-0.0424652	
487	84630	0.337791	-0.0130012	-0.0227151	-0.0424652	
488	83886	0.343053	-0.0130012	-0.0138036	-0.0424652	
489	83142	0.320034	-0.0130012	-0.0181443	-0.0424652	
490	82398	0.329505	-0.0130012	-0.0181443	-0.0424652	
491	81654	0.332267	-0.0130012	-0.0247211	-0.0424652	
492	80910	0.314312	-0.0130012	-0.0211367	-0.0424652	
493	80166	0.341869	-0.0130012	-0.022485	-0.0424652	
494	79422	0.328485	-0.0130012	-0.0181772	-0.0424652	
495	78678	0.350616	-0.0130012	-0.0225178	-0.0424652	
496	77934	0.316285	-0.0130012	-0.0186704	-0.0424652	
497	77190	0.339764	-0.0130012	-0.0222219	-0.0424652	
498	76446	0.324605	-0.0130012	-0.02163	-0.0424652	
499	75702	0.332267	-0.0130012	-0.0149217	-0.0424652	
500	74958	0.317272	-0.0130012	-0.022189	-0.0424652	
501	74214	0.325361	-0.0130012	-0.0206763	-0.0424652	
502	73470	0.324013	-0.0130012	-0.0168618	-0.0424652	
503	72726	0.316022	-0.0130012	-0.0234386	-0.0424652	
504	71982	0.324013	-0.0130012	-0.0167303	-0.0424652	
505	71238	0.303329	-0.0130012	-0.0266612	-0.0424652	
506	70494	0.315693	-0.0130012	-0.0188677	-0.0424652	
507	69750	0.30836	-0.0130012	-0.0184402	-0.0424652	
508	69006	0.313424	-0.0130012	-0.0200187	-0.0424652	
509	68262	0.29297	-0.0130012	-0.0228796	-0.0424652	
510	67518	0.312536	-0.0130012	-0.0220903	-0.0424652	
511	66774	0.279981	-0.0130012	-0.0181443	-0.0424652	
512	66030	0.277548	-0.0130012	-0.0237017	-0.0424652	
513	65286	0.27324	-0.0130012	-0.0266283	-0.0424652	
514	64542	0.257423	-0.0130012	-0.0198542	-0.0424652	
515	63798	0.259232	-0.0130012	-0.0129486	-0.0424652	
516	63054	0.275147	-0.0130012	-0.0161712	-0.0424652	
517	62310	0.270708	-0.0130012	-0.0180127	-0.0424652	
518	61566	0.284684	-0.0130012	-0.0197885	-0.0424652	
519	60822	0.303263	-0.0130012	-0.0192294	-0.0424652	
520	60078	0.263408	-0.0130012	-0.025872	-0.0424652	
521	59334	0.28248	-0.0130012	-0.0193281	-0.0424652	
522	58590	0.273931	-0.0130012	-0.0163686	-0.0424652	
523	57846	0.260185	-0.0130012	-0.0172564	-0.0424652	
524	57102	0.303165	-0.0130012	-0.0205448	-0.0424652	
525	56358	0.319113	-0.0130012	-0.0146257	-0.0424652	
526	55614	0.306025	-0.0130012	-0.0186704	-0.0424652	
527	54870	0.300468	-0.0130012	-0.0150861	-0.0424652	
528	54126	0.288696	-0.0130012	-0.0147572	-0.0424652	
529	53382	0.340587	-0.0130012	-0.0205119	-0.0424652	
530	52638	0.310563	-0.0130012	-0.0223863	-0.0424652	
531	51894	0.317568	-0.0130012	-0.0165987	-0.0424652	
532	51150	0.31737	-0.0130012	-0.0143955	-0.0424652	
533	50406	0.334963	-0.0130012	-0.0200187	-0.0424652	
534	49662	0.316746	-0.0130012	-0.0215642	-0.0424652	
535	48918	0.325	-0.0130012	-0.0173551	-0.0424652	
536	48174	0.334635	-0.0130012	-0.0176181	-0.0424652	
537	47430	0.302014	-0.0130012	-0.0095287	-0.0424652	
538	46686	0.317338	-0.0130012	-0.0179141	-0.0424652	
539	45942	0.330294	-0.0130012	-0.0209723	-0.0424652	
540	45198	0.315595	-0.0130012	-0.0189335	-0.0424652	
541	44454	0.308821	-0.0130012	-0.0174866	-0.0424652	
542	43710	0.326381	-0.0130012	-0.0149545	-0.0424652	
543	42966	0.313424	-0.0130012	-0.0171578	-0.0424652	
544	42222	0.304447	-0.0130012	-0.0251485	-0.0424652	
545	41478	0.308196	-0.0130012	-0.0195583	-0.0424652	
546	40734	0.311813	-0.0130012	-0.0151518	-0.0424652	
547	39990	0.292872	-0.0130012	-0.0238332	-0.0424652	
548	39246	0.311912	-0.0130012	-0.0189664	-0.0424652	
549	38502	0.309149	-0.0130012	-0.0242607	-0.0424652	
550	37758	0.301027	-0.0130012	-0.024162	-0.0424652	
551	37014	0.309906	-0.0130012	-0.0271873	-0.0424652	
552	36270	0.28909	-0.0130012	-0.0211696	-0.0424652	
553	35526	0.318061	-0.0130012	-0.0205777	-0.0424652	
554	34782	0.308426	-0.0130012	-0.0231097	-0.0424652	
555	34038	0.305631	-0.0130012	-0.0194268	-0.0424652	
556	33294	0.294615	-0.0130012	-0.0218602	-0.0424652	
557	32550	0.31816	-0.0130012	-0.0215971	-0.0424652	
558	31806	0.315628	-0.0130012	-0.0198871	-0.0424652	
559	31062	0.292642	-0.0130012	-0.0236359	-0.0424652	
560	30318	0.317206	-0.0130012	-0.0222876	-0.0424652	
561	29574	0.314773	-0.0130012	-0.0181114	-0.0424652	
562	28830	0.320757	-0.0130012	-0.0203475	-0.0424652	
563	28086	0.305006	-0.0130012	-0.0152834	-0.0424652	
564	27342	0.317173	-0.0130012	-0.0245566	-0.0424652	
565	26598	0.327959	-0.0130012	-0.0138694	-0.0424652	
566	25854	0.302573	-0.0130012	-0.0123238	-0.0424652	
567	25110	0.307867	-0.0130012	-0.012554	-0.0424652	
568	24366	0.326611	-0.0130012	-0.0225836	-0.0424652	
569	23622	0.290438	-0.0130012	-0.0223534	-0.0424652	
570	22878	0.316746	-0.0130012	-0.018802	-0.0424652	
571	22134	0.318949	-0.0130012	-0.0152505	-0.0424652	
572	21390	0.313227	-0.0130012	-0.0179799	-0.0424652	
573	20646	0.313293	-0.0130012	-0.0164014	-0.0424652	
574	19902	0.315956	-0.0130012	-0.0224192	-0.0424652	
575	19158	0.306387	-0.0130012	-0.015382	-0.0424652	
576	18414	0.299416	-0.0130012	-0.017092	-0.0424652	
577	17670	0.279357	-0.0130012	-0.0209394	-0.0424652	
578	16926	0.299284	-0.0130012	-0.0157438	-0.0424652	
579	16182	0.317469	-0.0130012	-0.0193939	-0.0424652	
580	15438	0.304874	-0.0130012	-0.0200187	-0.0424652	
581	14694	0.30836	-0.0130012	-0.0165001	-0.0424652	
582	13950	0.29205	-0.0130012	-0.0187362	-0.0424652	
583	13206	0.29182	-0.0130012	-0.0145599	-0.0424652	
584	12462	0.288761	-0.0130012	-0.0230769	-0.0424652	
585	11718	0.315463	-0.0130012	-0.0172893	-0.0424652	
586	10974	0.329011	-0.0130012	-0.0214656	-0.0424652	
587	10230	0.315956	-0.0130012	-0.0187691	-0.0424652	
588	9486	0.305828	-0.0130012	-0.0222219	-0.0424652	
589	8742	0.312635	-0.0130012	-0.0191637	-0.0424652	
590	7998	0.313457	-0.0130012	-0.0175524	-0.0424652	
591	7254	0.288005	-0.0130012	-0.0253458	-0.0424652	
592	6510	0.324079	-0.0130012	-0.0189993	-0.0424652	
593	5766	0.302737	-0.0130012	-0.0226165	-0.0424652	
594	5022	0.324079	-0.0130012	-0.0253458	-0.0424652	
595	4278	0.307867	-0.0130012	-0.0222548	-0.0424652	
596	3534	0.316318	-0.0130012	-0.0210052	-0.0424652	
597	2790	0.295667	-0.0130012	-0.024162	-0.0424652	
598	2046	0.307966	-0.0130012	-0.0210052	-0.0424652	
599	1302	0.314181	-0.0130012	-0.0250499	-0.0424652	
600	558	0.268899	-0.0184896	-0.0269243	-0.0451847	
