# Filename	5_delay.txt
# Date	2016-10-04
# Title	DL-Pro & DL-100 Locked delay scan.
# DL-Pro	365824.8 GHz
# DL-100	365808.9 GHz
# Static	50 mV Pulsed
# MWOn	On
# MWf	15931.6 MHz
# Attn	32 dB
# FixedAttn	6 dB
# B2	B2 = T2 + 2.050 us
# HP214B	HP 214B FIP at 5.5 on 100V setting ; Applied to Top ; Mesh & Vin of MCP @ +25V ; Vout of MCP @ +2025 V
# Oven	32 A
# Boxcar	Gate = 200 ns ; Amp = 25x ; Sensitivity = 5 mV
# Offset	+/- 30 mV IR/Oven offset.
# Bias	Top: 0 V ; Bot: -0.476 V ; IR: +0.060 V ; Oven: -0.060 V ; Vis: -0.010 V ; MW: +0.010 V
# Passes	4
i, step, norm, nbackground, signal, sbackground
0	0	0.299679	-0.0151683	-0.0166316	-0.0425737	
1	744	0.330294	-0.0151683	-0.0110414	-0.0425737	
2	1488	0.288531	-0.0151683	-0.0118963	-0.0425737	
3	2232	0.319278	-0.0151683	-0.00959447	-0.0425737	
4	2976	0.312273	-0.0151683	-0.0181443	-0.0425737	
5	3720	0.29616	-0.0151683	-0.0124883	-0.0425737	
6	4464	0.313819	-0.0151683	-0.0107125	-0.0425737	
7	5208	0.31007	-0.0151683	-0.0211696	-0.0425737	
8	5952	0.300402	-0.0151683	-0.018506	-0.0425737	
9	6696	0.317469	-0.0151683	-0.00923275	-0.0425737	
10	7440	0.330886	-0.0151683	-0.00943005	-0.0425737	
11	8184	0.31862	-0.0151683	-0.0123238	-0.0425737	
12	8928	0.334569	-0.0151683	-0.00969312	-0.0425737	
13	9672	0.311912	-0.0151683	-0.0109098	-0.0425737	
14	10416	0.310103	-0.0151683	-0.0104495	-0.0425737	
15	11160	0.327236	-0.0151683	-0.0106796	-0.0425737	
16	11904	0.319048	-0.0151683	-0.00995619	-0.0425737	
17	12648	0.328518	-0.0151683	-0.0122252	-0.0425737	
18	13392	0.317864	-0.0151683	-0.0122252	-0.0425737	
19	14136	0.315693	-0.0151683	-0.00420152	-0.0425737	
20	14880	0.325493	-0.0151683	-0.00706241	-0.0425737	
21	15624	0.308262	-0.0151683	-0.00716106	-0.0425737	
22	16368	0.297377	-0.0151683	-0.0160068	-0.0425737	
23	17112	0.323421	-0.0151683	-0.0149545	-0.0425737	
24	17856	0.30517	-0.0151683	-0.0148888	-0.0425737	
25	18600	0.311517	-0.0151683	-0.00354384	-0.0425737	
26	19344	0.290669	-0.0151683	-0.0159411	-0.0425737	
27	20088	0.327269	-0.0151683	-0.0107454	-0.0425737	
28	20832	0.310761	-0.0151683	-0.00791739	-0.0425737	
29	21576	0.316746	-0.0151683	-0.00995619	-0.0425737	
30	22320	0.333878	-0.0151683	-0.00818047	-0.0425737	
31	23064	0.300402	-0.0151683	-0.0183416	-0.0425737	
32	23808	0.323355	-0.0151683	-0.0141653	-0.0425737	
33	24552	0.305335	-0.0151683	-0.013705	-0.0425737	
34	25296	0.325493	-0.0151683	-0.0176181	-0.0425737	
35	26040	0.303263	-0.0151683	-0.0176839	-0.0425737	
36	26784	0.296094	-0.0151683	-0.0210052	-0.0425737	
37	27528	0.293727	-0.0151683	-0.0130802	-0.0425737	
38	28272	0.293694	-0.0151683	-0.0137707	-0.0425737	
39	29016	0.301191	-0.0151683	-0.0200515	-0.0425737	
40	29760	0.281658	-0.0151683	-0.0157109	-0.0425737	
41	30504	0.277581	-0.0151683	-0.023603	-0.0425737	
42	31248	0.283401	-0.0151683	-0.0133104	-0.0425737	
43	31992	0.292379	-0.0151683	-0.0127842	-0.0425737	
44	32736	0.286262	-0.0151683	-0.0176839	-0.0425737	
45	33480	0.26617	-0.0151683	-0.0118963	-0.0425737	
46	34224	0.250254	-0.0151683	-0.0145599	-0.0425737	
47	34968	0.298725	-0.0151683	-0.0161055	-0.0425737	
48	35712	0.287808	-0.0151683	-0.014823	-0.0425737	
49	36456	0.325	-0.0151683	-0.0162041	-0.0425737	
50	37200	0.303493	-0.0151683	-0.00808181	-0.0425737	
51	37944	0.298068	-0.0151683	-0.0144613	-0.0425737	
52	38688	0.289518	-0.0151683	-0.0127842	-0.0425737	
53	39432	0.282941	-0.0151683	-0.0155136	-0.0425737	
54	40176	0.29764	-0.0151683	-0.0143626	-0.0425737	
55	40920	0.307998	-0.0151683	-0.0184402	-0.0425737	
56	41664	0.305368	-0.0151683	-0.0156451	-0.0425737	
57	42408	0.306025	-0.0151683	-0.0155465	-0.0425737	
58	43152	0.321251	-0.0151683	-0.0109427	-0.0425737	
59	43896	0.314082	-0.0151683	-0.0183416	-0.0425737	
60	44640	0.314049	-0.0151683	-0.0140009	-0.0425737	
61	45384	0.300041	-0.0151683	-0.0154478	-0.0425737	
62	46128	0.310399	-0.0151683	-0.0130144	-0.0425737	
63	46872	0.33128	-0.0151683	-0.0197556	-0.0425737	
64	47616	0.322073	-0.0151683	-0.0197556	-0.0425737	
65	48360	0.340422	-0.0151683	-0.0149545	-0.0425737	
66	49104	0.321711	-0.0151683	-0.00788451	-0.0425737	
67	49848	0.320494	-0.0151683	-0.0121923	-0.0425737	
68	50592	0.317535	-0.0151683	-0.0108769	-0.0425737	
69	51336	0.336312	-0.0151683	-0.000880244	-0.0425737	
70	52080	0.339732	-0.0151683	-0.0110742	-0.0425737	
71	52824	0.329143	-0.0151683	-0.0128829	-0.0425737	
72	53568	0.321744	-0.0151683	-0.00791739	-0.0425737	
73	54312	0.327334	-0.0151683	-0.00857507	-0.0425737	
74	55056	0.322796	-0.0151683	-0.0030177	-0.0425737	
75	55800	0.32911	-0.0151683	-0.0070953	-0.0425737	
76	56544	0.34131	-0.0151683	-0.0133432	-0.0425737	
77	57288	0.326709	-0.0151683	-0.0165001	-0.0425737	
78	58032	0.333319	-0.0151683	-0.0154807	-0.0425737	
79	58776	0.339896	-0.0151683	-0.00943005	-0.0425737	
80	59520	0.328419	-0.0151683	-0.0130144	-0.0425737	
81	60264	0.306486	-0.0151683	-0.0115675	-0.0425737	
82	61008	0.303197	-0.0151683	-0.00985754	-0.0425737	
83	61752	0.300632	-0.0151683	-0.00670069	-0.0425737	
84	62496	0.298331	-0.0151683	-0.00867372	-0.0425737	
85	63240	0.331971	-0.0151683	-0.0128829	-0.0425737	
86	63984	0.311681	-0.0151683	-0.0141324	-0.0425737	
87	64728	0.29353	-0.0151683	-0.013409	-0.0425737	
88	65472	0.307538	-0.0151683	-0.0192294	-0.0425737	
89	66216	0.298627	-0.0151683	-0.0189335	-0.0425737	
90	66960	0.300665	-0.0151683	-0.0140009	-0.0425737	
91	67704	0.291622	-0.0151683	-0.0115675	-0.0425737	
92	68448	0.308262	-0.0151683	-0.0152834	-0.0425737	
93	69192	0.290208	-0.0151683	-0.0175853	-0.0425737	
94	69936	0.302967	-0.0151683	-0.0162699	-0.0425737	
95	70680	0.303	-0.0151683	-0.0118963	-0.0425737	
96	71424	0.303197	-0.0151683	-0.0172235	-0.0425737	
97	72168	0.304842	-0.0151683	-0.0135734	-0.0425737	
98	72912	0.307078	-0.0151683	-0.0146915	-0.0425737	
99	73656	0.339008	-0.0151683	-0.00979178	-0.0425737	
100	74400	0.317535	-0.0151683	-0.0184731	-0.0425737	
101	75144	0.320823	-0.0151683	-0.0142311	-0.0425737	
102	75888	0.322895	-0.0151683	-0.0127184	-0.0425737	
103	76632	0.320264	-0.0151683	-0.0157766	-0.0425737	
104	77376	0.308229	-0.0151683	-0.0183745	-0.0425737	
105	78120	0.294779	-0.0151683	-0.0162699	-0.0425737	
106	78864	0.297278	-0.0151683	-0.016796	-0.0425737	
107	79608	0.305762	-0.0151683	-0.0161055	-0.0425737	
108	80352	0.311254	-0.0151683	-0.0128829	-0.0425737	
109	81096	0.303	-0.0151683	-0.0197227	-0.0425737	
110	81840	0.290965	-0.0151683	-0.0177826	-0.0425737	
111	82584	0.299482	-0.0151683	-0.0160726	-0.0425737	
112	83328	0.308097	-0.0151683	-0.0169933	-0.0425737	
113	84072	0.294253	-0.0151683	-0.019065	-0.0425737	
114	84816	0.307143	-0.0151683	-0.00959447	-0.0425737	
115	85560	0.29057	-0.0151683	-0.0197885	-0.0425737	
116	86304	0.304348	-0.0151683	-0.0167632	-0.0425737	
117	87048	0.287018	-0.0151683	-0.0166645	-0.0425737	
118	87792	0.272352	-0.0151683	-0.0228796	-0.0425737	
119	88536	0.282283	-0.0151683	-0.0136721	-0.0425737	
120	89280	0.286459	-0.0151683	-0.0143298	-0.0425737	
121	90024	0.303329	-0.0151683	-0.00814758	-0.0425737	
122	90768	0.302507	-0.0151683	-0.0139023	-0.0425737	
123	91512	0.274227	-0.0151683	-0.0156122	-0.0425737	
124	92256	0.302507	-0.0151683	-0.00906833	-0.0425737	
125	93000	0.298791	-0.0151683	-0.0105481	-0.0425737	
126	93744	0.311353	-0.0151683	-0.0110742	-0.0425737	
127	94488	0.301159	-0.0151683	-0.0154149	-0.0425737	
128	95232	0.309051	-0.0151683	-0.0120936	-0.0425737	
129	95976	0.322796	-0.0151683	-0.0146915	-0.0425737	
130	96720	0.294056	-0.0151683	-0.0161712	-0.0425737	
131	97464	0.307143	-0.0151683	-0.016237	-0.0425737	
132	98208	0.305466	-0.0151683	-0.0122909	-0.0425737	
133	98952	0.306716	-0.0151683	-0.0172893	-0.0425737	
134	99696	0.331247	-0.0151683	-0.0115017	-0.0425737	
135	100440	0.308886	-0.0151683	-0.0113702	-0.0425737	
136	101184	0.32421	-0.0151683	-0.0140667	-0.0425737	
137	101928	0.312043	-0.0151683	-0.0141324	-0.0425737	
138	102672	0.326742	-0.0151683	-0.0164672	-0.0425737	
139	103416	0.323454	-0.0151683	-0.013409	-0.0425737	
140	104160	0.33664	-0.0151683	-0.0190979	-0.0425737	
141	104904	0.31737	-0.0151683	-0.0109756	-0.0425737	
142	105648	0.324704	-0.0151683	-0.0158424	-0.0425737	
143	106392	0.345026	-0.0151683	-0.008312	-0.0425737	
144	107136	0.336904	-0.0151683	-0.011995	-0.0425737	
145	107880	0.333418	-0.0151683	-0.0122581	-0.0425737	
146	108624	0.323355	-0.0151683	-0.00837777	-0.0425737	
147	109368	0.32934	-0.0151683	-0.0139023	-0.0425737	
148	110112	0.336575	-0.0151683	-0.0113044	-0.0425737	
149	110856	0.343974	-0.0151683	-0.015119	-0.0425737	
150	111600	0.334437	-0.0151683	-0.0119621	-0.0425737	
151	111042	0.301257	-0.0151683	-0.0100877	-0.0425737	
152	110298	0.312536	-0.0151683	-0.0190321	-0.0425737	
153	109554	0.293299	-0.0151683	-0.0181772	-0.0425737	
154	108810	0.302836	-0.0151683	-0.0152834	-0.0425737	
155	108066	0.301257	-0.0151683	-0.0131788	-0.0425737	
156	107322	0.30938	-0.0151683	-0.0198542	-0.0425737	
157	106578	0.323191	-0.0151683	-0.00472766	-0.0425737	
158	105834	0.306683	-0.0151683	-0.0178154	-0.0425737	
159	105090	0.312208	-0.0151683	-0.0179141	-0.0425737	
160	104346	0.315036	-0.0151683	-0.0165659	-0.0425737	
161	103602	0.313885	-0.0151683	-0.0136392	-0.0425737	
162	102858	0.305401	-0.0151683	-0.0160397	-0.0425737	
163	102114	0.333648	-0.0151683	-0.0167632	-0.0425737	
164	101370	0.325427	-0.0151683	-0.0113373	-0.0425737	
165	100626	0.311517	-0.0151683	-0.0145271	-0.0425737	
166	99882	0.318752	-0.0151683	-0.0108769	-0.0425737	
167	99138	0.313424	-0.0151683	-0.00775297	-0.0425737	
168	98394	0.330919	-0.0151683	-0.0111071	-0.0425737	
169	97650	0.318784	-0.0151683	-0.0178812	-0.0425737	
170	96906	0.328091	-0.0151683	-0.0147901	-0.0425737	
171	96162	0.335753	-0.0151683	-0.0199529	-0.0425737	
172	95418	0.324506	-0.0151683	-0.00906833	-0.0425737	
173	94674	0.307078	-0.0151683	-0.0129815	-0.0425737	
174	93930	0.298396	-0.0151683	-0.010022	-0.0425737	
175	93186	0.311451	-0.0151683	-0.0110414	-0.0425737	
176	92442	0.304052	-0.0151683	-0.0116662	-0.0425737	
177	91698	0.303	-0.0151683	-0.0149545	-0.0425737	
178	90954	0.277778	-0.0151683	-0.0149874	-0.0425737	
179	90210	0.314773	-0.0151683	-0.0190979	-0.0425737	
180	89466	0.291918	-0.0151683	-0.0192952	-0.0425737	
181	88722	0.29353	-0.0151683	-0.0172235	-0.0425737	
182	87978	0.286229	-0.0151683	-0.0257076	-0.0425737	
183	87234	0.264065	-0.0151683	-0.0226823	-0.0425737	
184	86490	0.274621	-0.0151683	-0.0148888	-0.0425737	
185	85746	0.291688	-0.0151683	-0.0212354	-0.0425737	
186	85002	0.275016	-0.0151683	-0.0205448	-0.0425737	
187	84258	0.289583	-0.0151683	-0.0163028	-0.0425737	
188	83514	0.280277	-0.0151683	-0.0180127	-0.0425737	
189	82770	0.288564	-0.0151683	-0.0168618	-0.0425737	
190	82026	0.290175	-0.0151683	-0.0230111	-0.0425737	
191	81282	0.28419	-0.0151683	-0.0161055	-0.0425737	
192	80538	0.276561	-0.0151683	-0.0130473	-0.0425737	
193	79794	0.291425	-0.0151683	-0.0165987	-0.0425737	
194	79050	0.27985	-0.0151683	-0.0202488	-0.0425737	
195	78306	0.270215	-0.0151683	-0.0180456	-0.0425737	
196	77562	0.281626	-0.0151683	-0.0192623	-0.0425737	
197	76818	0.274292	-0.0151683	-0.0243922	-0.0425737	
198	76074	0.267222	-0.0151683	-0.0160726	-0.0425737	
199	75330	0.269294	-0.0151683	-0.0153163	-0.0425737	
200	74586	0.250616	-0.0151683	-0.0181443	-0.0425737	
201	73842	0.282941	-0.0151683	-0.0198871	-0.0425737	
202	73098	0.273569	-0.0151683	-0.0248197	-0.0425737	
203	72354	0.279357	-0.0151683	-0.0134419	-0.0425737	
204	71610	0.275246	-0.0151683	-0.0124554	-0.0425737	
205	70866	0.236246	-0.0151683	-0.0231755	-0.0425737	
206	70122	0.272221	-0.0151683	-0.0191966	-0.0425737	
207	69378	0.290997	-0.0151683	-0.0194596	-0.0425737	
208	68634	0.257949	-0.0151683	-0.0173222	-0.0425737	
209	67890	0.279061	-0.0151683	-0.0212025	-0.0425737	
210	67146	0.266038	-0.0151683	-0.0201173	-0.0425737	
211	66402	0.292181	-0.0151683	-0.0189006	-0.0425737	
212	65658	0.253674	-0.0151683	-0.0180785	-0.0425737	
213	64914	0.285835	-0.0151683	-0.0211696	-0.0425737	
214	64170	0.250123	-0.0151683	-0.0199858	-0.0425737	
215	63426	0.254924	-0.0151683	-0.0209065	-0.0425737	
216	62682	0.247755	-0.0151683	-0.0207092	-0.0425737	
217	61938	0.232727	-0.0151683	-0.0220246	-0.0425737	
218	61194	0.249005	-0.0151683	-0.0205448	-0.0425737	
219	60450	0.272582	-0.0151683	-0.0220903	-0.0425737	
220	59706	0.262947	-0.0151683	-0.0208736	-0.0425737	
221	58962	0.26081	-0.0151683	-0.0203146	-0.0425737	
222	58218	0.27278	-0.0151683	-0.0206435	-0.0425737	
223	57474	0.294089	-0.0151683	-0.0135077	-0.0425737	
224	56730	0.285341	-0.0151683	-0.0160397	-0.0425737	
225	55986	0.287775	-0.0151683	-0.0172564	-0.0425737	
226	55242	0.27255	-0.0151683	-0.0138365	-0.0425737	
227	54498	0.291326	-0.0151683	-0.0168947	-0.0425737	
228	53754	0.28669	-0.0151683	-0.0135405	-0.0425737	
229	53010	0.303033	-0.0151683	-0.00693088	-0.0425737	
230	52266	0.295108	-0.0151683	-0.0181772	-0.0425737	
231	51522	0.299416	-0.0151683	-0.00893679	-0.0425737	
232	50778	0.323454	-0.0151683	-0.0165659	-0.0425737	
233	50034	0.317502	-0.0151683	-0.0146915	-0.0425737	
234	49290	0.324868	-0.0151683	-0.0148559	-0.0425737	
235	48546	0.314082	-0.0151683	-0.00430017	-0.0425737	
236	47802	0.318784	-0.0151683	-0.0156451	-0.0425737	
237	47058	0.324506	-0.0151683	-0.0129815	-0.0425737	
238	46314	0.316351	-0.0151683	-0.0143626	-0.0425737	
239	45570	0.303592	-0.0151683	-0.00716106	-0.0425737	
240	44826	0.307768	-0.0151683	-0.00758856	-0.0425737	
241	44082	0.306354	-0.0151683	-0.0145928	-0.0425737	
242	43338	0.337857	-0.0151683	-0.0170262	-0.0425737	
243	42594	0.323684	-0.0151683	-0.0112387	-0.0425737	
244	41850	0.335062	-0.0151683	-0.015382	-0.0425737	
245	41106	0.325328	-0.0151683	-0.0171906	-0.0425737	
246	40362	0.326973	-0.0151683	-0.014823	-0.0425737	
247	39618	0.334766	-0.0151683	-0.0175524	-0.0425737	
248	38874	0.332366	-0.0151683	-0.0174866	-0.0425737	
249	38130	0.323881	-0.0151683	-0.0177168	-0.0425737	
250	37386	0.323586	-0.0151683	-0.0103508	-0.0425737	
251	36642	0.31451	-0.0151683	-0.0115675	-0.0425737	
252	35898	0.30961	-0.0151683	-0.0179799	-0.0425737	
253	35154	0.328288	-0.0151683	-0.0133761	-0.0425737	
254	34410	0.30767	-0.0151683	-0.0138694	-0.0425737	
255	33666	0.317568	-0.0151683	-0.0113373	-0.0425737	
256	32922	0.307571	-0.0151683	-0.0130802	-0.0425737	
257	32178	0.29787	-0.0151683	-0.011436	-0.0425737	
258	31434	0.292642	-0.0151683	-0.0115675	-0.0425737	
259	30690	0.309018	-0.0151683	-0.010285	-0.0425737	
260	29946	0.284486	-0.0151683	-0.0119621	-0.0425737	
261	29202	0.289419	-0.0151683	-0.0180456	-0.0425737	
262	28458	0.288893	-0.0151683	-0.011995	-0.0425737	
263	27714	0.316515	-0.0151683	-0.0170591	-0.0425737	
264	26970	0.309445	-0.0151683	-0.014823	-0.0425737	
265	26226	0.307439	-0.0151683	-0.0118306	-0.0425737	
266	25482	0.296062	-0.0151683	-0.0166645	-0.0425737	
267	24738	0.280869	-0.0151683	-0.016796	-0.0425737	
268	23994	0.290077	-0.0151683	-0.0164672	-0.0425737	
269	23250	0.291524	-0.0151683	-0.0206763	-0.0425737	
270	22506	0.301191	-0.0151683	-0.00229425	-0.0425737	
271	21762	0.31395	-0.0151683	-0.00834488	-0.0425737	
272	21018	0.270215	-0.0151683	-0.022748	-0.0425737	
273	20274	0.293135	-0.0151683	-0.0138365	-0.0425737	
274	19530	0.294089	-0.0151683	-0.0157766	-0.0425737	
275	18786	0.267025	-0.0151683	-0.0122581	-0.0425737	
276	18042	0.293858	-0.0151683	-0.0178154	-0.0425737	
277	17298	0.287117	-0.0151683	-0.0158095	-0.0425737	
278	16554	0.290274	-0.0151683	-0.0143298	-0.0425737	
279	15810	0.295864	-0.0151683	-0.0146257	-0.0425737	
280	15066	0.290044	-0.0151683	-0.0237345	-0.0425737	
281	14322	0.274917	-0.0151683	-0.0179799	-0.0425737	
282	13578	0.283072	-0.0151683	-0.013705	-0.0425737	
283	12834	0.282809	-0.0151683	-0.0142969	-0.0425737	
284	12090	0.283072	-0.0151683	-0.0205448	-0.0425737	
285	11346	0.281001	-0.0151683	-0.0198871	-0.0425737	
286	10602	0.27666	-0.0151683	-0.0201831	-0.0425737	
287	9858	0.30254	-0.0151683	-0.0161055	-0.0425737	
288	9114	0.277515	-0.0151683	-0.018802	-0.0425737	
289	8370	0.29011	-0.0151683	-0.0238003	-0.0425737	
290	7626	0.267058	-0.0151683	-0.0211038	-0.0425737	
291	6882	0.280606	-0.0151683	-0.0244909	-0.0425737	
292	6138	0.294812	-0.0151683	-0.0213669	-0.0425737	
293	5394	0.286723	-0.0151683	-0.0133104	-0.0425737	
294	4650	0.290636	-0.0151683	-0.0185718	-0.0425737	
295	3906	0.287314	-0.0151683	-0.0174537	-0.0425737	
296	3162	0.286262	-0.0151683	-0.0208079	-0.0425737	
297	2418	0.295601	-0.0151683	-0.0149217	-0.0425737	
298	1674	0.277351	-0.0151683	-0.0220903	-0.0425737	
299	930	0.302145	-0.0151683	-0.00939717	-0.0425737	
300	186	0.297278	-0.0151683	-0.0147572	-0.0425737	
301	372	0.301093	-0.0151683	-0.016533	-0.0425737	
302	1116	0.2859	-0.0151683	-0.0175195	-0.0425737	
303	1860	0.309182	-0.0151683	-0.0191966	-0.0425737	
304	2604	0.297837	-0.0151683	-0.0191637	-0.0425737	
305	3348	0.281658	-0.0151683	-0.0138365	-0.0425737	
306	4092	0.308064	-0.0151683	-0.0193939	-0.0425737	
307	4836	0.283434	-0.0151683	-0.0185718	-0.0425737	
308	5580	0.294286	-0.0151683	-0.00712818	-0.0425737	
309	6324	0.330623	-0.0151683	-0.0129486	-0.0425737	
310	7068	0.287873	-0.0151683	-0.0172235	-0.0425737	
311	7812	0.310563	-0.0151683	-0.0115346	-0.0425737	
312	8556	0.315364	-0.0151683	-0.0158095	-0.0425737	
313	9300	0.312273	-0.0151683	-0.0180456	-0.0425737	
314	10044	0.293595	-0.0151683	-0.0118635	-0.0425737	
315	10788	0.303296	-0.0151683	-0.00824623	-0.0425737	
316	11532	0.316614	-0.0151683	-0.0129486	-0.0425737	
317	12276	0.305138	-0.0151683	-0.0118635	-0.0425737	
318	13020	0.319508	-0.0151683	-0.00584571	-0.0425737	
319	13764	0.325822	-0.0151683	-0.0123896	-0.0425737	
320	14508	0.319113	-0.0151683	-0.00328077	-0.0425737	
321	15252	0.307801	-0.0151683	-0.0122909	-0.0425737	
322	15996	0.323684	-0.0151683	-0.013113	-0.0425737	
323	16740	0.310531	-0.0151683	-0.0110742	-0.0425737	
324	17484	0.323125	-0.0151683	-0.0126198	-0.0425737	
325	18228	0.328715	-0.0151683	-0.010581	-0.0425737	
326	18972	0.324342	-0.0151683	-0.0131459	-0.0425737	
327	19716	0.310169	-0.0151683	-0.00670069	-0.0425737	
328	20460	0.307143	-0.0151683	-0.00956159	-0.0425737	
329	21204	0.318324	-0.0151683	-0.0159082	-0.0425737	
330	21948	0.310662	-0.0151683	-0.0205119	-0.0425737	
331	22692	0.30277	-0.0151683	-0.0145271	-0.0425737	
332	23436	0.290142	-0.0151683	-0.0162699	-0.0425737	
333	24180	0.299284	-0.0151683	-0.0177826	-0.0425737	
334	24924	0.304283	-0.0151683	-0.0161384	-0.0425737	
335	25668	0.322171	-0.0151683	-0.0166645	-0.0425737	
336	26412	0.303756	-0.0151683	-0.0152834	-0.0425737	
337	27156	0.30836	-0.0151683	-0.014823	-0.0425737	
338	27900	0.311386	-0.0151683	-0.00936428	-0.0425737	
339	28644	0.311813	-0.0151683	-0.011995	-0.0425737	
340	29388	0.305795	-0.0151683	-0.0188348	-0.0425737	
341	30132	0.298922	-0.0151683	-0.0112387	-0.0425737	
342	30876	0.301718	-0.0151683	-0.0180127	-0.0425737	
343	31620	0.321481	-0.0151683	-0.012554	-0.0425737	
344	32364	0.292214	-0.0151683	-0.0180785	-0.0425737	
345	33108	0.2859	-0.0151683	-0.0167632	-0.0425737	
346	33852	0.299547	-0.0151683	-0.0159739	-0.0425737	
347	34596	0.307538	-0.0151683	-0.0213011	-0.0425737	
348	35340	0.317897	-0.0151683	-0.0159082	-0.0425737	
349	36084	0.304579	-0.0151683	-0.0168618	-0.0425737	
350	36828	0.324868	-0.0151683	-0.0129815	-0.0425737	
351	37572	0.294154	-0.0151683	-0.0189664	-0.0425737	
352	38316	0.312569	-0.0151683	-0.0153492	-0.0425737	
353	39060	0.319212	-0.0151683	-0.0135405	-0.0425737	
354	39804	0.311188	-0.0151683	-0.0235372	-0.0425737	
355	40548	0.300928	-0.0151683	-0.0181772	-0.0425737	
356	41292	0.310563	-0.0151683	-0.00883814	-0.0425737	
357	42036	0.319146	-0.0151683	-0.0168947	-0.0425737	
358	42780	0.336147	-0.0151683	-0.0126527	-0.0425737	
359	43524	0.313063	-0.0151683	-0.016533	-0.0425737	
360	44268	0.312701	-0.0151683	-0.0203146	-0.0425737	
361	45012	0.309643	-0.0151683	-0.0133104	-0.0425737	
362	45756	0.326183	-0.0151683	-0.0164343	-0.0425737	
363	46500	0.32329	-0.0151683	-0.0157766	-0.0425737	
364	47244	0.333747	-0.0151683	-0.0138694	-0.0425737	
365	47988	0.353444	-0.0151683	-0.00946294	-0.0425737	
366	48732	0.310333	-0.0151683	-0.011699	-0.0425737	
367	49476	0.333582	-0.0151683	-0.019065	-0.0425737	
368	50220	0.314345	-0.0151683	-0.0139351	-0.0425737	
369	50964	0.312504	-0.0151683	-0.0172235	-0.0425737	
370	51708	0.347459	-0.0151683	-0.0135405	-0.0425737	
371	52452	0.334733	-0.0151683	-0.0130473	-0.0425737	
372	53196	0.341474	-0.0151683	-0.00962736	-0.0425737	
373	53940	0.317305	-0.0151683	-0.0146257	-0.0425737	
374	54684	0.332398	-0.0151683	-0.0147244	-0.0425737	
375	55428	0.317633	-0.0151683	-0.017388	-0.0425737	
376	56172	0.294023	-0.0151683	-0.0163357	-0.0425737	
377	56916	0.289287	-0.0151683	-0.0149545	-0.0425737	
378	57660	0.318817	-0.0151683	-0.011995	-0.0425737	
379	58404	0.317732	-0.0151683	-0.0215313	-0.0425737	
380	59148	0.31714	-0.0151683	-0.010285	-0.0425737	
381	59892	0.306913	-0.0151683	-0.0144613	-0.0425737	
382	60636	0.314214	-0.0151683	-0.0190321	-0.0425737	
383	61380	0.288827	-0.0151683	-0.0161712	-0.0425737	
384	62124	0.29468	-0.0151683	-0.0190321	-0.0425737	
385	62868	0.29468	-0.0151683	-0.0172235	-0.0425737	
386	63612	0.296752	-0.0151683	-0.0164672	-0.0425737	
387	64356	0.315989	-0.0151683	-0.00735837	-0.0425737	
388	65100	0.310925	-0.0151683	-0.0177168	-0.0425737	
389	65844	0.297015	-0.0151683	-0.0123567	-0.0425737	
390	66588	0.289682	-0.0151683	-0.0194268	-0.0425737	
391	67332	0.286558	-0.0151683	-0.0175853	-0.0425737	
392	68076	0.284947	-0.0151683	-0.0177168	-0.0425737	
393	68820	0.296785	-0.0151683	-0.0168947	-0.0425737	
394	69564	0.313128	-0.0151683	-0.018506	-0.0425737	
395	70308	0.304611	-0.0151683	-0.0164672	-0.0425737	
396	71052	0.308064	-0.0151683	-0.0122252	-0.0425737	
397	71796	0.330031	-0.0151683	-0.0105152	-0.0425737	
398	72540	0.303033	-0.0151683	-0.0140667	-0.0425737	
399	73284	0.302244	-0.0151683	-0.018506	-0.0425737	
400	74028	0.303855	-0.0151683	-0.0130144	-0.0425737	
401	74772	0.311517	-0.0151683	-0.0154478	-0.0425737	
402	75516	0.326381	-0.0151683	-0.0215971	-0.0425737	
403	76260	0.308985	-0.0151683	-0.0146586	-0.0425737	
404	77004	0.323224	-0.0151683	-0.00824623	-0.0425737	
405	77748	0.298758	-0.0151683	-0.015678	-0.0425737	
406	78492	0.314181	-0.0151683	-0.0197556	-0.0425737	
407	79236	0.302277	-0.0151683	-0.013968	-0.0425737	
408	79980	0.316976	-0.0151683	-0.00969312	-0.0425737	
409	80724	0.317305	-0.0151683	-0.0137378	-0.0425737	
410	81468	0.327038	-0.0151683	-0.0193939	-0.0425737	
411	82212	0.341442	-0.0151683	-0.0185718	-0.0425737	
412	82956	0.317305	-0.0151683	-0.0183416	-0.0425737	
413	83700	0.318488	-0.0151683	-0.0142969	-0.0425737	
414	84444	0.32957	-0.0151683	-0.0106139	-0.0425737	
415	85188	0.313655	-0.0151683	-0.015678	-0.0425737	
416	85932	0.338778	-0.0151683	-0.0136063	-0.0425737	
417	86676	0.343645	-0.0151683	-0.0085093	-0.0425737	
418	87420	0.340323	-0.0151683	-0.0159411	-0.0425737	
419	88164	0.33664	-0.0151683	-0.0171249	-0.0425737	
420	88908	0.329077	-0.0151683	-0.0132117	-0.0425737	
421	89652	0.349564	-0.0151683	-0.0148888	-0.0425737	
422	90396	0.315924	-0.0151683	-0.00900256	-0.0425737	
423	91140	0.331872	-0.0151683	-0.00929852	-0.0425737	
424	91884	0.33036	-0.0151683	-0.0117977	-0.0425737	
425	92628	0.32033	-0.0151683	-0.0110742	-0.0425737	
426	93372	0.351405	-0.0151683	-0.0145928	-0.0425737	
427	94116	0.343316	-0.0151683	-0.0120279	-0.0425737	
428	94860	0.331247	-0.0151683	-0.0116333	-0.0425737	
429	95604	0.310827	-0.0151683	-0.0128829	-0.0425737	
430	96348	0.300205	-0.0151683	-0.0141653	-0.0425737	
431	97092	0.312569	-0.0151683	-0.014823	-0.0425737	
432	97836	0.326907	-0.0151683	-0.00604301	-0.0425737	
433	98580	0.339205	-0.0151683	-0.0147572	-0.0425737	
434	99324	0.317864	-0.0151683	-0.016237	-0.0425737	
435	100068	0.35328	-0.0151683	-0.0133761	-0.0425737	
436	100812	0.324309	-0.0151683	-0.0110085	-0.0425737	
437	101556	0.298791	-0.0151683	-0.0150203	-0.0425737	
438	102300	0.329143	-0.0151683	-0.0147572	-0.0425737	
439	103044	0.313523	-0.0151683	-0.0142311	-0.0425737	
440	103788	0.332629	-0.0151683	-0.0104166	-0.0425737	
441	104532	0.333714	-0.0151683	-0.0147572	-0.0425737	
442	105276	0.333155	-0.0151683	-0.0109098	-0.0425737	
443	106020	0.328255	-0.0151683	-0.00962736	-0.0425737	
444	106764	0.324934	-0.0151683	-0.0168289	-0.0425737	
445	107508	0.327104	-0.0151683	-0.014264	-0.0425737	
446	108252	0.354069	-0.0151683	-0.0201831	-0.0425737	
447	108996	0.334733	-0.0151683	-0.0145928	-0.0425737	
448	109740	0.338646	-0.0151683	-0.0131459	-0.0425737	
449	110484	0.339567	-0.0151683	-0.013113	-0.0425737	
450	111228	0.344533	-0.0151683	-0.00949582	-0.0425737	
451	111414	0.354036	-0.0151683	-0.0149874	-0.0425737	
452	110670	0.339764	-0.0151683	-0.013409	-0.0425737	
453	109926	0.317436	-0.0151683	-0.0146257	-0.0425737	
454	109182	0.326742	-0.0151683	-0.017651	-0.0425737	
455	108438	0.325164	-0.0151683	-0.0254445	-0.0425737	
456	107694	0.33766	-0.0151683	-0.0141653	-0.0425737	
457	106950	0.340093	-0.0151683	-0.0108769	-0.0425737	
458	106206	0.320856	-0.0151683	-0.0159082	-0.0425737	
459	105462	0.343184	-0.0151683	-0.0136063	-0.0425737	
460	104718	0.320067	-0.0151683	-0.00959447	-0.0425737	
461	103974	0.330787	-0.0151683	-0.0157438	-0.0425737	
462	103230	0.317732	-0.0151683	-0.0166645	-0.0425737	
463	102486	0.332497	-0.0151683	-0.014823	-0.0425737	
464	101742	0.335753	-0.0151683	-0.0182429	-0.0425737	
465	100998	0.321086	-0.0151683	-0.0178154	-0.0425737	
466	100254	0.34006	-0.0151683	-0.020216	-0.0425737	
467	99510	0.328584	-0.0151683	-0.020775	-0.0425737	
468	98766	0.316351	-0.0151683	-0.00989043	-0.0425737	
469	98022	0.309577	-0.0151683	-0.0157109	-0.0425737	
470	97278	0.343316	-0.0151683	-0.0190979	-0.0425737	
471	96534	0.302342	-0.0151683	-0.00972601	-0.0425737	
472	95790	0.315726	-0.0151683	-0.0147572	-0.0425737	
473	95046	0.31885	-0.0151683	-0.00903545	-0.0425737	
474	94302	0.302934	-0.0151683	-0.0194925	-0.0425737	
475	93558	0.318061	-0.0151683	-0.0164014	-0.0425737	
476	92814	0.308262	-0.0151683	-0.014823	-0.0425737	
477	92070	0.3225	-0.0151683	-0.0199529	-0.0425737	
478	91326	0.301224	-0.0151683	-0.015678	-0.0425737	
479	90582	0.31714	-0.0151683	-0.0178483	-0.0425737	
480	89838	0.312832	-0.0151683	-0.0195254	-0.0425737	
481	89094	0.329669	-0.0151683	-0.0141982	-0.0425737	
482	88350	0.317929	-0.0151683	-0.00903545	-0.0425737	
483	87606	0.312208	-0.0151683	-0.0195583	-0.0425737	
484	86862	0.296719	-0.0151683	-0.0175524	-0.0425737	
485	86118	0.308426	-0.0151683	-0.0157438	-0.0425737	
486	85374	0.308656	-0.0151683	-0.0181443	-0.0425737	
487	84630	0.322204	-0.0151683	-0.0160397	-0.0425737	
488	83886	0.326644	-0.0151683	-0.0207092	-0.0425737	
489	83142	0.311747	-0.0151683	-0.0144942	-0.0425737	
490	82398	0.324572	-0.0151683	-0.0174866	-0.0425737	
491	81654	0.336608	-0.0151683	-0.0128171	-0.0425737	
492	80910	0.302573	-0.0151683	-0.014823	-0.0425737	
493	80166	0.325953	-0.0151683	-0.0177826	-0.0425737	
494	79422	0.324079	-0.0151683	-0.00887103	-0.0425737	
495	78678	0.31474	-0.0151683	-0.0180456	-0.0425737	
496	77934	0.319705	-0.0151683	-0.0192623	-0.0425737	
497	77190	0.326348	-0.0151683	-0.0118635	-0.0425737	
498	76446	0.309676	-0.0151683	-0.0115346	-0.0425737	
499	75702	0.300698	-0.0151683	-0.0201502	-0.0425737	
500	74958	0.320889	-0.0151683	-0.0209065	-0.0425737	
501	74214	0.315134	-0.0151683	-0.0131788	-0.0425737	
502	73470	0.293661	-0.0151683	-0.0165987	-0.0425737	
503	72726	0.314838	-0.0151683	-0.00732548	-0.0425737	
504	71982	0.311254	-0.0151683	-0.0156451	-0.0425737	
505	71238	0.301718	-0.0151683	-0.0114031	-0.0425737	
506	70494	0.322533	-0.0151683	-0.0186047	-0.0425737	
507	69750	0.315858	-0.0151683	-0.0112058	-0.0425737	
508	69006	0.316811	-0.0151683	-0.01285	-0.0425737	
509	68262	0.316811	-0.0151683	-0.00936428	-0.0425737	
510	67518	0.325098	-0.0151683	-0.0128171	-0.0425737	
511	66774	0.329176	-0.0151683	-0.0176181	-0.0425737	
512	66030	0.33664	-0.0151683	-0.016796	-0.0425737	
513	65286	0.335818	-0.0151683	-0.0152505	-0.0425737	
514	64542	0.338219	-0.0151683	-0.00847642	-0.0425737	
515	63798	0.331017	-0.0151683	-0.0214656	-0.0425737	
516	63054	0.333188	-0.0151683	-0.0152176	-0.0425737	
517	62310	0.340784	-0.0151683	-0.0120279	-0.0425737	
518	61566	0.331839	-0.0151683	-0.015678	-0.0425737	
519	60822	0.328913	-0.0151683	-0.0162699	-0.0425737	
520	60078	0.339633	-0.0151683	-0.0116662	-0.0425737	
521	59334	0.327367	-0.0151683	-0.00959447	-0.0425737	
522	58590	0.312832	-0.0151683	-0.0161712	-0.0425737	
523	57846	0.314378	-0.0151683	-0.0139023	-0.0425737	
524	57102	0.298758	-0.0151683	-0.0158095	-0.0425737	
525	56358	0.328913	-0.0151683	-0.0149545	-0.0425737	
526	55614	0.319442	-0.0151683	-0.00594436	-0.0425737	
527	54870	0.343184	-0.0151683	-0.0125211	-0.0425737	
528	54126	0.325295	-0.0151683	-0.0127513	-0.0425737	
529	53382	0.335621	-0.0151683	-0.00804893	-0.0425737	
530	52638	0.324145	-0.0151683	-0.0172564	-0.0425737	
531	51894	0.323717	-0.0151683	-0.00959447	-0.0425737	
532	51150	0.327203	-0.0151683	-0.0133432	-0.0425737	
533	50406	0.325263	-0.0151683	-0.0192623	-0.0425737	
534	49662	0.330524	-0.0151683	-0.0181443	-0.0425737	
535	48918	0.33641	-0.0151683	-0.00719395	-0.0425737	
536	48174	0.32079	-0.0151683	-0.0147572	-0.0425737	
537	47430	0.328419	-0.0151683	-0.0189664	-0.0425737	
538	46686	0.324342	-0.0151683	-0.015382	-0.0425737	
539	45942	0.328584	-0.0151683	-0.00975889	-0.0425737	
540	45198	0.343908	-0.0151683	-0.0144613	-0.0425737	
541	44454	0.338942	-0.0151683	-0.017651	-0.0425737	
542	43710	0.336673	-0.0151683	-0.0192952	-0.0425737	
543	42966	0.341146	-0.0151683	-0.0101206	-0.0425737	
544	42222	0.342527	-0.0151683	-0.0157109	-0.0425737	
545	41478	0.351142	-0.0151683	-0.0091341	-0.0425737	
546	40734	0.342132	-0.0151683	-0.0151518	-0.0425737	
547	39990	0.349728	-0.0151683	-0.0108112	-0.0425737	
548	39246	0.33128	-0.0151683	-0.0129815	-0.0425737	
549	38502	0.357325	-0.0151683	-0.0062732	-0.0425737	
550	37758	0.338712	-0.0151683	-0.0112387	-0.0425737	
551	37014	0.361468	-0.0151683	-0.0136392	-0.0425737	
552	36270	0.359232	-0.0151683	-0.0178483	-0.0425737	
553	35526	0.337167	-0.0151683	-0.0122909	-0.0425737	
554	34782	0.355976	-0.0151683	-0.00604301	-0.0425737	
555	34038	0.358081	-0.0151683	-0.0133761	-0.0425737	
556	33294	0.356667	-0.0151683	-0.0104495	-0.0425737	
557	32550	0.362093	-0.0151683	-0.0116333	-0.0425737	
558	31806	0.362586	-0.0151683	-0.013409	-0.0425737	
559	31062	0.355943	-0.0151683	-0.00663492	-0.0425737	
560	30318	0.336312	-0.0151683	-0.0107125	-0.0425737	
561	29574	0.331807	-0.0151683	-0.0107454	-0.0425737	
562	28830	0.338942	-0.0151683	-0.0170591	-0.0425737	
563	28086	0.3396	-0.0151683	-0.0074899	-0.0425737	
564	27342	0.341047	-0.0151683	-0.0169276	-0.0425737	
565	26598	0.328452	-0.0151683	-0.0116333	-0.0425737	
566	25854	0.327334	-0.0151683	-0.0128829	-0.0425737	
567	25110	0.330294	-0.0151683	-0.015119	-0.0425737	
568	24366	0.321777	-0.0151683	-0.00469477	-0.0425737	
569	23622	0.331346	-0.0151683	-0.0100548	-0.0425737	
570	22878	0.33299	-0.0151683	-0.00541822	-0.0425737	
571	22134	0.331346	-0.0151683	-0.00972601	-0.0425737	
572	21390	0.330853	-0.0151683	-0.0149874	-0.0425737	
573	20646	0.350156	-0.0151683	-0.0194596	-0.0425737	
574	19902	0.333122	-0.0151683	-0.0150532	-0.0425737	
575	19158	0.339173	-0.0151683	-0.013968	-0.0425737	
576	18414	0.358739	-0.0151683	-0.0161055	-0.0425737	
577	17670	0.359462	-0.0151683	-0.00893679	-0.0425737	
578	16926	0.332563	-0.0151683	-0.00821335	-0.0425737	
579	16182	0.331412	-0.0151683	-0.0122581	-0.0425737	
580	15438	0.346999	-0.0151683	-0.00531957	-0.0425737	
581	14694	0.356831	-0.0151683	-0.0118635	-0.0425737	
582	13950	0.342757	-0.0151683	-0.011995	-0.0425737	
583	13206	0.344401	-0.0151683	-0.00420152	-0.0425737	
584	12462	0.343711	-0.0151683	-0.0159739	-0.0425737	
585	11718	0.323717	-0.0151683	-0.0157766	-0.0425737	
586	10974	0.342494	-0.0151683	-0.0134748	-0.0425737	
587	10230	0.337134	-0.0151683	-0.0133761	-0.0425737	
588	9486	0.339173	-0.0151683	-0.014823	-0.0425737	
589	8742	0.334996	-0.0151683	-0.00847642	-0.0425737	
590	7998	0.329669	-0.0151683	-0.015119	-0.0425737	
591	7254	0.337923	-0.0151683	-0.0187362	-0.0425737	
592	6510	0.319902	-0.0151683	-0.0229124	-0.0425737	
593	5766	0.322106	-0.0151683	-0.00847642	-0.0425737	
594	5022	0.329505	-0.0151683	-0.016237	-0.0425737	
595	4278	0.309281	-0.0151683	-0.0161055	-0.0425737	
596	3534	0.330623	-0.0151683	-0.0160726	-0.0425737	
597	2790	0.342888	-0.0151683	-0.0121594	-0.0425737	
598	2046	0.330491	-0.0151683	-0.0112715	-0.0425737	
599	1302	0.330557	-0.0151683	-0.0123567	-0.0425737	
600	558	0.317929	-0.0169013	-0.0231755	-0.0450269	
