# 2016-10-04-Tuesday
# mw resonance scan
# DL-Pro f = -17 GHz
# MW On ; f = 15910.0 -> 15960.0 MHz ; Attn = 39 dB (33+6)
# freq, signal
1.591E+10	0.152556	
1.5911E+10	0.155088	
1.5912E+10	0.145617	
1.5913E+10	0.149498	
1.5914E+10	0.152655	
1.5915E+10	0.169787	
1.5916E+10	0.152063	
1.5917E+10	0.138515	
1.5918E+10	0.139271	
1.5919E+10	0.145289	
1.592E+10	0.150714	
1.5921E+10	0.147262	
1.5922E+10	0.158409	
1.5923E+10	0.141244	
1.5924E+10	0.142395	
1.5925E+10	0.130951	
1.5926E+10	0.141803	
1.5927E+10	0.134207	
1.5928E+10	0.139994	
1.5929E+10	0.12079	
1.593E+10	0.0913262	
1.5931E+10	0.0796853	
1.5932E+10	0.088531	
1.5933E+10	0.0921811	
1.5934E+10	0.118488	
1.5935E+10	0.145486	
1.5936E+10	0.153707	
1.5937E+10	0.14108	
1.5938E+10	0.14371	
1.5939E+10	0.135029	
1.594E+10	0.137923	
1.5941E+10	0.145157	
1.5942E+10	0.155581	
1.5943E+10	0.141408	
1.5944E+10	0.143546	
1.5945E+10	0.162323	
1.5946E+10	0.139468	
1.5947E+10	0.140192	
1.5948E+10	0.144861	
1.5949E+10	0.148643	
1.595E+10	0.153345	
1.5951E+10	0.145256	
1.5952E+10	0.126413	
1.5953E+10	0.134996	
1.5954E+10	0.141375	
1.5955E+10	0.138712	
1.5956E+10	0.140126	
1.5957E+10	0.150386	
1.5958E+10	0.140192	
1.5959E+10	0.147886	
1.596E+10	0.140422	
1.59101E+10	0.141671	
1.59111E+10	0.130129	
1.59121E+10	0.154628	
1.59131E+10	0.14713	
1.59141E+10	0.154003	
1.59151E+10	0.134799	
1.59161E+10	0.144499	
1.59171E+10	0.140915	
1.59181E+10	0.149005	
1.59191E+10	0.136015	
1.59201E+10	0.141869	
1.59211E+10	0.125953	
1.59221E+10	0.13424	
1.59231E+10	0.13299	
1.59241E+10	0.131181	
1.59251E+10	0.133746	
1.59261E+10	0.133878	
1.59271E+10	0.12352	
1.59281E+10	0.120823	
1.59291E+10	0.102474	
1.59301E+10	0.0856044	
1.59311E+10	0.0702805	
1.59321E+10	0.0658412	
1.59331E+10	0.0693926	
1.59341E+10	0.10175	
1.59351E+10	0.120461	
1.59361E+10	0.119639	
1.59371E+10	0.121481	
1.59381E+10	0.119869	
1.59391E+10	0.134568	
1.59401E+10	0.136476	
1.59411E+10	0.131149	
1.59421E+10	0.129143	
1.59431E+10	0.129176	
1.59441E+10	0.126939	
1.59451E+10	0.142	
1.59461E+10	0.150649	
1.59471E+10	0.135029	
1.59481E+10	0.126282	
1.59491E+10	0.137002	
1.59501E+10	0.123585	
1.59511E+10	0.138613	
1.59521E+10	0.129307	
1.59531E+10	0.130721	
1.59541E+10	0.12615	
1.59551E+10	0.132497	
1.59561E+10	0.143085	
1.59571E+10	0.141047	
1.59581E+10	0.124309	
1.59591E+10	0.129735	
1.59102E+10	0.12546	
1.59112E+10	0.120428	
1.59122E+10	0.12056	
1.59132E+10	0.12467	
1.59142E+10	0.126315	
1.59152E+10	0.114246	
1.59162E+10	0.119014	
1.59172E+10	0.128912	
1.59182E+10	0.11908	
1.59192E+10	0.134273	
1.59202E+10	0.131445	
1.59212E+10	0.112536	
1.59222E+10	0.124703	
1.59232E+10	0.128419	
1.59242E+10	0.113161	
1.59252E+10	0.105664	
1.59262E+10	0.108524	
1.59272E+10	0.109511	
1.59282E+10	0.112503	
1.59292E+10	0.0912604	
1.59302E+10	0.0649862	
1.59312E+10	0.0566994	
1.59322E+10	0.0589355	
1.59332E+10	0.0784686	
1.59342E+10	0.0803429	
1.59352E+10	0.104907	
1.59362E+10	0.10619	
1.59372E+10	0.101948	
1.59382E+10	0.100271	
1.59392E+10	0.12056	
1.59402E+10	0.113358	
1.59412E+10	0.112306	
1.59422E+10	0.117272	
1.59432E+10	0.105565	
1.59442E+10	0.115167	
1.59452E+10	0.128551	
1.59462E+10	0.118718	
1.59472E+10	0.112175	
1.59482E+10	0.114246	
1.59492E+10	0.0970808	
1.59502E+10	0.100139	
1.59512E+10	0.113161	
1.59522E+10	0.121119	
1.59532E+10	0.119705	
1.59542E+10	0.107143	
1.59552E+10	0.105598	
1.59562E+10	0.102145	
1.59572E+10	0.10277	
1.59582E+10	0.0961272	
1.59592E+10	0.101652	
1.59103E+10	0.112701	
1.59113E+10	0.101685	
1.59123E+10	0.113786	
1.59133E+10	0.107275	
1.59143E+10	0.118521	
1.59153E+10	0.107834	
1.59163E+10	0.116055	
1.59173E+10	0.119705	
1.59183E+10	0.116976	
1.59193E+10	0.107834	
1.59203E+10	0.116581	
1.59213E+10	0.112898	
1.59223E+10	0.119738	
1.59233E+10	0.119113	
1.59243E+10	0.115134	
1.59253E+10	0.100402	
1.59263E+10	0.105105	
1.59273E+10	0.114279	
1.59283E+10	0.102507	
1.59293E+10	0.0911617	
1.59303E+10	0.058804	
1.59313E+10	0.0527205	
1.59323E+10	0.0492677	
1.59333E+10	0.0594617	
1.59343E+10	0.0749829	
1.59353E+10	0.0982647	
1.59363E+10	0.100336	
1.59373E+10	0.103066	
1.59383E+10	0.106453	
1.59393E+10	0.112339	
1.59403E+10	0.096752	
1.59413E+10	0.100961	
1.59423E+10	0.113358	
1.59433E+10	0.113786	
1.59443E+10	0.0981331	
1.59453E+10	0.0932663	
1.59463E+10	0.102013	
1.59473E+10	0.10688	
1.59483E+10	0.114707	
1.59493E+10	0.134601	
1.59503E+10	0.114016	
1.59513E+10	0.120593	
1.59523E+10	0.119672	
1.59533E+10	0.11862	
1.59543E+10	0.124901	
1.59553E+10	0.117568	
1.59563E+10	0.118554	
1.59573E+10	0.116943	
1.59583E+10	0.124901	
1.59593E+10	0.121152	
1.59104E+10	0.126446	
1.59114E+10	0.12227	
1.59124E+10	0.116351	
1.59134E+10	0.129077	
1.59144E+10	0.132102	
1.59154E+10	0.121974	
1.59164E+10	0.129406	
1.59174E+10	0.126907	
1.59184E+10	0.121514	
1.59194E+10	0.124506	
1.59204E+10	0.126775	
1.59214E+10	0.126479	
1.59224E+10	0.132793	
1.59234E+10	0.122763	
1.59244E+10	0.124966	
1.59254E+10	0.122007	
1.59264E+10	0.122434	
1.59274E+10	0.118916	
1.59284E+10	0.104677	
1.59294E+10	0.0961601	
1.59304E+10	0.0791262	
1.59314E+10	0.0765613	
1.59324E+10	0.0684061	
1.59334E+10	0.0903725	
1.59344E+10	0.114608	
1.59354E+10	0.130261	
1.59364E+10	0.117436	
1.59374E+10	0.130458	
1.59384E+10	0.116482	
1.59394E+10	0.121875	
1.59404E+10	0.136048	
1.59414E+10	0.128189	
1.59424E+10	0.129044	
1.59434E+10	0.138909	
1.59444E+10	0.117469	
1.59454E+10	0.141047	
1.59464E+10	0.129439	
1.59474E+10	0.147097	
1.59484E+10	0.133253	
1.59494E+10	0.128781	
1.59504E+10	0.115627	
1.59514E+10	0.124868	
1.59524E+10	0.131477	
1.59534E+10	0.129669	
1.59544E+10	0.129537	
1.59554E+10	0.12957	
1.59564E+10	0.129143	
1.59574E+10	0.127334	
1.59584E+10	0.12102	
1.59594E+10	0.121481	
1.59105E+10	0.128649	
1.59115E+10	0.131642	
1.59125E+10	0.126183	
1.59135E+10	0.112832	
1.59145E+10	0.117173	
1.59155E+10	0.115627	
1.59165E+10	0.123552	
1.59175E+10	0.130754	
1.59185E+10	0.123914	
1.59195E+10	0.115759	
1.59205E+10	0.134996	
1.59215E+10	0.128057	
1.59225E+10	0.141671	
1.59235E+10	0.132267	
1.59245E+10	0.12888	
1.59255E+10	0.119409	
1.59265E+10	0.122237	
1.59275E+10	0.119672	
1.59285E+10	0.108788	
1.59295E+10	0.0986264	
1.59305E+10	0.0686034	
1.59315E+10	0.0651177	
1.59325E+10	0.0723193	
1.59335E+10	0.093069	
1.59345E+10	0.121349	
1.59355E+10	0.12421	
1.59365E+10	0.141178	
1.59375E+10	0.137923	
1.59385E+10	0.127762	
1.59395E+10	0.133746	
1.59405E+10	0.116943	
1.59415E+10	0.136147	
1.59425E+10	0.133746	
1.59435E+10	0.125657	
1.59445E+10	0.121546	
1.59455E+10	0.136542	
1.59465E+10	0.13858	
1.59475E+10	0.133977	
1.59485E+10	0.137199	
1.59495E+10	0.137429	
1.59505E+10	0.137725	
1.59515E+10	0.131379	
1.59525E+10	0.135358	
1.59535E+10	0.122928	
1.59545E+10	0.136805	
1.59555E+10	0.133779	
1.59565E+10	0.129603	
1.59575E+10	0.141014	
1.59585E+10	0.12227	
1.59595E+10	0.121481	
1.59106E+10	0.146538	
1.59116E+10	0.134832	
1.59126E+10	0.127433	
1.59136E+10	0.137331	
1.59146E+10	0.130458	
1.59156E+10	0.128814	
1.59166E+10	0.143414	
1.59176E+10	0.134207	
1.59186E+10	0.136574	
1.59196E+10	0.134832	
1.59206E+10	0.137692	
1.59216E+10	0.14325	
1.59226E+10	0.120527	
1.59236E+10	0.134437	
1.59246E+10	0.138515	
1.59256E+10	0.128386	
1.59266E+10	0.129011	
1.59276E+10	0.122533	
1.59286E+10	0.112306	
1.59296E+10	0.0940884	
1.59306E+10	0.0754104	
1.59316E+10	0.0638024	
1.59326E+10	0.0681101	
1.59336E+10	0.0890572	
1.59346E+10	0.122993	
1.59356E+10	0.121481	
1.59366E+10	0.119409	
1.59376E+10	0.120198	
1.59386E+10	0.145157	
1.59396E+10	0.127992	
1.59406E+10	0.134864	
1.59416E+10	0.120494	
1.59426E+10	0.132826	
1.59436E+10	0.131938	
1.59446E+10	0.145387	
1.59456E+10	0.1469	
1.59466E+10	0.143151	
1.59476E+10	0.151043	
1.59486E+10	0.139205	
1.59496E+10	0.143217	
1.59506E+10	0.148281	
1.59516E+10	0.147163	
1.59526E+10	0.121842	
1.59536E+10	0.137725	
1.59546E+10	0.138219	
1.59556E+10	0.128682	
1.59566E+10	0.13641	
1.59576E+10	0.133549	
1.59586E+10	0.134305	
1.59596E+10	0.139731	
1.59107E+10	0.130655	
1.59117E+10	0.145453	
1.59127E+10	0.14371	
1.59137E+10	0.128912	
1.59147E+10	0.123059	
1.59157E+10	0.129077	
1.59167E+10	0.126019	
1.59177E+10	0.124046	
1.59187E+10	0.128682	
1.59197E+10	0.131872	
1.59207E+10	0.138876	
1.59217E+10	0.142329	
1.59227E+10	0.138482	
1.59237E+10	0.133878	
1.59247E+10	0.141836	
1.59257E+10	0.127137	
1.59267E+10	0.125887	
1.59277E+10	0.110465	
1.59287E+10	0.122434	
1.59297E+10	0.0872157	
1.59307E+10	0.0815596	
1.59317E+10	0.0748185	
1.59327E+10	0.0783041	
1.59337E+10	0.0963245	
1.59347E+10	0.111846	
1.59357E+10	0.116219	
1.59367E+10	0.121119	
1.59377E+10	0.130655	
1.59387E+10	0.127794	
1.59397E+10	0.125197	
1.59407E+10	0.127268	
1.59417E+10	0.125328	
1.59427E+10	0.140619	
1.59437E+10	0.135358	
1.59447E+10	0.141474	
1.59457E+10	0.122862	
1.59467E+10	0.130655	
1.59477E+10	0.123355	
1.59487E+10	0.135818	
1.59497E+10	0.128288	
1.59507E+10	0.147919	
1.59517E+10	0.140323	
1.59527E+10	0.129307	
1.59537E+10	0.142724	
1.59547E+10	0.134667	
1.59557E+10	0.130984	
1.59567E+10	0.132661	
1.59577E+10	0.139863	
1.59587E+10	0.136048	
1.59597E+10	0.131017	
1.59108E+10	0.139008	
1.59118E+10	0.122632	
1.59128E+10	0.137824	
1.59138E+10	0.130063	
1.59148E+10	0.139402	
1.59158E+10	0.142494	
1.59168E+10	0.150419	
1.59178E+10	0.143776	
1.59188E+10	0.137758	
1.59198E+10	0.14496	
1.59208E+10	0.131247	
1.59218E+10	0.134667	
1.59228E+10	0.138876	
1.59238E+10	0.132497	
1.59248E+10	0.118883	
1.59258E+10	0.125953	
1.59268E+10	0.122073	
1.59278E+10	0.132563	
1.59288E+10	0.0990539	
1.59298E+10	0.0899122	
1.59308E+10	0.0612045	
1.59318E+10	0.0648875	
1.59328E+10	0.0692282	
1.59338E+10	0.0964561	
1.59348E+10	0.124901	
1.59358E+10	0.121744	
1.59368E+10	0.12717	
1.59378E+10	0.123881	
1.59388E+10	0.145354	
1.59398E+10	0.143513	
1.59408E+10	0.127005	
1.59418E+10	0.128748	
1.59428E+10	0.140553	
1.59438E+10	0.143414	
1.59448E+10	0.13858	
1.59458E+10	0.137824	
1.59468E+10	0.139994	
1.59478E+10	0.135851	
1.59488E+10	0.136936	
1.59498E+10	0.128945	
1.59508E+10	0.141441	
1.59518E+10	0.137923	
1.59528E+10	0.132563	
1.59538E+10	0.13105	
1.59548E+10	0.136015	
1.59558E+10	0.121481	
1.59568E+10	0.136311	
1.59578E+10	0.136213	
1.59588E+10	0.117041	
1.59598E+10	0.137133	
1.59109E+10	0.129208	
1.59119E+10	0.134733	
1.59129E+10	0.135654	
1.59139E+10	0.129439	
1.59149E+10	0.144894	
1.59159E+10	0.140751	
1.59169E+10	0.144927	
1.59179E+10	0.134108	
1.59189E+10	0.132201	
1.59199E+10	0.116877	
1.59209E+10	0.121941	
1.59219E+10	0.128551	
1.59229E+10	0.129767	
1.59239E+10	0.131149	
1.59249E+10	0.13322	
1.59259E+10	0.122237	
1.59269E+10	0.12786	
1.59279E+10	0.126348	
1.59289E+10	0.104513	
1.59299E+10	0.0918194	
1.59309E+10	0.0664002	
1.59319E+10	0.0628816	
1.59329E+10	0.0798497	
1.59339E+10	0.103855	
1.59349E+10	0.121119	
1.59359E+10	0.128222	
1.59369E+10	0.123618	
1.59379E+10	0.134141	
1.59389E+10	0.117732	
1.59399E+10	0.12786	
1.59409E+10	0.128288	
1.59419E+10	0.133977	
1.59429E+10	0.137923	
1.59439E+10	0.121382	
1.59449E+10	0.117699	
1.59459E+10	0.138778	
1.59469E+10	0.137364	
1.59479E+10	0.13687	
1.59489E+10	0.136903	
1.59499E+10	0.128485	
1.59509E+10	0.147689	
1.59519E+10	0.134634	
1.59529E+10	0.119705	
1.59539E+10	0.121974	
1.59549E+10	0.1225	
1.59559E+10	0.115266	
1.59569E+10	0.133648	
1.59579E+10	0.14108	
1.59589E+10	0.140455	
1.59599E+10	0.138712	
