# Filename	2016-10-04\9_delay.txt
# Date	2016-10-04
# Title	DL-Pro & DL-100 Locked delay scan.
# DL-Pro	365824.8 GHz
# DL-100	365808.9 GHz
# Static	200 mV Pulsed
# MWOn	On
# MWf	15931.6 MHz
# Attn	32 dB
# FixedAttn	6 dB
# B2	B2 = T2 + 2.050 us
# HP214B	HP 214B FIP at 5.5 on 100V setting ; Applied to Top ; Mesh & Vin of MCP @ +25V ; Vout of MCP @ +2025 V
# Oven	32 A
# Boxcar	Gate = 200 ns ; Amp = 25x ; Sensitivity = 5 mV
# Offset	+/- 30 mV IR/Oven offset.
# Bias	Top: 0 V ; Bot: -0.490 V ; IR: +0.065 V ; Oven: -0.065 V ; Vis: -0.010 V ; MW: +0.010 V
# Passes	4
i	step	norm	nbackground	signal	sbackground
0	0	0.321152	-0.0260233	-0.0325474	-0.0554182
1	744	0.319015	-0.0260233	-0.0382363	-0.0554182
2	1488	0.294944	-0.0260233	-0.0324817	-0.0554182
3	2232	0.304348	-0.0260233	-0.0291933	-0.0554182
4	2976	0.300928	-0.0260233	-0.0336984	-0.0554182
5	3720	0.295963	-0.0260233	-0.0392557	-0.0554182
6	4464	0.304743	-0.0260233	-0.0389598	-0.0554182
7	5208	0.283401	-0.0260233	-0.0360331	-0.0554182
8	5952	0.300764	-0.0260233	-0.0327118	-0.0554182
9	6696	0.305762	-0.0260233	-0.0365264	-0.0554182
10	7440	0.291458	-0.0260233	-0.0342245	-0.0554182
11	8184	0.293003	-0.0260233	-0.0302784	-0.0554182
12	8928	0.309117	-0.0260233	-0.0337641	-0.0554182
13	9672	0.297739	-0.0260233	-0.0381048	-0.0554182
14	10416	0.29764	-0.0260233	-0.0347835	-0.0554182
15	11160	0.304381	-0.0260233	-0.0309032	-0.0554182
16	11904	0.293299	-0.0260233	-0.0364277	-0.0554182
17	12648	0.309018	-0.0260233	-0.0294892	-0.0554182
18	13392	0.287084	-0.0260233	-0.0362633	-0.0554182
19	14136	0.280935	-0.0260233	-0.0316924	-0.0554182
20	14880	0.287446	-0.0260233	-0.0291604	-0.0554182
21	15624	0.31451	-0.0260233	-0.0373156	-0.0554182
22	16368	0.285703	-0.0260233	-0.0312978	-0.0554182
23	17112	0.300106	-0.0260233	-0.0354412	-0.0554182
24	17856	0.286492	-0.0260233	-0.0370854	-0.0554182
25	18600	0.292477	-0.0260233	-0.0319226	-0.0554182
26	19344	0.290373	-0.0260233	-0.0340601	-0.0554182
27	20088	0.291326	-0.0260233	-0.0313307	-0.0554182
28	20832	0.281757	-0.0260233	-0.0375129	-0.0554182
29	21576	0.295799	-0.0260233	-0.0315938	-0.0554182
30	22320	0.287347	-0.0260233	-0.0344876	-0.0554182
31	23064	0.283303	-0.0260233	-0.031824	-0.0554182
32	23808	0.276101	-0.0260233	-0.0337641	-0.0554182
33	24552	0.28498	-0.0260233	-0.0323501	-0.0554182
34	25296	0.266861	-0.0260233	-0.0348493	-0.0554182
35	26040	0.281264	-0.0260233	-0.0338957	-0.0554182
36	26784	0.275706	-0.0260233	-0.0322843	-0.0554182
37	27528	0.282217	-0.0260233	-0.0336655	-0.0554182
38	28272	0.258344	-0.0260233	-0.0331722	-0.0554182
39	29016	0.274161	-0.0260233	-0.0354083	-0.0554182
40	29760	0.264065	-0.0260233	-0.0344547	-0.0554182
41	30504	0.274851	-0.0260233	-0.0320213	-0.0554182
42	31248	0.257423	-0.0260233	-0.0355727	-0.0554182
43	31992	0.283796	-0.0260233	-0.031528	-0.0554182
44	32736	0.274983	-0.0260233	-0.0375129	-0.0554182
45	33480	0.289978	-0.0260233	-0.0327118	-0.0554182
46	34224	0.27791	-0.0260233	-0.0375458	-0.0554182
47	34968	0.279521	-0.0260233	-0.0371512	-0.0554182
48	35712	0.285835	-0.0260233	-0.0364606	-0.0554182
49	36456	0.285473	-0.0260233	-0.0443198	-0.0554182
50	37200	0.275443	-0.0260233	-0.0375787	-0.0554182
51	37944	0.278962	-0.0260233	-0.0393544	-0.0554182
52	38688	0.292773	-0.0260233	-0.0337641	-0.0554182
53	39432	0.282711	-0.0260233	-0.033797	-0.0554182
54	40176	0.294352	-0.0260233	-0.0372498	-0.0554182
55	40920	0.28761	-0.0260233	-0.040867	-0.0554182
56	41664	0.307275	-0.0260233	-0.0396832	-0.0554182
57	42408	0.270872	-0.0260233	-0.0365921	-0.0554182
58	43152	0.281987	-0.0260233	-0.0351124	-0.0554182
59	43896	0.277515	-0.0260233	-0.0380719	-0.0554182
60	44640	0.289945	-0.0260233	-0.0346849	-0.0554182
61	45384	0.275312	-0.0260233	-0.0366908	-0.0554182
62	46128	0.307571	-0.0260233	-0.0317253	-0.0554182
63	46872	0.29445	-0.0260233	-0.0341258	-0.0554182
64	47616	0.294253	-0.0260233	-0.0355399	-0.0554182
65	48360	0.283664	-0.0260233	-0.0323172	-0.0554182
66	49104	0.282185	-0.0260233	-0.0317582	-0.0554182
67	49848	0.280409	-0.0260233	-0.0365921	-0.0554182
68	50592	0.283829	-0.0260233	-0.0359345	-0.0554182
69	51336	0.288268	-0.0260233	-0.0306402	-0.0554182
70	52080	0.294845	-0.0260233	-0.0325145	-0.0554182
71	52824	0.306848	-0.0260233	-0.0376773	-0.0554182
72	53568	0.287841	-0.0260233	-0.0380719	-0.0554182
73	54312	0.284914	-0.0260233	-0.0329091	-0.0554182
74	55056	0.300731	-0.0260233	-0.0410972	-0.0554182
75	55800	0.281231	-0.0260233	-0.0361318	-0.0554182
76	56544	0.299153	-0.0260233	-0.0385981	-0.0554182
77	57288	0.27791	-0.0260233	-0.0378746	-0.0554182
78	58032	0.283335	-0.0260233	-0.0360331	-0.0554182
79	58776	0.290537	-0.0260233	-0.0321528	-0.0554182
80	59520	0.281198	-0.0260233	-0.0300482	-0.0554182
81	60264	0.274819	-0.0260233	-0.0363291	-0.0554182
82	61008	0.287873	-0.0260233	-0.0361646	-0.0554182
83	61752	0.273207	-0.0260233	-0.0429716	-0.0554182
84	62496	0.251504	-0.0260233	-0.0351124	-0.0554182
85	63240	0.258672	-0.0260233	-0.0347506	-0.0554182
86	63984	0.291885	-0.0260233	-0.0384994	-0.0554182
87	64728	0.264263	-0.0260233	-0.0371512	-0.0554182
88	65472	0.263441	-0.0260233	-0.0393544	-0.0554182
89	66216	0.256338	-0.0260233	-0.0405382	-0.0554182
90	66960	0.255154	-0.0260233	-0.0385323	-0.0554182
91	67704	0.279028	-0.0260233	-0.0323501	-0.0554182
92	68448	0.289222	-0.0260233	-0.0336984	-0.0554182
93	69192	0.296719	-0.0260233	-0.0418864	-0.0554182
94	69936	0.259462	-0.0260233	-0.0337312	-0.0554182
95	70680	0.286361	-0.0260233	-0.0384994	-0.0554182
96	71424	0.273536	-0.0260233	-0.0408999	-0.0554182
97	72168	0.275805	-0.0260233	-0.0423797	-0.0554182
98	72912	0.290208	-0.0260233	-0.0398805	-0.0554182
99	73656	0.294384	-0.0260233	-0.0336655	-0.0554182
100	74400	0.284749	-0.0260233	-0.0396175	-0.0554182
101	75144	0.266992	-0.0260233	-0.0382363	-0.0554182
102	75888	0.267189	-0.0260233	-0.0435306	-0.0554182
103	76632	0.275246	-0.0260233	-0.0439252	-0.0554182
104	77376	0.294154	-0.0260233	-0.0395517	-0.0554182
105	78120	0.270511	-0.0260233	-0.0375787	-0.0554182
106	78864	0.287314	-0.0260233	-0.0401107	-0.0554182
107	79608	0.277055	-0.0260233	-0.0321199	-0.0554182
108	80352	0.266532	-0.0260233	-0.0362633	-0.0554182
109	81096	0.295963	-0.0260233	-0.042577	-0.0554182
110	81840	0.27301	-0.0260233	-0.0455037	-0.0554182
111	82584	0.271464	-0.0260233	-0.0379404	-0.0554182
112	83328	0.284914	-0.0260233	-0.0446158	-0.0554182
113	84072	0.275706	-0.0260233	-0.0359673	-0.0554182
114	84816	0.279488	-0.0260233	-0.0411959	-0.0554182
115	85560	0.278797	-0.0260233	-0.0387625	-0.0554182
116	86304	0.286394	-0.0260233	-0.0398805	-0.0554182
117	87048	0.280179	-0.0260233	-0.0335011	-0.0554182
118	87792	0.268373	-0.0260233	-0.0358687	-0.0554182
119	88536	0.285999	-0.0260233	-0.0395517	-0.0554182
120	89280	0.275345	-0.0260233	-0.0395846	-0.0554182
121	90024	0.274194	-0.0260233	-0.0400449	-0.0554182
122	90768	0.28008	-0.0260233	-0.03748	-0.0554182
123	91512	0.278173	-0.0260233	-0.0391571	-0.0554182
124	92256	0.277055	-0.0260233	-0.0299167	-0.0554182
125	93000	0.26035	-0.0260233	-0.0370196	-0.0554182
126	93744	0.258738	-0.0260233	-0.0316596	-0.0554182
127	94488	0.267551	-0.0260233	-0.0294892	-0.0554182
128	95232	0.266367	-0.0260233	-0.0362304	-0.0554182
129	95976	0.263967	-0.0260233	-0.0424455	-0.0554182
130	96720	0.283533	-0.0260233	-0.0386638	-0.0554182
131	97464	0.261961	-0.0260233	-0.0405382	-0.0554182
132	98208	0.289583	-0.0260233	-0.0397819	-0.0554182
133	98952	0.249991	-0.0260233	-0.0443198	-0.0554182
134	99696	0.257817	-0.0260233	-0.0403738	-0.0554182
135	100440	0.249925	-0.0260233	-0.0381706	-0.0554182
136	101184	0.257258	-0.0260233	-0.0361318	-0.0554182
137	101928	0.25693	-0.0260233	-0.0367566	-0.0554182
138	102672	0.275969	-0.0260233	-0.0389269	-0.0554182
139	103416	0.27324	-0.0260233	-0.03041	-0.0554182
140	104160	0.266466	-0.0260233	-0.0374142	-0.0554182
141	104904	0.265249	-0.0260233	-0.03748	-0.0554182
142	105648	0.278732	-0.0260233	-0.0351781	-0.0554182
143	106392	0.258179	-0.0260233	-0.0368881	-0.0554182
144	107136	0.274292	-0.0260233	-0.0394201	-0.0554182
145	107880	0.281132	-0.0260233	-0.0404395	-0.0554182
146	108624	0.27814	-0.0260233	-0.042577	-0.0554182
147	109368	0.276496	-0.0260233	-0.0351124	-0.0554182
148	110112	0.273865	-0.0260233	-0.0348822	-0.0554182
149	110856	0.268143	-0.0260233	-0.0428401	-0.0554182
150	111600	0.28133	-0.0260233	-0.045964	-0.0554182
151	111042	0.288432	-0.0260233	-0.0419522	-0.0554182
152	110298	0.276726	-0.0260233	-0.0415576	-0.0554182
153	109554	0.261402	-0.0260233	-0.0409328	-0.0554182
154	108810	0.271629	-0.0260233	-0.0310019	-0.0554182
155	108066	0.279225	-0.0260233	-0.0415247	-0.0554182
156	107322	0.273339	-0.0260233	-0.0359016	-0.0554182
157	106578	0.272352	-0.0260233	-0.0384007	-0.0554182
158	105834	0.278732	-0.0260233	-0.0367237	-0.0554182
159	105090	0.263046	-0.0260233	-0.036066	-0.0554182
160	104346	0.262947	-0.0260233	-0.0424126	-0.0554182
161	103602	0.268867	-0.0260233	-0.0382692	-0.0554182
162	102858	0.275279	-0.0260233	-0.0344876	-0.0554182
163	102114	0.276561	-0.0260233	-0.0326132	-0.0554182
164	101370	0.286525	-0.0260233	-0.0328763	-0.0554182
165	100626	0.284454	-0.0260233	-0.0360331	-0.0554182
166	99882	0.28738	-0.0260233	-0.0335339	-0.0554182
167	99138	0.284158	-0.0260233	-0.0322843	-0.0554182
168	98394	0.288334	-0.0260233	-0.0410315	-0.0554182
169	97650	0.276989	-0.0260233	-0.0328434	-0.0554182
170	96906	0.307966	-0.0260233	-0.038039	-0.0554182
171	96162	0.269031	-0.0260233	-0.0346191	-0.0554182
172	95418	0.286591	-0.0260233	-0.0357043	-0.0554182
173	94674	0.290932	-0.0260233	-0.0313965	-0.0554182
174	93930	0.29103	-0.0260233	-0.0401436	-0.0554182
175	93186	0.27814	-0.0260233	-0.039453	-0.0554182
176	92442	0.304644	-0.0260233	-0.0360002	-0.0554182
177	91698	0.305039	-0.0260233	-0.0352439	-0.0554182
178	90954	0.300304	-0.0260233	-0.0339943	-0.0554182
179	90210	0.300271	-0.0260233	-0.0362633	-0.0554182
180	89466	0.285966	-0.0260233	-0.0362633	-0.0554182
181	88722	0.303592	-0.0260233	-0.0375787	-0.0554182
182	87978	0.284585	-0.0260233	-0.0373813	-0.0554182
183	87234	0.27814	-0.0260233	-0.0373485	-0.0554182
184	86490	0.28738	-0.0260233	-0.0408342	-0.0554182
185	85746	0.294976	-0.0260233	-0.0365264	-0.0554182
186	85002	0.303	-0.0260233	-0.0365593	-0.0554182
187	84258	0.286986	-0.0260233	-0.0324817	-0.0554182
188	83514	0.297114	-0.0260233	-0.0316924	-0.0554182
189	82770	0.278797	-0.0260233	-0.0394859	-0.0554182
190	82026	0.301652	-0.0260233	-0.0394201	-0.0554182
191	81282	0.310563	-0.0260233	-0.032087	-0.0554182
192	80538	0.290734	-0.0260233	-0.0328434	-0.0554182
193	79794	0.303263	-0.0260233	-0.0420837	-0.0554182
194	79050	0.286624	-0.0260233	-0.0434649	-0.0554182
195	78306	0.277416	-0.0260233	-0.0417549	-0.0554182
196	77562	0.288926	-0.0260233	-0.0389598	-0.0554182
197	76818	0.280343	-0.0260233	-0.0433991	-0.0554182
198	76074	0.285703	-0.0260233	-0.0359016	-0.0554182
199	75330	0.28932	-0.0260233	-0.0393215	-0.0554182
200	74586	0.276134	-0.0260233	-0.0396503	-0.0554182
201	73842	0.298133	-0.0260233	-0.0429716	-0.0554182
202	73098	0.273503	-0.0260233	-0.0385323	-0.0554182
203	72354	0.276167	-0.0260233	-0.0345205	-0.0554182
204	71610	0.290406	-0.0260233	-0.0366579	-0.0554182
205	70866	0.287873	-0.0260233	-0.0355399	-0.0554182
206	70122	0.292543	-0.0260233	-0.0396175	-0.0554182
207	69378	0.300336	-0.0260233	-0.0383021	-0.0554182
208	68634	0.300336	-0.0260233	-0.0386309	-0.0554182
209	67890	0.29718	-0.0260233	-0.031824	-0.0554182
210	67146	0.29958	-0.0260233	-0.0341258	-0.0554182
211	66402	0.312569	-0.0260233	-0.0347835	-0.0554182
212	65658	0.305828	-0.0260233	-0.0297852	-0.0554182
213	64914	0.30231	-0.0260233	-0.0382692	-0.0554182
214	64170	0.287939	-0.0260233	-0.0353425	-0.0554182
215	63426	0.281198	-0.0260233	-0.0378088	-0.0554182
216	62682	0.306716	-0.0260233	-0.0268585	-0.0554182
217	61938	0.305006	-0.0260233	-0.0294235	-0.0554182
218	61194	0.304052	-0.0260233	-0.0343231	-0.0554182
219	60450	0.280738	-0.0260233	-0.0385981	-0.0554182
220	59706	0.291293	-0.0260233	-0.0417549	-0.0554182
221	58962	0.29399	-0.0260233	-0.0351124	-0.0554182
222	58218	0.297903	-0.0260233	-0.0364606	-0.0554182
223	57474	0.290899	-0.0260233	-0.0362304	-0.0554182
224	56730	0.294878	-0.0260233	-0.0407026	-0.0554182
225	55986	0.290734	-0.0260233	-0.0389927	-0.0554182
226	55242	0.287578	-0.0260233	-0.0376115	-0.0554182
227	54498	0.278403	-0.0260233	-0.0359016	-0.0554182
228	53754	0.286032	-0.0260233	-0.0378088	-0.0554182
229	53010	0.282579	-0.0260233	-0.038335	-0.0554182
230	52266	0.284914	-0.0260233	-0.0363948	-0.0554182
231	51522	0.280277	-0.0260233	-0.0356385	-0.0554182
232	50778	0.294384	-0.0260233	-0.0360002	-0.0554182
233	50034	0.282349	-0.0260233	-0.0417549	-0.0554182
234	49290	0.299745	-0.0260233	-0.0385981	-0.0554182
235	48546	0.28225	-0.0260233	-0.0375787	-0.0554182
236	47802	0.283072	-0.0260233	-0.0366908	-0.0554182
237	47058	0.286361	-0.0260233	-0.0344876	-0.0554182
238	46314	0.286229	-0.0260233	-0.0432018	-0.0554182
239	45570	0.275443	-0.0260233	-0.038894	-0.0554182
240	44826	0.294779	-0.0260233	-0.0357043	-0.0554182
241	44082	0.292083	-0.0260233	-0.0334024	-0.0554182
242	43338	0.29182	-0.0260233	-0.0393215	-0.0554182
243	42594	0.28179	-0.0260233	-0.0388611	-0.0554182
244	41850	0.295042	-0.0260233	-0.0425441	-0.0554182
245	41106	0.291359	-0.0260233	-0.0338299	-0.0554182
246	40362	0.295996	-0.0260233	-0.0433333	-0.0554182
247	39618	0.289781	-0.0260233	-0.0392557	-0.0554182
248	38874	0.300501	-0.0260233	-0.0381706	-0.0554182
249	38130	0.305072	-0.0260233	-0.0400121	-0.0554182
250	37386	0.283763	-0.0260233	-0.0360002	-0.0554182
251	36642	0.291524	-0.0260233	-0.0401107	-0.0554182
252	35898	0.297574	-0.0260233	-0.0397161	-0.0554182
253	35154	0.315924	-0.0260233	-0.0360002	-0.0554182
254	34410	0.289419	-0.0260233	-0.0381048	-0.0554182
255	33666	0.289156	-0.0260233	-0.0407684	-0.0554182
256	32922	0.302046	-0.0260233	-0.039453	-0.0554182
257	32178	0.292576	-0.0260233	-0.0402422	-0.0554182
258	31434	0.302178	-0.0260233	-0.0392886	-0.0554182
259	30690	0.301455	-0.0260233	-0.0357372	-0.0554182
260	29946	0.296884	-0.0260233	-0.0332709	-0.0554182
261	29202	0.293957	-0.0260233	-0.0302127	-0.0554182
262	28458	0.305598	-0.0260233	-0.0287987	-0.0554182
263	27714	0.307966	-0.0260233	-0.0348493	-0.0554182
264	26970	0.301783	-0.0260233	-0.0348493	-0.0554182
265	26226	0.291524	-0.0260233	-0.0301798	-0.0554182
266	25482	0.279389	-0.0260233	-0.0395517	-0.0554182
267	24738	0.301816	-0.0260233	-0.0280094	-0.0554182
268	23994	0.305499	-0.0260233	-0.0361318	-0.0554182
269	23250	0.305697	-0.0260233	-0.0347178	-0.0554182
270	22506	0.293299	-0.0260233	-0.0308703	-0.0554182
271	21762	0.294187	-0.0260233	-0.0387625	-0.0554182
272	21018	0.298002	-0.0260233	-0.0375458	-0.0554182
273	20274	0.312504	-0.0260233	-0.0295221	-0.0554182
274	19530	0.301816	-0.0260233	-0.0372169	-0.0554182
275	18786	0.29639	-0.0260233	-0.0386638	-0.0554182
276	18042	0.306453	-0.0260233	-0.0362304	-0.0554182
277	17298	0.308952	-0.0260233	-0.0252801	-0.0554182
278	16554	0.296752	-0.0260233	-0.0362304	-0.0554182
279	15810	0.302342	-0.0260233	-0.0293906	-0.0554182
280	15066	0.301981	-0.0260233	-0.0313636	-0.0554182
281	14322	0.307637	-0.0260233	-0.0313307	-0.0554182
282	13578	0.306387	-0.0260233	-0.0317582	-0.0554182
283	12834	0.290833	-0.0260233	-0.0354412	-0.0554182
284	12090	0.317272	-0.0260233	-0.0378417	-0.0554182
285	11346	0.29912	-0.0260233	-0.0374142	-0.0554182
286	10602	0.294713	-0.0260233	-0.043991	-0.0554182
287	9858	0.293891	-0.0260233	-0.0359016	-0.0554182
288	9114	0.2835	-0.0260233	-0.041722	-0.0554182
289	8370	0.295239	-0.0260233	-0.0410315	-0.0554182
290	7626	0.306157	-0.0260233	-0.034356	-0.0554182
291	6882	0.298955	-0.0260233	-0.0374471	-0.0554182
292	6138	0.306453	-0.0260233	-0.0365264	-0.0554182
293	5394	0.308097	-0.0260233	-0.0399792	-0.0554182
294	4650	0.30402	-0.0260233	-0.0413274	-0.0554182
295	3906	0.288005	-0.0260233	-0.0376773	-0.0554182
296	3162	0.281264	-0.0260233	-0.0388611	-0.0554182
297	2418	0.27666	-0.0260233	-0.0412945	-0.0554182
298	1674	0.309182	-0.0260233	-0.035507	-0.0554182
299	930	0.290734	-0.0260233	-0.0430045	-0.0554182
300	186	0.299613	-0.0260233	-0.0418207	-0.0554182
301	372	0.291852	-0.0260233	-0.034356	-0.0554182
302	1116	0.291951	-0.0260233	-0.0361318	-0.0554182
303	1860	0.293727	-0.0260233	-0.0409328	-0.0554182
304	2604	0.297278	-0.0260233	-0.0402751	-0.0554182
305	3348	0.292083	-0.0260233	-0.0400449	-0.0554182
306	4092	0.295568	-0.0260233	-0.0397819	-0.0554182
307	4836	0.307604	-0.0260233	-0.0358029	-0.0554182
308	5580	0.29547	-0.0260233	-0.0327776	-0.0554182
309	6324	0.301718	-0.0260233	-0.0379733	-0.0554182
310	7068	0.295174	-0.0260233	-0.0376115	-0.0554182
311	7812	0.294944	-0.0260233	-0.035507	-0.0554182
312	8556	0.298363	-0.0260233	-0.0343889	-0.0554182
313	9300	0.3006	-0.0260233	-0.0375458	-0.0554182
314	10044	0.291162	-0.0260233	-0.0368881	-0.0554182
315	10788	0.301882	-0.0260233	-0.03577	-0.0554182
316	11532	0.301586	-0.0260233	-0.0318897	-0.0554182
317	12276	0.304414	-0.0260233	-0.0307059	-0.0554182
318	13020	0.294944	-0.0260233	-0.0361975	-0.0554182
319	13764	0.299646	-0.0260233	-0.0366579	-0.0554182
320	14508	0.286591	-0.0260233	-0.0344876	-0.0554182
321	15252	0.287643	-0.0260233	-0.0340601	-0.0554182
322	15996	0.279981	-0.0260233	-0.0380719	-0.0554182
323	16740	0.299251	-0.0260233	-0.0379733	-0.0554182
324	17484	0.296686	-0.0260233	-0.0356385	-0.0554182
325	18228	0.280606	-0.0260233	-0.0415247	-0.0554182
326	18972	0.309248	-0.0260233	-0.0331393	-0.0554182
327	19716	0.284388	-0.0260233	-0.0391571	-0.0554182
328	20460	0.302605	-0.0260233	-0.0377102	-0.0554182
329	21204	0.310136	-0.0260233	-0.0367894	-0.0554182
330	21948	0.29639	-0.0260233	-0.032679	-0.0554182
331	22692	0.293003	-0.0260233	-0.0319555	-0.0554182
332	23436	0.294549	-0.0260233	-0.035211	-0.0554182
333	24180	0.299087	-0.0260233	-0.0264639	-0.0554182
334	24924	0.300336	-0.0260233	-0.0320213	-0.0554182
335	25668	0.298857	-0.0260233	-0.0387625	-0.0554182
336	26412	0.290044	-0.0260233	-0.0372498	-0.0554182
337	27156	0.3006	-0.0260233	-0.036921	-0.0554182
338	27900	0.298922	-0.0260233	-0.0379075	-0.0554182
339	28644	0.292313	-0.0260233	-0.0360331	-0.0554182
340	29388	0.313095	-0.0260233	-0.0387954	-0.0554182
341	30132	0.296292	-0.0260233	-0.0384336	-0.0554182
342	30876	0.3006	-0.0260233	-0.0352768	-0.0554182
343	31620	0.286755	-0.0260233	-0.0321199	-0.0554182
344	32364	0.285276	-0.0260233	-0.0377102	-0.0554182
345	33108	0.287643	-0.0260233	-0.0370196	-0.0554182
346	33852	0.290997	-0.0260233	-0.0327447	-0.0554182
347	34596	0.292181	-0.0260233	-0.0343889	-0.0554182
348	35340	0.290833	-0.0260233	-0.0402094	-0.0554182
349	36084	0.283599	-0.0260233	-0.0401436	-0.0554182
350	36828	0.287282	-0.0260233	-0.0342903	-0.0554182
351	37572	0.306749	-0.0260233	-0.034652	-0.0554182
352	38316	0.29547	-0.0260233	-0.0400778	-0.0554182
353	39060	0.302014	-0.0260233	-0.0349479	-0.0554182
354	39804	0.325098	-0.0260233	-0.0383679	-0.0554182
355	40548	0.30984	-0.0260233	-0.0364277	-0.0554182
356	41292	0.293891	-0.0260233	-0.0406697	-0.0554182
357	42036	0.308097	-0.0260233	-0.0417878	-0.0554182
358	42780	0.302277	-0.0260233	-0.0369867	-0.0554182
359	43524	0.30277	-0.0260233	-0.0389598	-0.0554182
360	44268	0.308294	-0.0260233	-0.0365264	-0.0554182
361	45012	0.312241	-0.0260233	-0.0330078	-0.0554182
362	45756	0.294582	-0.0260233	-0.0364277	-0.0554182
363	46500	0.31497	-0.0260233	-0.0341258	-0.0554182
364	47244	0.305072	-0.0260233	-0.0355399	-0.0554182
365	47988	0.307407	-0.0260233	-0.041163	-0.0554182
366	48732	0.300073	-0.0260233	-0.0346191	-0.0554182
367	49476	0.299876	-0.0260233	-0.0312649	-0.0554182
368	50220	0.298561	-0.0260233	-0.0338628	-0.0554182
369	50964	0.292214	-0.0260233	-0.0351124	-0.0554182
370	51708	0.307801	-0.0260233	-0.0396175	-0.0554182
371	52452	0.309676	-0.0260233	-0.033238	-0.0554182
372	53196	0.304118	-0.0260233	-0.029555	-0.0554182
373	53940	0.308196	-0.0260233	-0.0340601	-0.0554182
374	54684	0.294713	-0.0260233	-0.0308703	-0.0554182
375	55428	0.28692	-0.0260233	-0.0301798	-0.0554182
376	56172	0.295272	-0.0260233	-0.0391571	-0.0554182
377	56916	0.293793	-0.0260233	-0.0369867	-0.0554182
378	57660	0.307834	-0.0260233	-0.0378088	-0.0554182
379	58404	0.281757	-0.0260233	-0.0308703	-0.0554182
380	59148	0.291721	-0.0260233	-0.0338628	-0.0554182
381	59892	0.298758	-0.0260233	-0.0382692	-0.0554182
382	60636	0.289978	-0.0260233	-0.0342903	-0.0554182
383	61380	0.295831	-0.0260233	-0.0362633	-0.0554182
384	62124	0.299975	-0.0260233	-0.03748	-0.0554182
385	62868	0.296686	-0.0260233	-0.0301798	-0.0554182
386	63612	0.292477	-0.0260233	-0.0341587	-0.0554182
387	64356	0.302342	-0.0260233	-0.0351452	-0.0554182
388	65100	0.286361	-0.0260233	-0.0392228	-0.0554182
389	65844	0.292017	-0.0260233	-0.0385652	-0.0554182
390	66588	0.2981	-0.0260233	-0.0340601	-0.0554182
391	67332	0.293793	-0.0260233	-0.0386309	-0.0554182
392	68076	0.301126	-0.0260233	-0.0350137	-0.0554182
393	68820	0.308492	-0.0260233	-0.0347835	-0.0554182
394	69564	0.299909	-0.0260233	-0.0335011	-0.0554182
395	70308	0.279422	-0.0260233	-0.036066	-0.0554182
396	71052	0.283335	-0.0260233	-0.0366579	-0.0554182
397	71796	0.295799	-0.0260233	-0.0379733	-0.0554182
398	72540	0.299087	-0.0260233	-0.0333037	-0.0554182
399	73284	0.285769	-0.0260233	-0.0417878	-0.0554182
400	74028	0.291392	-0.0260233	-0.0384007	-0.0554182
401	74772	0.281395	-0.0260233	-0.0405053	-0.0554182
402	75516	0.301224	-0.0260233	-0.0328434	-0.0554182
403	76260	0.289551	-0.0260233	-0.0406369	-0.0554182
404	77004	0.277449	-0.0260233	-0.0354741	-0.0554182
405	77748	0.283862	-0.0260233	-0.0432676	-0.0554182
406	78492	0.285013	-0.0260233	-0.0405053	-0.0554182
407	79236	0.266663	-0.0260233	-0.0429058	-0.0554182
408	79980	0.284947	-0.0260233	-0.0369867	-0.0554182
409	80724	0.263474	-0.0260233	-0.0453721	-0.0554182
410	81468	0.281823	-0.0260233	-0.0421824	-0.0554182
411	82212	0.280113	-0.0260233	-0.0396175	-0.0554182
412	82956	0.287183	-0.0260233	-0.0364935	-0.0554182
413	83700	0.286394	-0.0260233	-0.0387954	-0.0554182
414	84444	0.271201	-0.0260233	-0.0442212	-0.0554182
415	85188	0.287578	-0.0260233	-0.0341587	-0.0554182
416	85932	0.282316	-0.0260233	-0.0338957	-0.0554182
417	86676	0.291885	-0.0260233	-0.0377102	-0.0554182
418	87420	0.286229	-0.0260233	-0.0379075	-0.0554182
419	88164	0.271826	-0.0260233	-0.0389927	-0.0554182
420	88908	0.29103	-0.0260233	-0.034093	-0.0554182
421	89652	0.300205	-0.0260233	-0.036625	-0.0554182
422	90396	0.29445	-0.0260233	-0.0375129	-0.0554182
423	91140	0.292609	-0.0260233	-0.0349151	-0.0554182
424	91884	0.28863	-0.0260233	-0.0331393	-0.0554182
425	92628	0.297541	-0.0260233	-0.0348164	-0.0554182
426	93372	0.292872	-0.0260233	-0.0359345	-0.0554182
427	94116	0.283664	-0.0260233	-0.0387954	-0.0554182
428	94860	0.291721	-0.0260233	-0.0338957	-0.0554182
429	95604	0.302934	-0.0260233	-0.0354741	-0.0554182
430	96348	0.295864	-0.0260233	-0.0352768	-0.0554182
431	97092	0.290833	-0.0260233	-0.0390255	-0.0554182
432	97836	0.288992	-0.0260233	-0.0354412	-0.0554182
433	98580	0.304283	-0.0260233	-0.029259	-0.0554182
434	99324	0.297476	-0.0260233	-0.0322186	-0.0554182
435	100068	0.302178	-0.0260233	-0.0231426	-0.0554182
436	100812	0.295174	-0.0260233	-0.029555	-0.0554182
437	101556	0.292543	-0.0260233	-0.0378746	-0.0554182
438	102300	0.299482	-0.0260233	-0.0329091	-0.0554182
439	103044	0.281066	-0.0260233	-0.0383021	-0.0554182
440	103788	0.289156	-0.0260233	-0.0327776	-0.0554182
441	104532	0.288893	-0.0260233	-0.0412945	-0.0554182
442	105276	0.288334	-0.0260233	-0.0407026	-0.0554182
443	106020	0.281856	-0.0260233	-0.0386309	-0.0554182
444	106764	0.291458	-0.0260233	-0.0368881	-0.0554182
445	107508	0.285604	-0.0260233	-0.0405382	-0.0554182
446	108252	0.275114	-0.0260233	-0.0381706	-0.0554182
447	108996	0.274227	-0.0260233	-0.0409657	-0.0554182
448	109740	0.298528	-0.0260233	-0.0415905	-0.0554182
449	110484	0.281724	-0.0260233	-0.0372827	-0.0554182
450	111228	0.27985	-0.0260233	-0.0395517	-0.0554182
451	111414	0.28544	-0.0260233	-0.0435306	-0.0554182
452	110670	0.294023	-0.0260233	-0.0420509	-0.0554182
453	109926	0.288465	-0.0260233	-0.0418864	-0.0554182
454	109182	0.282316	-0.0260233	-0.0422153	-0.0554182
455	108438	0.281231	-0.0260233	-0.0362962	-0.0554182
456	107694	0.271793	-0.0260233	-0.0395188	-0.0554182
457	106950	0.284585	-0.0260233	-0.0315938	-0.0554182
458	106206	0.281691	-0.0260233	-0.0354083	-0.0554182
459	105462	0.282908	-0.0260233	-0.0413274	-0.0554182
460	104718	0.28396	-0.0260233	-0.0382034	-0.0554182
461	103974	0.273339	-0.0260233	-0.0371512	-0.0554182
462	103230	0.293891	-0.0260233	-0.0456681	-0.0554182
463	102486	0.28327	-0.0260233	-0.042577	-0.0554182
464	101742	0.290899	-0.0260233	-0.0294892	-0.0554182
465	100998	0.299975	-0.0260233	-0.0333037	-0.0554182
466	100254	0.299843	-0.0260233	-0.0353097	-0.0554182
467	99510	0.304151	-0.0260233	-0.0349151	-0.0554182
468	98766	0.296259	-0.0260233	-0.0348493	-0.0554182
469	98022	0.300205	-0.0260233	-0.0359673	-0.0554182
470	97278	0.291918	-0.0260233	-0.0386638	-0.0554182
471	96534	0.295535	-0.0260233	-0.0333366	-0.0554182
472	95790	0.295667	-0.0260233	-0.0353754	-0.0554182
473	95046	0.303625	-0.0260233	-0.0384336	-0.0554182
474	94302	0.289551	-0.0260233	-0.0336326	-0.0554182
475	93558	0.292938	-0.0260233	-0.0265297	-0.0554182
476	92814	0.294384	-0.0260233	-0.0374471	-0.0554182
477	92070	0.291885	-0.0260233	-0.0328105	-0.0554182
478	91326	0.303395	-0.0260233	-0.0336326	-0.0554182
479	90582	0.296193	-0.0260233	-0.0379404	-0.0554182
480	89838	0.293464	-0.0260233	-0.039453	-0.0554182
481	89094	0.284355	-0.0260233	-0.0347506	-0.0554182
482	88350	0.284947	-0.0260233	-0.0369867	-0.0554182
483	87606	0.2908	-0.0260233	-0.0336984	-0.0554182
484	86862	0.29958	-0.0260233	-0.0333695	-0.0554182
485	86118	0.29274	-0.0260233	-0.0333037	-0.0554182
486	85374	0.291918	-0.0260233	-0.0381706	-0.0554182
487	84630	0.291918	-0.0260233	-0.0371512	-0.0554182
488	83886	0.290537	-0.0260233	-0.0350137	-0.0554182
489	83142	0.286558	-0.0260233	-0.0382692	-0.0554182
490	82398	0.296522	-0.0260233	-0.0392228	-0.0554182
491	81654	0.301422	-0.0260233	-0.0378088	-0.0554182
492	80910	0.292642	-0.0260233	-0.040867	-0.0554182
493	80166	0.307703	-0.0260233	-0.0397819	-0.0554182
494	79422	0.290636	-0.0260233	-0.0379075	-0.0554182
495	78678	0.293135	-0.0260233	-0.0396175	-0.0554182
496	77934	0.28156	-0.0260233	-0.0414261	-0.0554182
497	77190	0.274654	-0.0260233	-0.0430374	-0.0554182
498	76446	0.284026	-0.0260233	-0.0353754	-0.0554182
499	75702	0.300994	-0.0260233	-0.0406697	-0.0554182
500	74958	0.2762	-0.0260233	-0.0378088	-0.0554182
501	74214	0.286295	-0.0260233	-0.0356714	-0.0554182
502	73470	0.291754	-0.0260233	-0.0372169	-0.0554182
503	72726	0.305993	-0.0260233	-0.0358358	-0.0554182
504	71982	0.283072	-0.0260233	-0.0347506	-0.0554182
505	71238	0.299153	-0.0260233	-0.0370196	-0.0554182
506	70494	0.297739	-0.0260233	-0.034356	-0.0554182
507	69750	0.280968	-0.0260233	-0.0402094	-0.0554182
508	69006	0.300402	-0.0260233	-0.030114	-0.0554182
509	68262	0.295601	-0.0260233	-0.0419193	-0.0554182
510	67518	0.293891	-0.0260233	-0.036066	-0.0554182
511	66774	0.28863	-0.0260233	-0.0396503	-0.0554182
512	66030	0.29981	-0.0260233	-0.0406697	-0.0554182
513	65286	0.285144	-0.0260233	-0.0415576	-0.0554182
514	64542	0.279685	-0.0260233	-0.0420509	-0.0554182
515	63798	0.283171	-0.0260233	-0.0385981	-0.0554182
516	63054	0.30859	-0.0260233	-0.0331722	-0.0554182
517	62310	0.306815	-0.0260233	-0.0307717	-0.0554182
518	61566	0.289222	-0.0260233	-0.0325803	-0.0554182
519	60822	0.312109	-0.0260233	-0.03748	-0.0554182
520	60078	0.274161	-0.0260233	-0.0285356	-0.0554182
521	59334	0.295897	-0.0260233	-0.0329749	-0.0554182
522	58590	0.286163	-0.0260233	-0.0382363	-0.0554182
523	57846	0.270478	-0.0260233	-0.0346191	-0.0554182
524	57102	0.289255	-0.0260233	-0.0382692	-0.0554182
525	56358	0.279751	-0.0260233	-0.0330407	-0.0554182
526	55614	0.269261	-0.0260233	-0.0378088	-0.0554182
527	54870	0.268406	-0.0260233	-0.0368881	-0.0554182
528	54126	0.270938	-0.0260233	-0.0393873	-0.0554182
529	53382	0.293069	-0.0260233	-0.0359016	-0.0554182
530	52638	0.270675	-0.0260233	-0.0313636	-0.0554182
531	51894	0.26811	-0.0260233	-0.0374142	-0.0554182
532	51150	0.277153	-0.0260233	-0.0382034	-0.0554182
533	50406	0.286624	-0.0260233	-0.0424783	-0.0554182
534	49662	0.282579	-0.0260233	-0.0382034	-0.0554182
535	48918	0.295766	-0.0260233	-0.0375458	-0.0554182
536	48174	0.283007	-0.0260233	-0.0364277	-0.0554182
537	47430	0.274687	-0.0260233	-0.0440897	-0.0554182
538	46686	0.301126	-0.0260233	-0.0416563	-0.0554182
539	45942	0.296653	-0.0260233	-0.0392557	-0.0554182
540	45198	0.285933	-0.0260233	-0.0371512	-0.0554182
541	44454	0.285013	-0.0260233	-0.0405053	-0.0554182
542	43710	0.298265	-0.0260233	-0.0388611	-0.0554182
543	42966	0.273141	-0.0260233	-0.035211	-0.0554182
544	42222	0.278699	-0.0260233	-0.0418536	-0.0554182
545	41478	0.298133	-0.0260233	-0.0369539	-0.0554182
546	40734	0.2737	-0.0260233	-0.0341587	-0.0554182
547	39990	0.282217	-0.0260233	-0.0404067	-0.0554182
548	39246	0.281889	-0.0260233	-0.041163	-0.0554182
549	38502	0.278699	-0.0260233	-0.0401107	-0.0554182
550	37758	0.297936	-0.0260233	-0.0320213	-0.0554182
551	37014	0.302737	-0.0260233	-0.0447473	-0.0554182
552	36270	0.284914	-0.0260233	-0.0349151	-0.0554182
553	35526	0.28248	-0.0260233	-0.0421495	-0.0554182
554	34782	0.27472	-0.0260233	-0.0404067	-0.0554182
555	34038	0.274259	-0.0260233	-0.0391242	-0.0554182
556	33294	0.280244	-0.0260233	-0.0363948	-0.0554182
557	32550	0.28521	-0.0260233	-0.0341258	-0.0554182
558	31806	0.292247	-0.0260233	-0.0339614	-0.0554182
559	31062	0.286492	-0.0260233	-0.0369539	-0.0554182
560	30318	0.286986	-0.0260233	-0.0367894	-0.0554182
561	29574	0.270774	-0.0260233	-0.0380061	-0.0554182
562	28830	0.284684	-0.0260233	-0.0360331	-0.0554182
563	28086	0.284552	-0.0260233	-0.0323501	-0.0554182
564	27342	0.284749	-0.0260233	-0.0330736	-0.0554182
565	26598	0.278765	-0.0260233	-0.0360002	-0.0554182
566	25854	0.273964	-0.0260233	-0.0311992	-0.0554182
567	25110	0.287512	-0.0260233	-0.0338957	-0.0554182
568	24366	0.294253	-0.0260233	-0.0308375	-0.0554182
569	23622	0.290241	-0.0260233	-0.0313636	-0.0554182
570	22878	0.302573	-0.0260233	-0.0302127	-0.0554182
571	22134	0.295404	-0.0260233	-0.0336326	-0.0554182
572	21390	0.292411	-0.0260233	-0.0342574	-0.0554182
573	20646	0.269787	-0.0260233	-0.0423468	-0.0554182
574	19902	0.298331	-0.0260233	-0.0355727	-0.0554182
575	19158	0.305269	-0.0260233	-0.0338957	-0.0554182
576	18414	0.284026	-0.0260233	-0.0381706	-0.0554182
577	17670	0.297837	-0.0260233	-0.0348822	-0.0554182
578	16926	0.282974	-0.0260233	-0.040308	-0.0554182
579	16182	0.293069	-0.0260233	-0.0357372	-0.0554182
580	15438	0.268998	-0.0260233	-0.0335668	-0.0554182
581	14694	0.279817	-0.0260233	-0.0381377	-0.0554182
582	13950	0.276594	-0.0260233	-0.042577	-0.0554182
583	13206	0.273207	-0.0260233	-0.0386967	-0.0554182
584	12462	0.276759	-0.0260233	-0.0413274	-0.0554182
585	11718	0.287709	-0.0260233	-0.0312978	-0.0554182
586	10974	0.280277	-0.0260233	-0.0316267	-0.0554182
587	10230	0.283204	-0.0260233	-0.0334024	-0.0554182
588	9486	0.288992	-0.0260233	-0.0395517	-0.0554182
589	8742	0.280738	-0.0260233	-0.0356056	-0.0554182
590	7998	0.272089	-0.0260233	-0.0401107	-0.0554182
591	7254	0.277548	-0.0260233	-0.0390913	-0.0554182
592	6510	0.284454	-0.0260233	-0.0422153	-0.0554182
593	5766	0.284026	-0.0260233	-0.0376115	-0.0554182
594	5022	0.28715	-0.0260233	-0.0406369	-0.0554182
595	4278	0.281461	-0.0260233	-0.0317582	-0.0554182
596	3534	0.29889	-0.0260233	-0.0386967	-0.0554182
597	2790	0.282152	-0.0260233	-0.0372827	-0.0554182
598	2046	0.284684	-0.0260233	-0.0340601	-0.0554182
599	1302	0.275082	-0.0260233	-0.0396175	-0.0554182
600	558	0.311846	-0.0249611	-0.0373485	-0.0523764
