-1.000000000000000000e+03 1.271841503572079118e-03 1.505257795022777291e-03 1.027385012666905961e+00
-7.000000000000000000e+02 1.178953667125904638e-02 1.791150270031524085e-03 1.099704731191187168e+00
-4.000000000000000000e+02 2.498153198463247404e-02 4.385654654315494262e-03 1.079684976450303147e+00
-3.000000000000000000e+02 3.673045553337011410e-02 5.747933156504074666e-03 1.053460822639943117e+00
-2.000000000000000000e+02 4.791196351018867094e-02 7.487307476171193958e-03 1.082748319098505441e+00
-1.500000000000000000e+02 5.386082136962301592e-02 8.784783772991898790e-03 1.082200594749338940e+00
-1.000000000000000000e+02 8.020218197769939106e-02 6.128776096266692376e-03 1.050307244829564501e+00
-5.000000000000000000e+01 9.973195934977832633e-02 1.927671676386919289e-03 1.005246890497671908e+00
0.000000000000000000e+00 9.129582774227075481e-02 -1.099256932486954467e-03 7.967859171304048083e-01
0.000000000000000000e+00 9.024173608188824913e-02 2.273386060992538184e-04 8.780515911217640079e-01
5.000000000000000000e+01 8.553061956256639842e-02 -2.534324234702718323e-03 5.403038376001622067e-01
1.000000000000000000e+02 7.361708368589835183e-02 -7.791435544190026576e-03 5.585062999748360291e-01
1.500000000000000000e+02 5.318547908916201883e-02 -6.660551858302101932e-03 5.974222190875322358e-01
2.000000000000000000e+02 5.961693415190821160e-02 -5.650845022962462487e-03 5.921193911286619649e-01
3.000000000000000000e+02 4.590411086429831838e-02 -2.989484543791128598e-03 5.355154817111200671e-01
4.000000000000000000e+02 3.892941579186369461e-02 -2.495218296240909843e-03 5.513442241613248918e-01
7.000000000000000000e+02 3.796329859409706964e-02 -1.642129079258451349e-04 3.081918463122732543e-01
1.000000000000000000e+03 3.137179852425451415e-02 2.060270700883594548e-03 8.678602080450015244e-01
