# Filename	2016-09-26\9_delay.txt
# Date	2016-09-26
# Title	DL-Pro & DL-100 Locked delay scan.
# DL-Pro	365856.7 GHz
# DL-100	365840.7 GHz
# Static	400 mV Pulsed
# MWOn	On
# MWf	15931.9 MHz
# Attn	44 dB
# FixedAttn	6 dB
# B2	B2 = T2 + 2.050 us
# HP214B	HP 214B FIP at 5.5 on 100V setting ; Applied to Top ; Mesh & Vin of MCP @ +25V ; Vout of MCP @ +2025 V
# Oven	32 A
# Boxcar	Gate = 200 ns ; Amp = 25x ; Sensitivity = 5 mV
# Offset	+/- 30 mV IR/Oven offset.
# Bias	Top: 0 V ; Bot: -0.458 V ; IR: +0.080 V ; Oven: -0.080 V ; Vis: -0.005 V ; MW: +0.005 V
# Passes	4
i	step	norm	nbackground	signal	sbackground
0	0	0.241507	-0.0232413	0.00747226	-0.0472498
1	744	0.236936	-0.0232413	0.0114183	-0.0472498
2	1488	0.241277	-0.0232413	0.0047429	-0.0472498
3	2232	0.21303	-0.0232413	0.0104318	-0.0472498
4	2976	0.233483	-0.0232413	0.00359196	-0.0472498
5	3720	0.22444	-0.0232413	0.00579518	-0.0472498
6	4464	0.213523	-0.0232413	0.0121747	-0.0472498
7	5208	0.22181	-0.0232413	0.00855743	-0.0472498
8	5952	0.219804	-0.0232413	0.00757091	-0.0472498
9	6696	0.223684	-0.0232413	0.00457848	-0.0472498
10	7440	0.230918	-0.0232413	0.00017204	-0.0472498
11	8184	0.205696	-0.0232413	0.00198065	-0.0472498
12	8928	0.206946	-0.0232413	0.00395369	-0.0472498
13	9672	0.202704	-0.0232413	0.00421676	-0.0472498
14	10416	0.22056	-0.0232413	-0.0021956	-0.0472498
15	11160	0.215792	-0.0232413	0.000665298	-0.0472498
16	11904	0.211254	-0.0232413	-0.00485919	-0.0472498
17	12648	0.227794	-0.0232413	-0.000255451	-0.0472498
18	13392	0.225854	-0.0232413	0.00375638	-0.0472498
19	14136	0.226808	-0.0232413	0.00464425	-0.0472498
20	14880	0.213128	-0.0232413	-0.00495785	-0.0472498
21	15624	0.216186	-0.0232413	0.00464425	-0.0472498
22	16368	0.228518	-0.0232413	0.000139156	-0.0472498
23	17112	0.222599	-0.0232413	-0.00249155	-0.0472498
24	17856	0.21931	-0.0232413	0.00428252	-0.0472498
25	18600	0.236048	-0.0232413	0.000994137	-0.0472498
26	19344	0.219541	-0.0232413	0.00569653	-0.0472498
27	20088	0.237298	-0.0232413	-0.00242579	-0.0472498
28	20832	0.226216	-0.0232413	0.00244103	-0.0472498
29	21576	0.235785	-0.0232413	0.00217796	-0.0472498
30	22320	0.232628	-0.0232413	0.00408522	-0.0472498
31	23064	0.234042	-0.0232413	0.010103	-0.0472498
32	23808	0.247689	-0.0232413	0.00625556	-0.0472498
33	24552	0.230195	-0.0232413	0.00142163	-0.0472498
34	25296	0.238646	-0.0232413	0.00707765	-0.0472498
35	26040	0.238876	-0.0232413	0.000402227	-0.0472498
36	26784	0.244993	-0.0232413	0.0101359	-0.0472498
37	27528	0.238613	-0.0232413	0.000336459	-0.0472498
38	28272	0.237232	-0.0232413	0.00832724	-0.0472498
39	29016	0.243053	-0.0232413	-0.00107755	-0.0472498
40	29760	0.248807	-0.0232413	0.00786687	-0.0472498
41	30504	0.226643	-0.0232413	0.00605825	-0.0472498
42	31248	0.23401	-0.0232413	0.00464425	-0.0472498
43	31992	0.216449	-0.0232413	0.010103	-0.0472498
44	32736	0.230754	-0.0232413	0.0114841	-0.0472498
45	33480	0.237199	-0.0232413	0.0150684	-0.0472498
46	34224	0.226578	-0.0232413	0.00382215	-0.0472498
47	34968	0.234338	-0.0232413	0.0144108	-0.0472498
48	35712	0.244532	-0.0232413	0.00582807	-0.0472498
49	36456	0.225065	-0.0232413	0.00194777	-0.0472498
50	37200	0.205861	-0.0232413	0.00809705	-0.0472498
51	37944	0.219146	-0.0232413	0.00803129	-0.0472498
52	38688	0.22398	-0.0232413	0.00641998	-0.0472498
53	39432	0.220165	-0.0232413	0.00990567	-0.0472498
54	40176	0.222106	-0.0232413	0.00306582	-0.0472498
55	40920	0.217403	-0.0232413	0.0108922	-0.0472498
56	41664	0.205959	-0.0232413	0.00461136	-0.0472498
57	42408	0.207341	-0.0232413	0.00444694	-0.0472498
58	43152	0.196884	-0.0232413	0.00526904	-0.0472498
59	43896	0.218587	-0.0232413	0.00615691	-0.0472498
60	44640	0.2103	-0.0232413	-0.00314923	-0.0472498
61	45384	0.217568	-0.0232413	0.0065844	-0.0472498
62	46128	0.228058	-0.0232413	0.00836013	-0.0472498
63	46872	0.233089	-0.0232413	0.00717631	-0.0472498
64	47616	0.21589	-0.0232413	0.00520327	-0.0472498
65	48360	0.21132	-0.0232413	0.00523616	-0.0472498
66	49104	0.215266	-0.0232413	0.0045456	-0.0472498
67	49848	0.228715	-0.0232413	0.0126679	-0.0472498
68	50592	0.203395	-0.0232413	0.00461136	-0.0472498
69	51336	0.223158	-0.0232413	0.00148739	-0.0472498
70	52080	0.219705	-0.0232413	0.00770245	-0.0472498
71	52824	0.237002	-0.0232413	0.0131612	-0.0472498
72	53568	0.233779	-0.0232413	0.0140162	-0.0472498
73	54312	0.237923	-0.0232413	0.00401945	-0.0472498
74	55056	0.252063	-0.0232413	0.00385503	-0.0472498
75	55800	0.254003	-0.0232413	0.00300005	-0.0472498
76	56544	0.257554	-0.0232413	0.0142135	-0.0472498
77	57288	0.238745	-0.0232413	0.00934664	-0.0472498
78	58032	0.248906	-0.0232413	0.0045456	-0.0472498
79	58776	0.260876	-0.0232413	0.005565	-0.0472498
80	59520	0.273733	-0.0232413	0.00257256	-0.0472498
81	60264	0.256371	-0.0232413	0.00418387	-0.0472498
82	61008	0.247262	-0.0232413	0.00138874	-0.0472498
83	61752	0.239929	-0.0232413	0.00618979	-0.0472498
84	62496	0.240192	-0.0232413	0.0202641	-0.0472498
85	63240	0.242658	-0.0232413	0.00388792	-0.0472498
86	63984	0.249465	-0.0232413	0.0112868	-0.0472498
87	64728	0.247163	-0.0232413	0.00507174	-0.0472498
88	65472	0.247097	-0.0232413	0.0059596	-0.0472498
89	66216	0.237298	-0.0232413	0.000270691	-0.0472498
90	66960	0.245848	-0.0232413	0.00967548	-0.0472498
91	67704	0.242888	-0.0232413	0.0111553	-0.0472498
92	68448	0.241211	-0.0232413	0.00582807	-0.0472498
93	69192	0.232826	-0.0232413	0.0152329	-0.0472498
94	69936	0.24519	-0.0232413	0.0158576	-0.0472498
95	70680	0.250945	-0.0232413	0.00645286	-0.0472498
96	71424	0.233089	-0.0232413	0.00431541	-0.0472498
97	72168	0.23641	-0.0232413	0.00602537	-0.0472498
98	72912	0.244335	-0.0232413	0.0108264	-0.0472498
99	73656	0.228617	-0.0232413	0.0105305	-0.0472498
100	74400	0.229274	-0.0232413	0.00178335	-0.0472498
101	75144	0.240816	-0.0232413	0.011221	-0.0472498
102	75888	0.225262	-0.0232413	0.00717631	-0.0472498
103	76632	0.240192	-0.0232413	0.0088205	-0.0472498
104	77376	0.234799	-0.0232413	0.00602537	-0.0472498
105	78120	0.226808	-0.0232413	0.0103989	-0.0472498
106	78864	0.217337	-0.0232413	0.00132298	-0.0472498
107	79608	0.227729	-0.0232413	0.00980702	-0.0472498
108	80352	0.219146	-0.0232413	0.00135586	-0.0472498
109	81096	0.211977	-0.0232413	0.00990567	-0.0472498
110	81840	0.222993	-0.0232413	0.0102674	-0.0472498
111	82584	0.226709	-0.0232413	0.00369061	-0.0472498
112	83328	0.230129	-0.0232413	0.00740649	-0.0472498
113	84072	0.228781	-0.0232413	0.0143121	-0.0472498
114	84816	0.223224	-0.0232413	0.000862601	-0.0472498
115	85560	0.233122	-0.0232413	0.00510462	-0.0472498
116	86304	0.230918	-0.0232413	0.0025068	-0.0472498
117	87048	0.220363	-0.0232413	0.00276987	-0.0472498
118	87792	0.233023	-0.0232413	0.00914934	-0.0472498
119	88536	0.229702	-0.0232413	-0.00222848	-0.0472498
120	89280	0.221349	-0.0232413	-0.00193253	-0.0472498
121	90024	0.220001	-0.0232413	0.00194777	-0.0472498
122	90768	0.239666	-0.0232413	0.00267121	-0.0472498
123	91512	0.231609	-0.0232413	0.00487443	-0.0472498
124	92256	0.220955	-0.0232413	-0.00130773	-0.0472498
125	93000	0.211484	-0.0232413	-0.000748709	-0.0472498
126	93744	0.224046	-0.0232413	0.00701189	-0.0472498
127	94488	0.21201	-0.0232413	-0.00130773	-0.0472498
128	95232	0.218587	-0.0232413	0.0049402	-0.0472498
129	95976	0.21303	-0.0232413	0.00102702	-0.0472498
130	96720	0.214904	-0.0232413	-0.000452754	-0.0472498
131	97464	0.231017	-0.0232413	0.000731066	-0.0472498
132	98208	0.223618	-0.0232413	-0.000321218	-0.0472498
133	98952	0.21885	-0.0232413	0.00329601	-0.0472498
134	99696	0.214509	-0.0232413	0.00717631	-0.0472498
135	100440	0.209379	-0.0232413	0.00388792	-0.0472498
136	101184	0.205894	-0.0232413	0.0027041	-0.0472498
137	101928	0.215331	-0.0232413	-0.000222567	-0.0472498
138	102672	0.220428	-0.0232413	-0.00367537	-0.0472498
139	103416	0.234404	-0.0232413	0.00757091	-0.0472498
140	104160	0.228485	-0.0232413	0.0016847	-0.0472498
141	104904	0.220659	-0.0232413	0.0016847	-0.0472498
142	105648	0.218949	-0.0232413	0.000369343	-0.0472498
143	106392	0.233352	-0.0232413	0.00655151	-0.0472498
144	107136	0.199284	-0.0232413	-0.00166946	-0.0472498
145	107880	0.206387	-0.0232413	0.0035262	-0.0472498
146	108624	0.221251	-0.0232413	0.00158605	-0.0472498
147	109368	0.211616	-0.0232413	0.0149369	-0.0472498
148	110112	0.21418	-0.0232413	0.000204924	-0.0472498
149	110856	0.218521	-0.0232413	-0.000156799	-0.0472498
150	111600	0.210892	-0.0232413	-0.0019983	-0.0472498
151	111042	0.21007	-0.0232413	0.000665298	-0.0472498
152	110298	0.200336	-0.0232413	-0.000781593	-0.0472498
153	109554	0.203164	-0.0232413	0.0067817	-0.0472498
154	108810	0.201685	-0.0232413	0.0147396	-0.0472498
155	108066	0.210333	-0.0232413	0.00609114	-0.0472498
156	107322	0.195963	-0.0232413	-0.00814758	-0.0472498
157	106578	0.205565	-0.0232413	0.00447983	-0.0472498
158	105834	0.214246	-0.0232413	0.00198065	-0.0472498
159	105090	0.226019	-0.0232413	0.00924799	-0.0472498
160	104346	0.198002	-0.0232413	0.00178335	-0.0472498
161	103602	0.230031	-0.0232413	0.00428252	-0.0472498
162	102858	0.209906	-0.0232413	-0.00492496	-0.0472498
163	102114	0.228682	-0.0232413	0.000698182	-0.0472498
164	101370	0.225558	-0.0232413	-9.10312E-5	-0.0472498
165	100626	0.216186	-0.0232413	0.00418387	-0.0472498
166	99882	0.210103	-0.0232413	0.00129009	-0.0472498
167	99138	0.217863	-0.0232413	-0.00176811	-0.0472498
168	98394	0.233418	-0.0232413	-0.000255451	-0.0472498
169	97650	0.217008	-0.0232413	-0.0060759	-0.0472498
170	96906	0.221514	-0.0232413	-0.00561552	-0.0472498
171	96162	0.228584	-0.0232413	0.00520327	-0.0472498
172	95418	0.228156	-0.0232413	-0.00143927	-0.0472498
173	94674	0.208492	-0.0232413	0.00175047	-0.0472498
174	93930	0.22421	-0.0232413	0.00405234	-0.0472498
175	93186	0.200764	-0.0232413	0.00198065	-0.0472498
176	92442	0.226052	-0.0232413	-0.00298481	-0.0472498
177	91698	0.23151	-0.0232413	0.0049402	-0.0472498
178	90954	0.227433	-0.0232413	0.00747226	-0.0472498
179	90210	0.208393	-0.0232413	-0.00291904	-0.0472498
180	89466	0.218554	-0.0232413	-0.00111043	-0.0472498
181	88722	0.218423	-0.0232413	-0.00515515	-0.0472498
182	87978	0.221251	-0.0232413	0.00194777	-0.0472498
183	87234	0.212306	-0.0232413	0.00665016	-0.0472498
184	86490	0.21668	-0.0232413	-0.00134062	-0.0472498
185	85746	0.220297	-0.0232413	0.00152028	-0.0472498
186	85002	0.226709	-0.0232413	0.00905069	-0.0472498
187	84258	0.20836	-0.0232413	0.0131941	-0.0472498
188	83514	0.199744	-0.0232413	-0.00163657	-0.0472498
189	82770	0.200961	-0.0232413	0.00648574	-0.0472498
190	82026	0.213852	-0.0232413	0.0049402	-0.0472498
191	81282	0.203789	-0.0232413	0.00447983	-0.0472498
192	80538	0.198298	-0.0232413	0.00471002	-0.0472498
193	79794	0.209445	-0.0232413	0.00993855	-0.0472498
194	79050	0.213325	-0.0232413	-0.00232713	-0.0472498
195	78306	0.197969	-0.0232413	0.00622267	-0.0472498
196	77562	0.20448	-0.0232413	0.00586095	-0.0472498
197	76818	0.220297	-0.0232413	0.00467713	-0.0472498
198	76074	0.215068	-0.0232413	0.00339466	-0.0472498
199	75330	0.217304	-0.0232413	0.00740649	-0.0472498
200	74586	0.220165	-0.0232413	0.00707765	-0.0472498
201	73842	0.213358	-0.0232413	0.00438118	-0.0472498
202	73098	0.205894	-0.0232413	0.00836013	-0.0472498
203	72354	0.226841	-0.0232413	0.00424964	-0.0472498
204	71610	0.218554	-0.0232413	0.00980702	-0.0472498
205	70866	0.21303	-0.0232413	0.0105633	-0.0472498
206	70122	0.214805	-0.0232413	0.00313159	-0.0472498
207	69378	0.223322	-0.0232413	0.001882	-0.0472498
208	68634	0.221612	-0.0232413	0.00540058	-0.0472498
209	67890	0.212076	-0.0232413	0.00286852	-0.0472498
210	67146	0.21201	-0.0232413	0.00161893	-0.0472498
211	66402	0.224703	-0.0232413	-0.000650057	-0.0472498
212	65658	0.207998	-0.0232413	-0.00554975	-0.0472498
213	64914	0.208689	-0.0232413	-0.00101178	-0.0472498
214	64170	0.196226	-0.0232413	0.00178335	-0.0472498
215	63426	0.223618	-0.0232413	7.33882E-5	-0.0472498
216	62682	0.228617	-0.0232413	-0.00134062	-0.0472498
217	61938	0.209347	-0.0232413	0.000303575	-0.0472498
218	61194	0.193168	-0.0232413	-0.00360961	-0.0472498
219	60450	0.207406	-0.0232413	0.000106272	-0.0472498
220	59706	0.209215	-0.0232413	-0.00377403	-0.0472498
221	58962	0.197179	-0.0232413	-0.0104166	-0.0472498
222	58218	0.198462	-0.0232413	-0.00295193	-0.0472498
223	57474	0.20175	-0.0232413	-0.00229425	-0.0472498
224	56730	0.213556	-0.0232413	0.00665016	-0.0472498
225	55986	0.218554	-0.0232413	0.00217796	-0.0472498
226	55242	0.189583	-0.0232413	0.00119144	-0.0472498
227	54498	0.194746	-0.0232413	-0.00324788	-0.0472498
228	53754	0.208853	-0.0232413	0.00102702	-0.0472498
229	53010	0.204381	-0.0232413	0.00385503	-0.0472498
230	52266	0.198429	-0.0232413	-0.00107755	-0.0472498
231	51522	0.205433	-0.0232413	0.00490732	-0.0472498
232	50778	0.204414	-0.0232413	0.00148739	-0.0472498
233	50034	0.202803	-0.0232413	0.00152028	-0.0472498
234	49290	0.205302	-0.0232413	-0.00259021	-0.0472498
235	48546	0.212109	-0.0232413	0.00586095	-0.0472498
236	47802	0.215463	-0.0232413	0.00273698	-0.0472498
237	47058	0.204677	-0.0232413	0.0029014	-0.0472498
238	46314	0.224013	-0.0232413	0.0141477	-0.0472498
239	45570	0.228156	-0.0232413	0.0102016	-0.0472498
240	44826	0.218554	-0.0232413	0.00934664	-0.0472498
241	44082	0.215562	-0.0232413	0.0111881	-0.0472498
242	43338	0.218982	-0.0232413	0.00467713	-0.0472498
243	42594	0.220955	-0.0232413	0.00641998	-0.0472498
244	41850	0.217502	-0.0232413	0.0057623	-0.0472498
245	41106	0.227827	-0.0232413	0.0120102	-0.0472498
246	40362	0.226676	-0.0232413	0.0059596	-0.0472498
247	39618	0.230787	-0.0232413	0.00408522	-0.0472498
248	38874	0.204874	-0.0232413	0.0161865	-0.0472498
249	38130	0.211287	-0.0232413	0.00260545	-0.0472498
250	37386	0.213917	-0.0232413	0.00431541	-0.0472498
251	36642	0.211188	-0.0232413	0.0027041	-0.0472498
252	35898	0.213293	-0.0232413	0.00737361	-0.0472498
253	35154	0.212799	-0.0232413	0.00382215	-0.0472498
254	34410	0.210497	-0.0232413	0.00507174	-0.0472498
255	33666	0.211287	-0.0232413	0.00323024	-0.0472498
256	32922	0.226709	-0.0232413	0.00793264	-0.0472498
257	32178	0.214575	-0.0232413	0.00303294	-0.0472498
258	31434	0.212931	-0.0232413	-0.00347807	-0.0472498
259	30690	0.219837	-0.0232413	0.000435111	-0.0472498
260	29946	0.230458	-0.0232413	-0.00252444	-0.0472498
261	29202	0.231576	-0.0232413	0.0110237	-0.0472498
262	28458	0.211681	-0.0232413	-0.00492496	-0.0472498
263	27714	0.236574	-0.0232413	-0.000485638	-0.0472498
264	26970	0.228058	-0.0232413	0.00638709	-0.0472498
265	26226	0.234963	-0.0232413	0.00198065	-0.0472498
266	25482	0.237594	-0.0232413	0.00076395	-0.0472498
267	24738	0.207505	-0.0232413	0.00724207	-0.0472498
268	23994	0.239402	-0.0232413	0.00198065	-0.0472498
269	23250	0.228649	-0.0232413	0.00773533	-0.0472498
270	22506	0.249794	-0.0232413	0.00842589	-0.0472498
271	21762	0.225986	-0.0232413	0.00369061	-0.0472498
272	21018	0.232497	-0.0232413	-0.00176811	-0.0472498
273	20274	0.242691	-0.0232413	-0.00420152	-0.0472498
274	19530	0.232891	-0.0232413	0.00388792	-0.0472498
275	18786	0.232365	-0.0232413	0.0126021	-0.0472498
276	18042	0.230524	-0.0232413	0.00704477	-0.0472498
277	17298	0.237364	-0.0232413	-0.00255732	-0.0472498
278	16554	0.24519	-0.0232413	0.0128652	-0.0472498
279	15810	0.242099	-0.0232413	0.00766956	-0.0472498
280	15066	0.235851	-0.0232413	0.00332889	-0.0472498
281	14322	0.2323	-0.0232413	0.00711054	-0.0472498
282	13578	0.234042	-0.0232413	0.00793264	-0.0472498
283	12834	0.233845	-0.0232413	0.0119774	-0.0472498
284	12090	0.259725	-0.0232413	0.0102345	-0.0472498
285	11346	0.254891	-0.0232413	0.0101687	-0.0472498
286	10602	0.248413	-0.0232413	-0.00725972	-0.0472498
287	9858	0.242099	-0.0232413	0.00970836	-0.0472498
288	9114	0.250386	-0.0232413	0.00589383	-0.0472498
289	8370	0.257554	-0.0232413	0.00129009	-0.0472498
290	7626	0.221612	-0.0232413	-5.81473E-5	-0.0472498
291	6882	0.228123	-0.0232413	0.00688035	-0.0472498
292	6138	0.23401	-0.0232413	0.0113197	-0.0472498
293	5394	0.227104	-0.0232413	0.00178335	-0.0472498
294	4650	0.2396	-0.0232413	0.00918222	-0.0472498
295	3906	0.239896	-0.0232413	0.00855743	-0.0472498
296	3162	0.246834	-0.0232413	0.00263833	-0.0472498
297	2418	0.228912	-0.0232413	0.00369061	-0.0472498
298	1674	0.215562	-0.0232413	-0.00143927	-0.0472498
299	930	0.23664	-0.0232413	0.0148711	-0.0472498
300	186	0.237199	-0.0232413	0.0112868	-0.0472498
301	372	0.243349	-0.0232413	0.00997144	-0.0472498
302	1116	0.238876	-0.0232413	0.00970836	-0.0472498
303	1860	0.240849	-0.0232413	0.00855743	-0.0472498
304	2604	0.243184	-0.0232413	0.0143121	-0.0472498
305	3348	0.251274	-0.0232413	0.000961253	-0.0472498
306	4092	0.23299	-0.0232413	0.00369061	-0.0472498
307	4836	0.245354	-0.0232413	0.00421676	-0.0472498
308	5580	0.242724	-0.0232413	0.0138846	-0.0472498
309	6324	0.24279	-0.0232413	0.0119445	-0.0472498
310	7068	0.253937	-0.0232413	0.00273698	-0.0472498
311	7812	0.243414	-0.0232413	0.00260545	-0.0472498
312	8556	0.256601	-0.0232413	0.00941241	-0.0472498
313	9300	0.235588	-0.0232413	0.0100043	-0.0472498
314	10044	0.257226	-0.0232413	0.00947818	-0.0472498
315	10788	0.237528	-0.0232413	0.00793264	-0.0472498
316	11532	0.24986	-0.0232413	0.0147067	-0.0472498
317	12276	0.257127	-0.0232413	0.0136873	-0.0472498
318	13020	0.244368	-0.0232413	-0.000880244	-0.0472498
319	13764	0.235752	-0.0232413	0.0116814	-0.0472498
320	14508	0.242099	-0.0232413	0.00359196	-0.0472498
321	15252	0.267979	-0.0232413	0.00826147	-0.0472498
322	15996	0.26081	-0.0232413	0.00891915	-0.0472498
323	16740	0.258936	-0.0232413	0.0127337	-0.0472498
324	17484	0.260777	-0.0232413	0.00421676	-0.0472498
325	18228	0.237791	-0.0232413	0.00908357	-0.0472498
326	18972	0.248446	-0.0232413	0.0030987	-0.0472498
327	19716	0.24154	-0.0232413	0.0119445	-0.0472498
328	20460	0.257456	-0.0232413	0.00941241	-0.0472498
329	21204	0.254858	-0.0232413	0.00895204	-0.0472498
330	21948	0.242625	-0.0232413	0.00757091	-0.0472498
331	22692	0.233648	-0.0232413	0.0122733	-0.0472498
332	23436	0.25157	-0.0232413	0.0134242	-0.0472498
333	24180	0.256009	-0.0232413	0.0128981	-0.0472498
334	24924	0.258475	-0.0232413	0.0153644	-0.0472498
335	25668	0.246374	-0.0232413	0.00921511	-0.0472498
336	26412	0.241935	-0.0232413	0.00296717	-0.0472498
337	27156	0.241507	-0.0232413	0.00921511	-0.0472498
338	27900	0.252819	-0.0232413	0.0189487	-0.0472498
339	28644	0.242066	-0.0232413	0.00941241	-0.0472498
340	29388	0.248182	-0.0232413	0.0165811	-0.0472498
341	30132	0.247985	-0.0232413	0.00300005	-0.0472498
342	30876	0.242822	-0.0232413	0.00776822	-0.0472498
343	31620	0.246308	-0.0232413	0.0116156	-0.0472498
344	32364	0.246045	-0.0232413	0.00701189	-0.0472498
345	33108	0.25374	-0.0232413	0.0153644	-0.0472498
346	33852	0.263638	-0.0232413	0.00885338	-0.0472498
347	34596	0.25522	-0.0232413	0.0152986	-0.0472498
348	35340	0.260613	-0.0232413	0.0153315	-0.0472498
349	36084	0.257193	-0.0232413	0.0161207	-0.0472498
350	36828	0.257489	-0.0232413	0.00655151	-0.0472498
351	37572	0.247755	-0.0232413	0.00720919	-0.0472498
352	38316	0.252326	-0.0232413	0.00688035	-0.0472498
353	39060	0.244598	-0.0232413	0.00941241	-0.0472498
354	39804	0.237528	-0.0232413	0.00914934	-0.0472498
355	40548	0.252753	-0.0232413	0.00806417	-0.0472498
356	41292	0.241902	-0.0232413	0.0104976	-0.0472498
357	42036	0.243085	-0.0232413	0.0156275	-0.0472498
358	42780	0.234963	-0.0232413	0.0113526	-0.0472498
359	43524	0.245815	-0.0232413	0.0100701	-0.0472498
360	44268	0.249432	-0.0232413	0.00727496	-0.0472498
361	45012	0.231708	-0.0232413	0.00793264	-0.0472498
362	45756	0.252852	-0.0232413	0.010103	-0.0472498
363	46500	0.241803	-0.0232413	0.00523616	-0.0472498
364	47244	0.241737	-0.0232413	0.0102016	-0.0472498
365	47988	0.233681	-0.0232413	0.0196722	-0.0472498
366	48732	0.242987	-0.0232413	0.0065844	-0.0472498
367	49476	0.24394	-0.0232413	0.00974125	-0.0472498
368	50220	0.224638	-0.0232413	0.00257256	-0.0472498
369	50964	0.221842	-0.0232413	0.00184912	-0.0472498
370	51708	0.247097	-0.0232413	0.0151013	-0.0472498
371	52452	0.218028	-0.0232413	0.0110237	-0.0472498
372	53196	0.243546	-0.0232413	0.0078011	-0.0472498
373	53940	0.241573	-0.0232413	0.00635421	-0.0472498
374	54684	0.216976	-0.0232413	-0.00222848	-0.0472498
375	55428	0.208097	-0.0232413	-0.0021956	-0.0472498
376	56172	0.222073	-0.0232413	0.00382215	-0.0472498
377	56916	0.221119	-0.0232413	7.62044E-6	-0.0472498
378	57660	0.226446	-0.0232413	0.00346043	-0.0472498
379	58404	0.227433	-0.0232413	0.015759	-0.0472498
380	59148	0.229439	-0.0232413	0.00599249	-0.0472498
381	59892	0.222401	-0.0232413	0.00582807	-0.0472498
382	60636	0.211583	-0.0232413	0.00707765	-0.0472498
383	61380	0.234667	-0.0232413	0.000106272	-0.0472498
384	62124	0.213358	-0.0232413	-0.000748709	-0.0472498
385	62868	0.228419	-0.0232413	0.000369343	-0.0472498
386	63612	0.23322	-0.0232413	0.00513751	-0.0472498
387	64356	0.236706	-0.0232413	0.0121747	-0.0472498
388	65100	0.227104	-0.0232413	0.00885338	-0.0472498
389	65844	0.231247	-0.0232413	7.33882E-5	-0.0472498
390	66588	0.206913	-0.0232413	0.0025068	-0.0472498
391	67332	0.198396	-0.0232413	0.0100043	-0.0472498
392	68076	0.215035	-0.0232413	-0.00084736	-0.0472498
393	68820	0.223684	-0.0232413	0.00563076	-0.0472498
394	69564	0.233681	-0.0232413	-0.000617173	-0.0472498
395	70308	0.227203	-0.0232413	0.00471002	-0.0472498
396	71052	0.21497	-0.0232413	0.00158605	-0.0472498
397	71796	0.210826	-0.0232413	0.000270691	-0.0472498
398	72540	0.207571	-0.0232413	0.00237526	-0.0472498
399	73284	0.196061	-0.0232413	0.00563076	-0.0472498
400	74028	0.200468	-0.0232413	-0.00236002	-0.0472498
401	74772	0.21155	-0.0232413	0.00191489	-0.0472498
402	75516	0.21691	-0.0232413	0.0035262	-0.0472498
403	76260	0.220461	-0.0232413	0.00257256	-0.0472498
404	77004	0.218488	-0.0232413	0.000204924	-0.0472498
405	77748	0.214082	-0.0232413	0.00789975	-0.0472498
406	78492	0.219573	-0.0232413	0.00313159	-0.0472498
407	79236	0.235095	-0.0232413	0.00332889	-0.0472498
408	79980	0.224966	-0.0232413	0.000665298	-0.0472498
409	80724	0.235851	-0.0232413	0.00125721	-0.0472498
410	81468	0.222862	-0.0232413	0.00388792	-0.0472498
411	82212	0.239435	-0.0232413	0.00129009	-0.0472498
412	82956	0.245256	-0.0232413	0.0117143	-0.0472498
413	83700	0.220626	-0.0232413	0.00362485	-0.0472498
414	84444	0.220626	-0.0232413	0.00665016	-0.0472498
415	85188	0.219705	-0.0232413	0.00734073	-0.0472498
416	85932	0.230359	-0.0232413	0.0016847	-0.0472498
417	86676	0.222303	-0.0232413	0.00342754	-0.0472498
418	87420	0.214312	-0.0232413	0.000796834	-0.0472498
419	88164	0.210432	-0.0232413	0.00497309	-0.0472498
420	88908	0.213325	-0.0232413	-0.00120908	-0.0472498
421	89652	0.220724	-0.0232413	-0.00147215	-0.0472498
422	90396	0.219837	-0.0232413	0.00865608	-0.0472498
423	91140	0.208261	-0.0232413	0.0039208	-0.0472498
424	91884	0.22375	-0.0232413	0.0030987	-0.0472498
425	92628	0.206387	-0.0232413	0.00681458	-0.0472498
426	93372	0.210399	-0.0232413	-0.00229425	-0.0472498
427	94116	0.235456	-0.0232413	0.000106272	-0.0472498
428	94860	0.203395	-0.0232413	-0.00308346	-0.0472498
429	95604	0.19639	-0.0232413	0.00451271	-0.0472498
430	96348	0.214608	-0.0232413	0.00138874	-0.0472498
431	97092	0.200172	-0.0232413	0.0067817	-0.0472498
432	97836	0.219014	-0.0232413	-0.00393844	-0.0472498
433	98580	0.209873	-0.0232413	0.00602537	-0.0472498
434	99324	0.227959	-0.0232413	0.00845878	-0.0472498
435	100068	0.20175	-0.0232413	0.00526904	-0.0472498
436	100812	0.225493	-0.0232413	-0.00216272	-0.0472498
437	101556	0.221678	-0.0232413	0.0030987	-0.0472498
438	102300	0.200008	-0.0232413	0.00142163	-0.0472498
439	103044	0.228945	-0.0232413	0.00165181	-0.0472498
440	103788	0.219672	-0.0232413	0.00694612	-0.0472498
441	104532	0.22273	-0.0232413	0.0140819	-0.0472498
442	105276	0.201981	-0.0232413	0.00540058	-0.0472498
443	106020	0.212339	-0.0232413	4.05043E-5	-0.0472498
444	106764	0.224144	-0.0232413	0.00313159	-0.0472498
445	107508	0.211616	-0.0232413	-0.00610878	-0.0472498
446	108252	0.217995	-0.0232413	0.010366	-0.0472498
447	108996	0.222138	-0.0232413	0.0112539	-0.0472498
448	109740	0.219606	-0.0232413	-0.00127485	-0.0472498
449	110484	0.200106	-0.0232413	-0.00604301	-0.0472498
450	111228	0.198626	-0.0232413	-0.00785163	-0.0472498
451	111414	0.198429	-0.0232413	-0.00814758	-0.0472498
452	110670	0.205729	-0.0232413	-0.00206406	-0.0472498
453	109926	0.194976	-0.0232413	-0.000255451	-0.0472498
454	109182	0.195798	-0.0232413	-0.00893679	-0.0472498
455	108438	0.215167	-0.0232413	-0.00370826	-0.0472498
456	107694	0.193135	-0.0232413	0.00382215	-0.0472498
457	106950	0.190109	-0.0232413	-0.00587859	-0.0472498
458	106206	0.222237	-0.0232413	0.00434829	-0.0472498
459	105462	0.19616	-0.0232413	-0.00226137	-0.0472498
460	104718	0.199744	-0.0232413	0.00109279	-0.0472498
461	103974	0.220922	-0.0232413	0.00895204	-0.0472498
462	103230	0.211221	-0.0232413	-0.00383979	-0.0472498
463	102486	0.204118	-0.0232413	0.00579518	-0.0472498
464	101742	0.231149	-0.0232413	-0.000650057	-0.0472498
465	100998	0.207242	-0.0232413	0.00645286	-0.0472498
466	100254	0.205532	-0.0232413	0.00500597	-0.0472498
467	99510	0.209051	-0.0232413	0.0128981	-0.0472498
468	98766	0.210399	-0.0232413	0.0121747	-0.0472498
469	98022	0.229702	-0.0232413	0.00895204	-0.0472498
470	97278	0.222467	-0.0232413	0.00859031	-0.0472498
471	96534	0.212339	-0.0232413	0.00520327	-0.0472498
472	95790	0.221777	-0.0232413	0.00415099	-0.0472498
473	95046	0.214707	-0.0232413	0.00566365	-0.0472498
474	94302	0.210103	-0.0232413	0.00280275	-0.0472498
475	93558	0.200764	-0.0232413	-0.00712818	-0.0472498
476	92814	0.200468	-0.0232413	-0.00176811	-0.0472498
477	92070	0.216482	-0.0232413	0.000467995	-0.0472498
478	91326	0.205598	-0.0232413	0.00129009	-0.0472498
479	90582	0.203723	-0.0232413	0.0029014	-0.0472498
480	89838	0.214904	-0.0232413	-0.000354102	-0.0472498
481	89094	0.207472	-0.0232413	0.00316447	-0.0472498
482	88350	0.227794	-0.0232413	0.00017204	-0.0472498
483	87606	0.214509	-0.0232413	-0.000189683	-0.0472498
484	86862	0.220297	-0.0232413	0.00102702	-0.0472498
485	86118	0.215956	-0.0232413	0.00510462	-0.0472498
486	85374	0.211648	-0.0232413	0.00688035	-0.0472498
487	84630	0.2225	-0.0232413	0.00171758	-0.0472498
488	83886	0.221612	-0.0232413	0.000204924	-0.0472498
489	83142	0.21737	-0.0232413	0.000435111	-0.0472498
490	82398	0.219146	-0.0232413	0.0037235	-0.0472498
491	81654	0.210202	-0.0232413	0.00132298	-0.0472498
492	80910	0.189813	-0.0232413	-0.011699	-0.0472498
493	80166	0.189123	-0.0232413	0.00339466	-0.0472498
494	79422	0.212372	-0.0232413	0.00313159	-0.0472498
495	78678	0.208853	-0.0232413	0.00888627	-0.0472498
496	77934	0.213917	-0.0232413	0.00987278	-0.0472498
497	77190	0.214444	-0.0232413	0.00543346	-0.0472498
498	76446	0.20688	-0.0232413	0.00648574	-0.0472498
499	75702	0.210333	-0.0232413	0.0010599	-0.0472498
500	74958	0.212372	-0.0232413	0.00461136	-0.0472498
501	74214	0.210366	-0.0232413	0.00681458	-0.0472498
502	73470	0.230491	-0.0232413	0.0102674	-0.0472498
503	72726	0.221119	-0.0232413	0.0049402	-0.0472498
504	71982	0.203954	-0.0232413	0.00332889	-0.0472498
505	71238	0.21543	-0.0232413	0.0029014	-0.0472498
506	70494	0.205368	-0.0232413	-0.00265597	-0.0472498
507	69750	0.223618	-0.0232413	0.00523616	-0.0472498
508	69006	0.203822	-0.0232413	0.00625556	-0.0472498
509	68262	0.217666	-0.0232413	0.010958	-0.0472498
510	67518	0.217962	-0.0232413	0.00786687	-0.0472498
511	66774	0.226545	-0.0232413	0.0130954	-0.0472498
512	66030	0.23687	-0.0232413	0.00530192	-0.0472498
513	65286	0.221185	-0.0232413	0.00273698	-0.0472498
514	64542	0.227071	-0.0232413	0.00816282	-0.0472498
515	63798	0.239962	-0.0232413	0.00563076	-0.0472498
516	63054	0.236936	-0.0232413	0.00905069	-0.0472498
517	62310	0.231675	-0.0232413	0.0110566	-0.0472498
518	61566	0.243349	-0.0232413	0.00766956	-0.0472498
519	60822	0.237166	-0.0232413	0.0137202	-0.0472498
520	60078	0.234207	-0.0232413	-0.00453035	-0.0472498
521	59334	0.224144	-0.0232413	0.00757091	-0.0472498
522	58590	0.221349	-0.0232413	0.00059953	-0.0472498
523	57846	0.227137	-0.0232413	-0.00393844	-0.0472498
524	57102	0.220955	-0.0232413	0.00181623	-0.0472498
525	56358	0.231609	-0.0232413	0.00803129	-0.0472498
526	55614	0.220231	-0.0232413	0.00628844	-0.0472498
527	54870	0.236015	-0.0232413	0.00148739	-0.0472498
528	54126	0.224999	-0.0232413	-0.0034123	-0.0472498
529	53382	0.207242	-0.0232413	-0.00216272	-0.0472498
530	52638	0.211352	-0.0232413	0.0029014	-0.0472498
531	51894	0.213687	-0.0232413	0.00365773	-0.0472498
532	51150	0.224802	-0.0232413	0.001882	-0.0472498
533	50406	0.241047	-0.0232413	0.00635421	-0.0472498
534	49662	0.227959	-0.0232413	0.0039208	-0.0472498
535	48918	0.2176	-0.0232413	-0.00308346	-0.0472498
536	48174	0.209018	-0.0232413	-0.00173523	-0.0472498
537	47430	0.212043	-0.0232413	0.00181623	-0.0472498
538	46686	0.196029	-0.0232413	0.00178335	-0.0472498
539	45942	0.207176	-0.0232413	0.00763668	-0.0472498
540	45198	0.209971	-0.0232413	-0.0040371	-0.0472498
541	44454	0.218686	-0.0232413	0.00553211	-0.0472498
542	43710	0.22786	-0.0232413	0.00349331	-0.0472498
543	42966	0.203493	-0.0232413	-0.00400421	-0.0472498
544	42222	0.195371	-0.0232413	0.00369061	-0.0472498
545	41478	0.18613	-0.0232413	0.0109908	-0.0472498
546	40734	0.201126	-0.0232413	0.00115856	-0.0472498
547	39990	0.20859	-0.0232413	0.00378927	-0.0472498
548	39246	0.21474	-0.0232413	-0.00203118	-0.0472498
549	38502	0.227959	-0.0232413	0.00773533	-0.0472498
550	37758	0.230392	-0.0232413	-0.0042344	-0.0472498
551	37014	0.230425	-0.0232413	-0.00574706	-0.0472498
552	36270	0.224506	-0.0232413	-0.00357672	-0.0472498
553	35526	0.219376	-0.0232413	-0.000913128	-0.0472498
554	34782	0.22763	-0.0232413	-0.000781593	-0.0472498
555	34038	0.231181	-0.0232413	0.00740649	-0.0472498
556	33294	0.238712	-0.0232413	0.00618979	-0.0472498
557	32550	0.228715	-0.0232413	0.00221084	-0.0472498
558	31806	0.225361	-0.0232413	0.00198065	-0.0472498
559	31062	0.224802	-0.0232413	0.00641998	-0.0472498
560	30318	0.234963	-0.0232413	0.00296717	-0.0472498
561	29574	0.218784	-0.0232413	0.00017204	-0.0472498
562	28830	0.221316	-0.0232413	0.000895485	-0.0472498
563	28086	0.204874	-0.0232413	0.00773533	-0.0472498
564	27342	0.220889	-0.0232413	-0.000715825	-0.0472498
565	26598	0.217535	-0.0232413	0.00461136	-0.0472498
566	25854	0.225229	-0.0232413	-0.00114332	-0.0472498
567	25110	0.210925	-0.0232413	0.00411811	-0.0472498
568	24366	0.218192	-0.0232413	-0.00282039	-0.0472498
569	23622	0.207998	-0.0232413	-0.00397133	-0.0472498
570	22878	0.229998	-0.0232413	0.00530192	-0.0472498
571	22134	0.219014	-0.0232413	0.006979	-0.0472498
572	21390	0.219277	-0.0232413	0.000731066	-0.0472498
573	20646	0.207669	-0.0232413	0.00471002	-0.0472498
574	19902	0.229307	-0.0232413	-0.000880244	-0.0472498
575	19158	0.218423	-0.0232413	-0.00189964	-0.0472498
576	18414	0.219047	-0.0232413	0.000829717	-0.0472498
577	17670	0.21497	-0.0232413	-0.00318212	-0.0472498
578	16926	0.202211	-0.0232413	-0.00183388	-0.0472498
579	16182	0.216976	-0.0232413	0.00336178	-0.0472498
580	15438	0.208656	-0.0232413	-0.00160369	-0.0472498
581	14694	0.205236	-0.0232413	-0.000452754	-0.0472498
582	13950	0.213621	-0.0232413	-0.00041987	-0.0472498
583	13206	0.227926	-0.0232413	0.00645286	-0.0472498
584	12462	0.226907	-0.0232413	-0.00236002	-0.0472498
585	11718	0.214213	-0.0232413	0.00286852	-0.0472498
586	10974	0.24006	-0.0232413	0.000533762	-0.0472498
587	10230	0.22615	-0.0232413	0.00112567	-0.0472498
588	9486	0.211188	-0.0232413	0.00549923	-0.0472498
589	8742	0.223092	-0.0232413	0.00346043	-0.0472498
590	7998	0.231741	-0.0232413	0.00743938	-0.0472498
591	7254	0.207965	-0.0232413	0.00868896	-0.0472498
592	6510	0.224539	-0.0232413	0.00635421	-0.0472498
593	5766	0.229735	-0.0232413	0.00497309	-0.0472498
594	5022	0.230787	-0.0232413	0.00155316	-0.0472498
595	4278	0.237199	-0.0232413	0.00872185	-0.0472498
596	3534	0.226611	-0.0232413	0.0124048	-0.0472498
597	2790	0.216055	-0.0232413	0.00158605	-0.0472498
598	2046	0.214838	-0.0232413	0.0107278	-0.0472498
599	1302	0.213194	-0.0232413	0.0049402	-0.0472498
600	558	0.250616	-0.0254741	0.0132927	-0.0496602
