-3.000000000000000000e+03 4.333483879728573795e-02 5.826401196020785690e-03 9.892616884676952438e-01
-2.000000000000000000e+03 7.085051284258173099e-02 8.743142420194131847e-03 1.049211659817136377e+00
-1.500000000000000000e+03 8.197144670527270471e-02 1.146812269789065919e-02 1.053956338580668728e+00
-1.000000000000000000e+03 1.366309156136678304e-01 1.589867272602405943e-02 1.064978427600821176e+00
-1.000000000000000000e+03 1.268328760621718343e-01 1.338891647251169541e-02 1.062571222540479532e+00
-7.000000000000000000e+02 1.637738862087837755e-01 1.592556852324011896e-02 1.234568464896944606e+00
-5.000000000000000000e+02 2.097872803914385131e-01 1.266935499925963236e-02 1.090663704913089616e+00
-5.000000000000000000e+02 2.212866708819504757e-01 1.271956384844212702e-02 1.046526652279434977e+00
-4.000000000000000000e+02 2.478938482636800222e-01 6.379807086331338271e-03 1.039515704446666522e+00
-3.500000000000000000e+02 2.912032184694331449e-01 -4.433005342272486674e-03 6.337325785039671366e-01
-3.000000000000000000e+02 2.880078962689184285e-01 -8.572476878004360937e-03 6.823823305778027315e-01
-2.000000000000000000e+02 3.502387894182229511e-01 -2.237306483783448041e-02 6.035908230770060667e-01
-1.000000000000000000e+02 4.302316058855534808e-01 -1.903688098940665638e-02 6.275475288681402475e-01
-1.000000000000000000e+02 4.392965283314483327e-01 -1.660319797727438304e-02 7.524590581419994262e-01
-1.000000000000000000e+02 4.593989665611712403e-01 -2.053113261325010749e-02 6.233608306934330656e-01
-1.000000000000000000e+02 3.935471201684246356e-01 -1.989175077515132131e-02 6.770554559694194063e-01
0.000000000000000000e+00 5.334057403588262636e-01 3.937493647478296915e-03 9.763304582411443944e-01
0.000000000000000000e+00 5.510538172961381154e-01 4.399460063850865570e-03 1.106332748886907691e+00
1.000000000000000000e+02 4.173741608328712105e-01 2.248570102422545181e-02 1.113503087161695104e+00
1.000000000000000000e+02 4.179765845902894683e-01 2.494094296837270561e-02 1.227182894867908658e+00
1.000000000000000000e+02 3.952987123560677829e-01 2.746342175053060469e-02 1.155878497756473999e+00
1.000000000000000000e+02 4.288948123279578417e-01 2.655632972466011321e-02 1.091280914840152327e+00
2.000000000000000000e+02 3.520288782950712902e-01 2.493936649341383510e-02 1.086491812879081920e+00
3.000000000000000000e+02 3.084652020764240277e-01 1.964053381012749108e-02 1.112365954086195652e+00
3.500000000000000000e+02 2.653753942844188085e-01 3.020184449526919137e-03 1.097852794098356899e+00
4.000000000000000000e+02 2.321879724546473678e-01 -3.854389243872764163e-03 5.666451434443871005e-01
5.000000000000000000e+02 2.368603190917693280e-01 -9.790584568203952384e-03 5.194582178554522089e-01
5.000000000000000000e+02 2.171198997938501851e-01 -1.082646921330798241e-02 6.044176190942127658e-01
7.000000000000000000e+02 1.872073816509070843e-01 -1.442341412395200216e-02 7.267859692025173679e-01
1.000000000000000000e+03 1.482955328101280557e-01 -1.145059583456431614e-02 5.735138466067589702e-01
1.000000000000000000e+03 1.526622590042191474e-01 -1.474183876256915209e-02 5.718265448813943941e-01
1.500000000000000000e+03 7.876885891958275432e-02 -1.017279774929918598e-02 5.523032698906840121e-01
2.000000000000000000e+03 5.085074496265968441e-02 -8.949364979132422293e-03 5.571029079386402572e-01
3.000000000000000000e+03 3.372878457516356732e-02 -4.324310884745545536e-03 5.004989428979638166e-01
