# Filename	2016-09-23\13_delay.txt
# Date	2016-09-23
# Title	DL-Pro & DL-100 Locked delay scan.
# DL-Pro	365856.7 GHz
# DL-100	365840.7 GHz
# Static	500 mV Pulsed
# MWOn	On
# MWf	15932.0 MHz
# Attn	44 dB
# FixedAttn	6 dB
# B2	B2 = T2 + 2.050 us
# HP214B	HP 214B FIP at 5.5 on 100V setting ; Applied to Top ; Mesh & Vin of MCP @ +25V ; Vout of MCP @ +2025 V
# Oven	32 A
# Boxcar	Gate = 200 ns ; Amp = 25x ; Sensitivity = 5 mV
# Offset	+/- 30 mV IR/Oven offset.
# Bias	Top: 0 V ; Bot: -0.422 V ; IR: +0.045 V ; Oven: -0.045 V ; Vis: -0.000 V ; MW: +0.000 V
# Passes	4
i	step	norm	nbackground	signal	sbackground
0	0	0.273503	-0.0252998	0.0243088	-0.0477168
1	744	0.274161	-0.0252998	0.0200339	-0.0477168
2	1488	0.2664	-0.0252998	0.0215794	-0.0477168
3	2232	0.290603	-0.0252998	0.0131283	-0.0477168
4	2976	0.278041	-0.0252998	0.0227304	-0.0477168
5	3720	0.270938	-0.0252998	0.0223687	-0.0477168
6	4464	0.281034	-0.0252998	0.0173374	-0.0477168
7	5208	0.283335	-0.0252998	0.0098399	-0.0477168
8	5952	0.268801	-0.0252998	0.0212177	-0.0477168
9	6696	0.264296	-0.0252998	0.0210533	-0.0477168
10	7440	0.274884	-0.0252998	0.0229277	-0.0477168
11	8184	0.271629	-0.0252998	0.021415	-0.0477168
12	8928	0.270576	-0.0252998	0.0272026	-0.0477168
13	9672	0.272155	-0.0252998	0.020856	-0.0477168
14	10416	0.268998	-0.0252998	0.0266764	-0.0477168
15	11160	0.264526	-0.0252998	0.0253282	-0.0477168
16	11904	0.273339	-0.0252998	0.0273012	-0.0477168
17	12648	0.262717	-0.0252998	0.0217439	-0.0477168
18	13392	0.277844	-0.0252998	0.0266107	-0.0477168
19	14136	0.289551	-0.0252998	0.0254269	-0.0477168
20	14880	0.286755	-0.0252998	0.0189487	-0.0477168
21	15624	0.287939	-0.0252998	0.0211848	-0.0477168
22	16368	0.27985	-0.0252998	0.0249665	-0.0477168
23	17112	0.276101	-0.0252998	0.0279918	-0.0477168
24	17856	0.277877	-0.0252998	0.0339438	-0.0477168
25	18600	0.269426	-0.0252998	0.0317734	-0.0477168
26	19344	0.2737	-0.0252998	0.0240457	-0.0477168
27	20088	0.299942	-0.0252998	0.0289126	-0.0477168
28	20832	0.285177	-0.0252998	0.0239142	-0.0477168
29	21576	0.286591	-0.0252998	0.0273999	-0.0477168
30	22320	0.269656	-0.0252998	0.0229935	-0.0477168
31	23064	0.260613	-0.0252998	0.0162523	-0.0477168
32	23808	0.277383	-0.0252998	0.023684	-0.0477168
33	24552	0.257653	-0.0252998	0.0266436	-0.0477168
34	25296	0.259067	-0.0252998	0.0224015	-0.0477168
35	26040	0.280211	-0.0252998	0.0206258	-0.0477168
36	26784	0.256469	-0.0252998	0.0212835	-0.0477168
37	27528	0.293398	-0.0252998	0.0239142	-0.0477168
38	28272	0.282579	-0.0252998	0.0236511	-0.0477168
39	29016	0.257982	-0.0252998	0.0146409	-0.0477168
40	29760	0.2664	-0.0252998	0.0229277	-0.0477168
41	30504	0.26081	-0.0252998	0.0173703	-0.0477168
42	31248	0.266499	-0.0252998	0.0233881	-0.0477168
43	31992	0.263934	-0.0252998	0.0178965	-0.0477168
44	32736	0.265578	-0.0252998	0.0169757	-0.0477168
45	33480	0.274292	-0.0252998	0.0186199	-0.0477168
46	34224	0.278337	-0.0252998	0.02398	-0.0477168
47	34968	0.276397	-0.0252998	0.0217439	-0.0477168
48	35712	0.268768	-0.0252998	0.0240457	-0.0477168
49	36456	0.270083	-0.0252998	0.0255584	-0.0477168
50	37200	0.284125	-0.0252998	0.0234538	-0.0477168
51	37944	0.284552	-0.0252998	0.0166797	-0.0477168
52	38688	0.277745	-0.0252998	0.0250323	-0.0477168
53	39432	0.276035	-0.0252998	0.0187514	-0.0477168
54	40176	0.293825	-0.0252998	0.0172388	-0.0477168
55	40920	0.278041	-0.0252998	0.0151342	-0.0477168
56	41664	0.281099	-0.0252998	0.0195078	-0.0477168
57	42408	0.276956	-0.0252998	0.022829	-0.0477168
58	43152	0.284651	-0.0252998	0.0243746	-0.0477168
59	43896	0.276298	-0.0252998	0.0276301	-0.0477168
60	44640	0.278929	-0.0252998	0.0220398	-0.0477168
61	45384	0.283599	-0.0252998	0.0266107	-0.0477168
62	46128	0.287676	-0.0252998	0.0252624	-0.0477168
63	46872	0.28156	-0.0252998	0.0212835	-0.0477168
64	47616	0.293365	-0.0252998	0.0255255	-0.0477168
65	48360	0.295371	-0.0252998	0.0260188	-0.0477168
66	49104	0.293497	-0.0252998	0.0288468	-0.0477168
67	49848	0.299186	-0.0252998	0.0348974	-0.0477168
68	50592	0.310596	-0.0252998	0.032464	-0.0477168
69	51336	0.303888	-0.0252998	0.030491	-0.0477168
70	52080	0.270313	-0.0252998	0.030754	-0.0477168
71	52824	0.312504	-0.0252998	0.0283206	-0.0477168
72	53568	0.302803	-0.0252998	0.0341411	-0.0477168
73	54312	0.299547	-0.0252998	0.0307869	-0.0477168
74	55056	0.293825	-0.0252998	0.0278931	-0.0477168
75	55800	0.297344	-0.0252998	0.0329902	-0.0477168
76	56544	0.294845	-0.0252998	0.0327928	-0.0477168
77	57288	0.302507	-0.0252998	0.0274985	-0.0477168
78	58032	0.278008	-0.0252998	0.031346	-0.0477168
79	58776	0.295634	-0.0252998	0.027663	-0.0477168
80	59520	0.292115	-0.0252998	0.0257886	-0.0477168
81	60264	0.294023	-0.0252998	0.0339767	-0.0477168
82	61008	0.299909	-0.0252998	0.03983	-0.0477168
83	61752	0.301224	-0.0252998	0.0190474	-0.0477168
84	62496	0.291326	-0.0252998	0.0318721	-0.0477168
85	63240	0.301389	-0.0252998	0.0221714	-0.0477168
86	63984	0.297213	-0.0252998	0.030195	-0.0477168
87	64728	0.294056	-0.0252998	0.027663	-0.0477168
88	65472	0.288696	-0.0252998	0.0251638	-0.0477168
89	66216	0.290373	-0.0252998	0.025657	-0.0477168
90	66960	0.292346	-0.0252998	0.0209547	-0.0477168
91	67704	0.288531	-0.0252998	0.0228619	-0.0477168
92	68448	0.276101	-0.0252998	0.0246705	-0.0477168
93	69192	0.285341	-0.0252998	0.0285179	-0.0477168
94	69936	0.287742	-0.0252998	0.0200668	-0.0477168
95	70680	0.283467	-0.0252998	0.0210862	-0.0477168
96	71424	0.275213	-0.0252998	0.0257228	-0.0477168
97	72168	0.298462	-0.0252998	0.0254926	-0.0477168
98	72912	0.293069	-0.0252998	0.0207573	-0.0477168
99	73656	0.283335	-0.0252998	0.0290112	-0.0477168
100	74400	0.29399	-0.0252998	0.0259201	-0.0477168
101	75144	0.294582	-0.0252998	0.0221714	-0.0477168
102	75888	0.294648	-0.0252998	0.0223029	-0.0477168
103	76632	0.291261	-0.0252998	0.0236511	-0.0477168
104	77376	0.287709	-0.0252998	0.0263476	-0.0477168
105	78120	0.282086	-0.0252998	0.0327271	-0.0477168
106	78864	0.301586	-0.0252998	0.0344699	-0.0477168
107	79608	0.291787	-0.0252998	0.0251967	-0.0477168
108	80352	0.300271	-0.0252998	0.0317734	-0.0477168
109	81096	0.285407	-0.0252998	0.0291099	-0.0477168
110	81840	0.292872	-0.0252998	0.0293072	-0.0477168
111	82584	0.304414	-0.0252998	0.025394	-0.0477168
112	83328	0.297969	-0.0252998	0.0288797	-0.0477168
113	84072	0.293332	-0.0252998	0.022566	-0.0477168
114	84816	0.299482	-0.0252998	0.0298662	-0.0477168
115	85560	0.282744	-0.0252998	0.0202641	-0.0477168
116	86304	0.28327	-0.0252998	0.0263476	-0.0477168
117	87048	0.291754	-0.0252998	0.0275972	-0.0477168
118	87792	0.2957	-0.0252998	0.0257886	-0.0477168
119	88536	0.28692	-0.0252998	0.0254926	-0.0477168
120	89280	0.303033	-0.0252998	0.0354236	-0.0477168
121	90024	0.304743	-0.0252998	0.0259859	-0.0477168
122	90768	0.288202	-0.0252998	0.0247363	-0.0477168
123	91512	0.297245	-0.0252998	0.0389421	-0.0477168
124	92256	0.303691	-0.0252998	0.0389093	-0.0477168
125	93000	0.31566	-0.0252998	0.0344699	-0.0477168
126	93744	0.305697	-0.0252998	0.0342397	-0.0477168
127	94488	0.301783	-0.0252998	0.0360484	-0.0477168
128	95232	0.316877	-0.0252998	0.0375939	-0.0477168
129	95976	0.312109	-0.0252998	0.0326942	-0.0477168
130	96720	0.310859	-0.0252998	0.03276	-0.0477168
131	97464	0.316055	-0.0252998	0.0420661	-0.0477168
132	98208	0.315134	-0.0252998	0.0406521	-0.0477168
133	98952	0.310531	-0.0252998	0.0415728	-0.0477168
134	99696	0.309873	-0.0252998	0.042099	-0.0477168
135	100440	0.326578	-0.0252998	0.0373637	-0.0477168
136	101184	0.312931	-0.0252998	0.0390737	-0.0477168
137	101928	0.321284	-0.0252998	0.0366074	-0.0477168
138	102672	0.318883	-0.0252998	0.0345028	-0.0477168
139	103416	0.322829	-0.0252998	0.0369691	-0.0477168
140	104160	0.307012	-0.0252998	0.0306225	-0.0477168
141	104904	0.31155	-0.0252998	0.0242759	-0.0477168
142	105648	0.316515	-0.0252998	0.027926	-0.0477168
143	106392	0.295141	-0.0252998	0.0261832	-0.0477168
144	107136	0.297574	-0.0252998	0.0283535	-0.0477168
145	107880	0.317239	-0.0252998	0.0307869	-0.0477168
146	108624	0.300205	-0.0252998	0.0227304	-0.0477168
147	109368	0.298462	-0.0252998	0.0281891	-0.0477168
148	110112	0.290274	-0.0252998	0.0302279	-0.0477168
149	110856	0.298561	-0.0252998	0.020001	-0.0477168
150	111600	0.306124	-0.0252998	0.0272026	-0.0477168
151	111042	0.307538	-0.0252998	0.031905	-0.0477168
152	110298	0.30688	-0.0252998	0.0297346	-0.0477168
153	109554	0.289945	-0.0252998	0.0311487	-0.0477168
154	108810	0.309215	-0.0252998	0.0345028	-0.0477168
155	108066	0.289156	-0.0252998	0.0346015	-0.0477168
156	107322	0.308097	-0.0252998	0.0233223	-0.0477168
157	106578	0.314312	-0.0252998	0.0306883	-0.0477168
158	105834	0.304052	-0.0252998	0.0274985	-0.0477168
159	105090	0.301783	-0.0252998	0.0315761	-0.0477168
160	104346	0.305466	-0.0252998	0.0291427	-0.0477168
161	103602	0.30129	-0.0252998	0.0302608	-0.0477168
162	102858	0.286525	-0.0252998	0.0289126	-0.0477168
163	102114	0.307143	-0.0252998	0.0301293	-0.0477168
164	101370	0.307209	-0.0252998	0.0329573	-0.0477168
165	100626	0.309478	-0.0252998	0.0353249	-0.0477168
166	99882	0.298002	-0.0252998	0.0316748	-0.0477168
167	99138	0.301553	-0.0252998	0.0361799	-0.0477168
168	98394	0.306289	-0.0252998	0.0347988	-0.0477168
169	97650	0.28761	-0.0252998	0.0445982	-0.0477168
170	96906	0.292477	-0.0252998	0.039534	-0.0477168
171	96162	0.306946	-0.0252998	0.0387777	-0.0477168
172	95418	0.295864	-0.0252998	0.0383502	-0.0477168
173	94674	0.30961	-0.0252998	0.040126	-0.0477168
174	93930	0.302375	-0.0252998	0.0310829	-0.0477168
175	93186	0.310761	-0.0252998	0.0312473	-0.0477168
176	92442	0.288268	-0.0252998	0.0241773	-0.0477168
177	91698	0.296062	-0.0252998	0.034174	-0.0477168
178	90954	0.286986	-0.0252998	0.0383173	-0.0477168
179	90210	0.286624	-0.0252998	0.031905	-0.0477168
180	89466	0.304907	-0.0252998	0.0380543	-0.0477168
181	88722	0.290866	-0.0252998	0.0303594	-0.0477168
182	87978	0.300698	-0.0252998	0.0379227	-0.0477168
183	87234	0.298725	-0.0252998	0.0309514	-0.0477168
184	86490	0.278666	-0.0252998	0.0300306	-0.0477168
185	85746	0.297969	-0.0252998	0.0212835	-0.0477168
186	85002	0.286755	-0.0252998	0.0225988	-0.0477168
187	84258	0.278929	-0.0252998	0.0326613	-0.0477168
188	83514	0.277153	-0.0252998	0.0292743	-0.0477168
189	82770	0.292675	-0.0252998	0.0235525	-0.0477168
190	82026	0.282546	-0.0252998	0.0266764	-0.0477168
191	81282	0.300534	-0.0252998	0.0250651	-0.0477168
192	80538	0.285966	-0.0252998	0.0284193	-0.0477168
193	79794	0.272023	-0.0252998	0.0190803	-0.0477168
194	79050	0.276594	-0.0252998	0.0194749	-0.0477168
195	78306	0.290636	-0.0252998	0.0259859	-0.0477168
196	77562	0.290997	-0.0252998	0.0232565	-0.0477168
197	76818	0.266729	-0.0252998	0.0155946	-0.0477168
198	76074	0.294121	-0.0252998	0.0306883	-0.0477168
199	75330	0.27962	-0.0252998	0.0204614	-0.0477168
200	74586	0.29034	-0.0252998	0.0192447	-0.0477168
201	73842	0.279422	-0.0252998	0.0174361	-0.0477168
202	73098	0.278962	-0.0252998	0.0178307	-0.0477168
203	72354	0.276528	-0.0252998	0.0264134	-0.0477168
204	71610	0.286624	-0.0252998	0.0158248	-0.0477168
205	70866	0.294253	-0.0252998	0.0272026	-0.0477168
206	70122	0.296949	-0.0252998	0.0175347	-0.0477168
207	69378	0.295141	-0.0252998	0.0289783	-0.0477168
208	68634	0.30619	-0.0252998	0.0317406	-0.0477168
209	67890	0.290077	-0.0252998	0.0293072	-0.0477168
210	67146	0.289287	-0.0252998	0.0274985	-0.0477168
211	66402	0.290603	-0.0252998	0.0241444	-0.0477168
212	65658	0.307801	-0.0252998	0.0277287	-0.0477168
213	64914	0.307834	-0.0252998	0.0330888	-0.0477168
214	64170	0.295634	-0.0252998	0.0214808	-0.0477168
215	63426	0.316154	-0.0252998	0.0394354	-0.0477168
216	62682	0.29958	-0.0252998	0.0285508	-0.0477168
217	61938	0.302836	-0.0252998	0.0377583	-0.0477168
218	61194	0.283993	-0.0252998	0.0347001	-0.0477168
219	60450	0.293957	-0.0252998	0.0420003	-0.0477168
220	59706	0.312076	-0.0252998	0.0349303	-0.0477168
221	58962	0.2884	-0.0252998	0.0329573	-0.0477168
222	58218	0.30596	-0.0252998	0.0373308	-0.0477168
223	57474	0.311945	-0.0252998	0.0367389	-0.0477168
224	56730	0.3128	-0.0252998	0.0404219	-0.0477168
225	55986	0.308656	-0.0252998	0.0371335	-0.0477168
226	55242	0.321711	-0.0252998	0.0406192	-0.0477168
227	54498	0.312931	-0.0252998	0.0344699	-0.0477168
228	53754	0.306815	-0.0252998	0.0411454	-0.0477168
229	53010	0.314707	-0.0252998	0.0337136	-0.0477168
230	52266	0.306453	-0.0252998	0.0383173	-0.0477168
231	51522	0.311945	-0.0252998	0.0329573	-0.0477168
232	50778	0.312208	-0.0252998	0.0377583	-0.0477168
233	50034	0.309577	-0.0252998	0.0366403	-0.0477168
234	49290	0.291918	-0.0252998	0.0342397	-0.0477168
235	48546	0.314345	-0.0252998	0.0377912	-0.0477168
236	47802	0.316285	-0.0252998	0.0264463	-0.0477168
237	47058	0.313161	-0.0252998	0.0318721	-0.0477168
238	46314	0.307078	-0.0252998	0.0317734	-0.0477168
239	45570	0.312339	-0.0252998	0.0371664	-0.0477168
240	44826	0.306223	-0.0252998	0.035292	-0.0477168
241	44082	0.306321	-0.0252998	0.0191132	-0.0477168
242	43338	0.285045	-0.0252998	0.0179951	-0.0477168
243	42594	0.267453	-0.0252998	0.0220727	-0.0477168
244	41850	0.2762	-0.0252998	0.0190474	-0.0477168
245	41106	0.268899	-0.0252998	0.019442	-0.0477168
246	40362	0.27176	-0.0252998	0.0236511	-0.0477168
247	39618	0.268932	-0.0252998	0.0221714	-0.0477168
248	38874	0.268439	-0.0252998	0.0211848	-0.0477168
249	38130	0.271267	-0.0252998	0.0234867	-0.0477168
250	37386	0.280968	-0.0252998	0.018883	-0.0477168
251	36642	0.260185	-0.0252998	0.0244732	-0.0477168
252	35898	0.273766	-0.0252998	0.020001	-0.0477168
253	35154	0.273273	-0.0252998	0.0238813	-0.0477168
254	34410	0.282086	-0.0252998	0.0219083	-0.0477168
255	33666	0.264822	-0.0252998	0.0219741	-0.0477168
256	32922	0.276496	-0.0252998	0.027926	-0.0477168
257	32178	0.286657	-0.0252998	0.0243746	-0.0477168
258	31434	0.269919	-0.0252998	0.0247034	-0.0477168
259	30690	0.282842	-0.0252998	0.0263147	-0.0477168
260	29946	0.292214	-0.0252998	0.0233223	-0.0477168
261	29202	0.274029	-0.0252998	0.0297018	-0.0477168
262	28458	0.262947	-0.0252998	0.0266107	-0.0477168
263	27714	0.275805	-0.0252998	0.0254597	-0.0477168
264	26970	0.268143	-0.0252998	0.0278603	-0.0477168
265	26226	0.287084	-0.0252998	0.0223358	-0.0477168
266	25482	0.270642	-0.0252998	0.0215466	-0.0477168
267	24738	0.264559	-0.0252998	0.0262161	-0.0477168
268	23994	0.270938	-0.0252998	0.0225002	-0.0477168
269	23250	0.26423	-0.0252998	0.0275643	-0.0477168
270	22506	0.26127	-0.0252998	0.0254269	-0.0477168
271	21762	0.255943	-0.0252998	0.0416715	-0.0477168
272	21018	0.285374	-0.0252998	0.0169757	-0.0477168
273	20274	0.267222	-0.0252998	0.0316748	-0.0477168
274	19530	0.27666	-0.0252998	0.0311815	-0.0477168
275	18786	0.257949	-0.0252998	0.02056	-0.0477168
276	18042	0.270642	-0.0252998	0.0267422	-0.0477168
277	17298	0.266499	-0.0252998	0.0287481	-0.0477168
278	16554	0.273996	-0.0252998	0.0264791	-0.0477168
279	15810	0.274851	-0.0252998	0.0177978	-0.0477168
280	15066	0.287249	-0.0252998	0.0248349	-0.0477168
281	14322	0.269952	-0.0252998	0.0298333	-0.0477168
282	13578	0.267288	-0.0252998	0.0251638	-0.0477168
283	12834	0.270807	-0.0252998	0.0243088	-0.0477168
284	12090	0.262586	-0.0252998	0.0280247	-0.0477168
285	11346	0.257916	-0.0252998	0.0176991	-0.0477168
286	10602	0.271464	-0.0252998	0.0167784	-0.0477168
287	9858	0.275904	-0.0252998	0.0250651	-0.0477168
288	9114	0.264394	-0.0252998	0.0161536	-0.0477168
289	8370	0.276298	-0.0252998	0.0188501	-0.0477168
290	7626	0.288498	-0.0252998	0.0207902	-0.0477168
291	6882	0.267551	-0.0252998	0.0264134	-0.0477168
292	6138	0.256963	-0.0252998	0.0139504	-0.0477168
293	5394	0.254102	-0.0252998	0.0218754	-0.0477168
294	4650	0.262717	-0.0252998	0.0235854	-0.0477168
295	3906	0.254036	-0.0252998	0.0192118	-0.0477168
296	3162	0.272451	-0.0252998	0.0192118	-0.0477168
297	2418	0.270544	-0.0252998	0.0173045	-0.0477168
298	1674	0.284749	-0.0252998	0.0237498	-0.0477168
299	930	0.273733	-0.0252998	0.0282549	-0.0477168
300	186	0.261731	-0.0252998	0.0216123	-0.0477168
301	372	0.26298	-0.0252998	0.0181924	-0.0477168
302	1116	0.268932	-0.0252998	0.0243746	-0.0477168
303	1860	0.263178	-0.0252998	0.0155946	-0.0477168
304	2604	0.273076	-0.0252998	0.0168113	-0.0477168
305	3348	0.276857	-0.0252998	0.0194091	-0.0477168
306	4092	0.280244	-0.0252998	0.0177649	-0.0477168
307	4836	0.286032	-0.0252998	0.0272355	-0.0477168
308	5580	0.266992	-0.0252998	0.0219741	-0.0477168
309	6324	0.260021	-0.0252998	0.0228948	-0.0477168
310	7068	0.260415	-0.0252998	0.0142135	-0.0477168
311	7812	0.262454	-0.0252998	0.0202312	-0.0477168
312	8556	0.25956	-0.0252998	0.025394	-0.0477168
313	9300	0.267979	-0.0252998	0.0285508	-0.0477168
314	10044	0.25443	-0.0252998	0.0239142	-0.0477168
315	10788	0.267748	-0.0252998	0.0238155	-0.0477168
316	11532	0.280507	-0.0252998	0.0294387	-0.0477168
317	12276	0.264624	-0.0252998	0.0254926	-0.0477168
318	13020	0.270971	-0.0252998	0.0214479	-0.0477168
319	13764	0.267584	-0.0252998	0.0218425	-0.0477168
320	14508	0.284815	-0.0252998	0.0285179	-0.0477168
321	15252	0.271267	-0.0252998	0.027663	-0.0477168
322	15996	0.292017	-0.0252998	0.0345028	-0.0477168
323	16740	0.288893	-0.0252998	0.0329244	-0.0477168
324	17484	0.28692	-0.0252998	0.0302608	-0.0477168
325	18228	0.290767	-0.0252998	0.0275972	-0.0477168
326	18972	0.308294	-0.0252998	0.0328915	-0.0477168
327	19716	0.277811	-0.0252998	0.0313788	-0.0477168
328	20460	0.296456	-0.0252998	0.0314446	-0.0477168
329	21204	0.295272	-0.0252998	0.0281891	-0.0477168
330	21948	0.309676	-0.0252998	0.0300635	-0.0477168
331	22692	0.281099	-0.0252998	0.0264791	-0.0477168
332	23436	0.298265	-0.0252998	0.0323982	-0.0477168
333	24180	0.277285	-0.0252998	0.0246048	-0.0477168
334	24924	0.291524	-0.0252998	0.0317734	-0.0477168
335	25668	0.291162	-0.0252998	0.0270382	-0.0477168
336	26412	0.279159	-0.0252998	0.0264791	-0.0477168
337	27156	0.283862	-0.0252998	0.030754	-0.0477168
338	27900	0.291688	-0.0252998	0.0306883	-0.0477168
339	28644	0.286459	-0.0252998	0.0273341	-0.0477168
340	29388	0.288728	-0.0252998	0.0282878	-0.0477168
341	30132	0.300304	-0.0252998	0.0248349	-0.0477168
342	30876	0.29228	-0.0252998	0.0227633	-0.0477168
343	31620	0.289156	-0.0252998	0.0306225	-0.0477168
344	32364	0.29103	-0.0252998	0.0264463	-0.0477168
345	33108	0.28692	-0.0252998	0.027367	-0.0477168
346	33852	0.283072	-0.0252998	0.0246705	-0.0477168
347	34596	0.274884	-0.0252998	0.0171401	-0.0477168
348	35340	0.273569	-0.0252998	0.0174032	-0.0477168
349	36084	0.289419	-0.0252998	0.0269395	-0.0477168
350	36828	0.271596	-0.0252998	0.0369362	-0.0477168
351	37572	0.294319	-0.0252998	0.0171072	-0.0477168
352	38316	0.281395	-0.0252998	0.0195735	-0.0477168
353	39060	0.286755	-0.0252998	0.0208231	-0.0477168
354	39804	0.288531	-0.0252998	0.020856	-0.0477168
355	40548	0.275969	-0.0252998	0.0238813	-0.0477168
356	41292	0.287578	-0.0252998	0.0227633	-0.0477168
357	42036	0.274358	-0.0252998	0.0227633	-0.0477168
358	42780	0.28521	-0.0252998	0.0160221	-0.0477168
359	43524	0.291622	-0.0252998	0.0321023	-0.0477168
360	44268	0.287183	-0.0252998	0.0235854	-0.0477168
361	45012	0.308525	-0.0252998	0.0267422	-0.0477168
362	45756	0.27495	-0.0252998	0.0212177	-0.0477168
363	46500	0.288301	-0.0252998	0.0187185	-0.0477168
364	47244	0.276726	-0.0252998	0.021152	-0.0477168
365	47988	0.276101	-0.0252998	0.0259859	-0.0477168
366	48732	0.30152	-0.0252998	0.0368704	-0.0477168
367	49476	0.295996	-0.0252998	0.0301621	-0.0477168
368	50220	0.28202	-0.0252998	0.0225002	-0.0477168
369	50964	0.281823	-0.0252998	0.0286166	-0.0477168
370	51708	0.306749	-0.0252998	0.0218425	-0.0477168
371	52452	0.290932	-0.0252998	0.0309514	-0.0477168
372	53196	0.287347	-0.0252998	0.0285837	-0.0477168
373	53940	0.299416	-0.0252998	0.0340096	-0.0477168
374	54684	0.291392	-0.0252998	0.026808	-0.0477168
375	55428	0.298232	-0.0252998	0.0300306	-0.0477168
376	56172	0.290406	-0.0252998	0.0303594	-0.0477168
377	56916	0.307143	-0.0252998	0.0371335	-0.0477168
378	57660	0.289386	-0.0252998	0.0317406	-0.0477168
379	58404	0.304579	-0.0252998	0.0281233	-0.0477168
380	59148	0.291655	-0.0252998	0.0224673	-0.0477168
381	59892	0.295634	-0.0252998	0.0275972	-0.0477168
382	60636	0.275082	-0.0252998	0.0302608	-0.0477168
383	61380	0.281198	-0.0252998	0.0313131	-0.0477168
384	62124	0.281954	-0.0252998	0.0267751	-0.0477168
385	62868	0.288038	-0.0252998	0.0332532	-0.0477168
386	63612	0.279488	-0.0252998	0.0204943	-0.0477168
387	64356	0.261698	-0.0252998	0.0247692	-0.0477168
388	65100	0.28179	-0.0252998	0.0263805	-0.0477168
389	65844	0.290307	-0.0252998	0.0199681	-0.0477168
390	66588	0.284223	-0.0252998	0.0223029	-0.0477168
391	67332	0.293562	-0.0252998	0.0284522	-0.0477168
392	68076	0.30813	-0.0252998	0.0238484	-0.0477168
393	68820	0.287446	-0.0252998	0.0320365	-0.0477168
394	69564	0.309577	-0.0252998	0.0229277	-0.0477168
395	70308	0.291721	-0.0252998	0.027926	-0.0477168
396	71052	0.293431	-0.0252998	0.0341082	-0.0477168
397	71796	0.31007	-0.0252998	0.0289454	-0.0477168
398	72540	0.30836	-0.0252998	0.0258872	-0.0477168
399	73284	0.307571	-0.0252998	0.0214808	-0.0477168
400	74028	0.306716	-0.0252998	0.0235854	-0.0477168
401	74772	0.302671	-0.0252998	0.0272684	-0.0477168
402	75516	0.300304	-0.0252998	0.0270053	-0.0477168
403	76260	0.306815	-0.0252998	0.0163509	-0.0477168
404	77004	0.29639	-0.0252998	0.0270382	-0.0477168
405	77748	0.284256	-0.0252998	0.0173045	-0.0477168
406	78492	0.305203	-0.0252998	0.028781	-0.0477168
407	79236	0.289682	-0.0252998	0.025657	-0.0477168
408	79980	0.304315	-0.0252998	0.0155617	-0.0477168
409	80724	0.306979	-0.0252998	0.0304252	-0.0477168
410	81468	0.2957	-0.0252998	0.0259201	-0.0477168
411	82212	0.309248	-0.0252998	0.0238813	-0.0477168
412	82956	0.299482	-0.0252998	0.0337794	-0.0477168
413	83700	0.289616	-0.0252998	0.0283206	-0.0477168
414	84444	0.294187	-0.0252998	0.0342397	-0.0477168
415	85188	0.294779	-0.0252998	0.0311158	-0.0477168
416	85932	0.299284	-0.0252998	0.0300306	-0.0477168
417	86676	0.282283	-0.0252998	0.0267751	-0.0477168
418	87420	0.292017	-0.0252998	0.0353578	-0.0477168
419	88164	0.301816	-0.0252998	0.0266764	-0.0477168
420	88908	0.295239	-0.0252998	0.0241115	-0.0477168
421	89652	0.278337	-0.0252998	0.0425922	-0.0477168
422	90396	0.302178	-0.0252998	0.031346	-0.0477168
423	91140	0.321021	-0.0252998	0.0302279	-0.0477168
424	91884	0.306617	-0.0252998	0.027367	-0.0477168
425	92628	0.304151	-0.0252998	0.0333848	-0.0477168
426	93372	0.300928	-0.0252998	0.0385146	-0.0477168
427	94116	0.310432	-0.0252998	0.0301293	-0.0477168
428	94860	0.309676	-0.0252998	0.0236182	-0.0477168
429	95604	0.300501	-0.0252998	0.0290441	-0.0477168
430	96348	0.305039	-0.0252998	0.0375939	-0.0477168
431	97092	0.293398	-0.0252998	0.021152	-0.0477168
432	97836	0.315134	-0.0252998	0.0312144	-0.0477168
433	98580	0.303789	-0.0252998	0.0300964	-0.0477168
434	99324	0.315233	-0.0252998	0.027663	-0.0477168
435	100068	0.29422	-0.0252998	0.0187185	-0.0477168
436	100812	0.310892	-0.0252998	0.035588	-0.0477168
437	101556	0.300567	-0.0252998	0.0399615	-0.0477168
438	102300	0.314148	-0.0252998	0.0321352	-0.0477168
439	103044	0.315562	-0.0252998	0.0340753	-0.0477168
440	103788	0.31303	-0.0252998	0.028222	-0.0477168
441	104532	0.30665	-0.0252998	0.0322338	-0.0477168
442	105276	0.306946	-0.0252998	0.0291756	-0.0477168
443	106020	0.305894	-0.0252998	0.0316748	-0.0477168
444	106764	0.316515	-0.0252998	0.0339767	-0.0477168
445	107508	0.32079	-0.0252998	0.0319708	-0.0477168
446	108252	0.311386	-0.0252998	0.0270053	-0.0477168
447	108996	0.296719	-0.0252998	0.0250323	-0.0477168
448	109740	0.304217	-0.0252998	0.0307212	-0.0477168
449	110484	0.300435	-0.0252998	0.026249	-0.0477168
450	111228	0.283664	-0.0252998	0.0229935	-0.0477168
451	111414	0.310991	-0.0252998	0.0272684	-0.0477168
452	110670	0.31566	-0.0252998	0.0225002	-0.0477168
453	109926	0.313687	-0.0252998	0.0167126	-0.0477168
454	109182	0.311353	-0.0252998	0.0203299	-0.0477168
455	108438	0.314871	-0.0252998	0.0408165	-0.0477168
456	107694	0.314674	-0.0252998	0.0261503	-0.0477168
457	106950	0.319541	-0.0252998	0.0302937	-0.0477168
458	106206	0.308558	-0.0252998	0.0298991	-0.0477168
459	105462	0.315924	-0.0252998	0.0307869	-0.0477168
460	104718	0.295141	-0.0252998	0.0249336	-0.0477168
461	103974	0.306256	-0.0252998	0.031609	-0.0477168
462	103230	0.310432	-0.0252998	0.0242102	-0.0477168
463	102486	0.303855	-0.0252998	0.0310829	-0.0477168
464	101742	0.301718	-0.0252998	0.033023	-0.0477168
465	100998	0.328978	-0.0252998	0.0374624	-0.0477168
466	100254	0.312997	-0.0252998	0.0285508	-0.0477168
467	99510	0.324835	-0.0252998	0.0277616	-0.0477168
468	98766	0.303987	-0.0252998	0.0301621	-0.0477168
469	98022	0.315496	-0.0252998	0.0362785	-0.0477168
470	97278	0.301882	-0.0252998	0.0319379	-0.0477168
471	96534	0.31007	-0.0252998	0.029636	-0.0477168
472	95790	0.295141	-0.0252998	0.0352263	-0.0477168
473	95046	0.324079	-0.0252998	0.0327928	-0.0477168
474	94302	0.318127	-0.0252998	0.0336478	-0.0477168
475	93558	0.3103	-0.0252998	0.0297675	-0.0477168
476	92814	0.312602	-0.0252998	0.0280905	-0.0477168
477	92070	0.313918	-0.0252998	0.035029	-0.0477168
478	91326	0.316483	-0.0252998	0.0302937	-0.0477168
479	90582	0.321218	-0.0252998	0.0331217	-0.0477168
480	89838	0.314214	-0.0252998	0.0309185	-0.0477168
481	89094	0.318949	-0.0252998	0.0268737	-0.0477168
482	88350	0.317239	-0.0252998	0.0327928	-0.0477168
483	87606	0.324605	-0.0252998	0.0362457	-0.0477168
484	86862	0.312997	-0.0252998	0.0320365	-0.0477168
485	86118	0.313819	-0.0252998	0.0255913	-0.0477168
486	85374	0.312734	-0.0252998	0.0277616	-0.0477168
487	84630	0.319705	-0.0252998	0.021711	-0.0477168
488	83886	0.311846	-0.0252998	0.0375281	-0.0477168
489	83142	0.311747	-0.0252998	0.0361799	-0.0477168
490	82398	0.316811	-0.0252998	0.0300635	-0.0477168
491	81654	0.320725	-0.0252998	0.0289783	-0.0477168
492	80910	0.305993	-0.0252998	0.0302279	-0.0477168
493	80166	0.314016	-0.0252998	0.0329573	-0.0477168
494	79422	0.309215	-0.0252998	0.0292085	-0.0477168
495	78678	0.30813	-0.0252998	0.0248021	-0.0477168
496	77934	0.314115	-0.0252998	0.029077	-0.0477168
497	77190	0.302573	-0.0252998	0.0317077	-0.0477168
498	76446	0.316614	-0.0252998	0.0242759	-0.0477168
499	75702	0.307604	-0.0252998	0.0301293	-0.0477168
500	74958	0.305894	-0.0252998	0.0277616	-0.0477168
501	74214	0.305006	-0.0252998	0.0260188	-0.0477168
502	73470	0.314773	-0.0252998	0.0247692	-0.0477168
503	72726	0.288038	-0.0252998	0.028222	-0.0477168
504	71982	0.304776	-0.0252998	0.0209218	-0.0477168
505	71238	0.304052	-0.0252998	0.0215794	-0.0477168
506	70494	0.292642	-0.0252998	0.0236511	-0.0477168
507	69750	0.279061	-0.0252998	0.0225331	-0.0477168
508	69006	0.290438	-0.0252998	0.0189816	-0.0477168
509	68262	0.296456	-0.0252998	0.0193433	-0.0477168
510	67518	0.293562	-0.0252998	0.0222042	-0.0477168
511	66774	0.285966	-0.0252998	0.0249336	-0.0477168
512	66030	0.283007	-0.0252998	0.0210533	-0.0477168
513	65286	0.274819	-0.0252998	0.0193433	-0.0477168
514	64542	0.289287	-0.0252998	0.0182253	-0.0477168
515	63798	0.286525	-0.0252998	0.0326284	-0.0477168
516	63054	0.30688	-0.0252998	0.031609	-0.0477168
517	62310	0.287216	-0.0252998	0.0288797	-0.0477168
518	61566	0.301257	-0.0252998	0.026249	-0.0477168
519	60822	0.280244	-0.0252998	0.0301293	-0.0477168
520	60078	0.307571	-0.0252998	0.0221385	-0.0477168
521	59334	0.303559	-0.0252998	0.0249665	-0.0477168
522	58590	0.28567	-0.0252998	0.0333519	-0.0477168
523	57846	0.301027	-0.0252998	0.0328257	-0.0477168
524	57102	0.282678	-0.0252998	0.0323982	-0.0477168
525	56358	0.302408	-0.0252998	0.03105	-0.0477168
526	55614	0.286657	-0.0252998	0.0329573	-0.0477168
527	54870	0.283566	-0.0252998	0.0339438	-0.0477168
528	54126	0.279981	-0.0252998	0.0302937	-0.0477168
529	53382	0.300304	-0.0252998	0.0271697	-0.0477168
530	52638	0.297607	-0.0252998	0.0292085	-0.0477168
531	51894	0.291951	-0.0252998	0.0367389	-0.0477168
532	51150	0.297673	-0.0252998	0.0325298	-0.0477168
533	50406	0.288959	-0.0252998	0.031905	-0.0477168
534	49662	0.293595	-0.0252998	0.0322009	-0.0477168
535	48918	0.304743	-0.0252998	0.0261503	-0.0477168
536	48174	0.290701	-0.0252998	0.0294716	-0.0477168
537	47430	0.301224	-0.0252998	0.0228948	-0.0477168
538	46686	0.290636	-0.0252998	0.0318721	-0.0477168
539	45942	0.304381	-0.0252998	0.0275314	-0.0477168
540	45198	0.303526	-0.0252998	0.0275314	-0.0477168
541	44454	0.304874	-0.0252998	0.0263147	-0.0477168
542	43710	0.290011	-0.0252998	0.0251309	-0.0477168
543	42966	0.285604	-0.0252998	0.0274985	-0.0477168
544	42222	0.281428	-0.0252998	0.0227304	-0.0477168
545	41478	0.285604	-0.0252998	0.0340424	-0.0477168
546	40734	0.298396	-0.0252998	0.0239471	-0.0477168
547	39990	0.290274	-0.0252998	0.0273012	-0.0477168
548	39246	0.281626	-0.0252998	0.0267093	-0.0477168
549	38502	0.299186	-0.0252998	0.0217767	-0.0477168
550	37758	0.270412	-0.0252998	0.0154959	-0.0477168
551	37014	0.286459	-0.0252998	0.0263147	-0.0477168
552	36270	0.287906	-0.0252998	0.0198366	-0.0477168
553	35526	0.289024	-0.0252998	0.035029	-0.0477168
554	34782	0.293628	-0.0252998	0.0230263	-0.0477168
555	34038	0.287347	-0.0252998	0.0210204	-0.0477168
556	33294	0.28179	-0.0252998	0.0208231	-0.0477168
557	32550	0.290669	-0.0252998	0.0225331	-0.0477168
558	31806	0.279652	-0.0252998	0.0267093	-0.0477168
559	31062	0.263704	-0.0252998	0.0197051	-0.0477168
560	30318	0.2908	-0.0252998	0.0240786	-0.0477168
561	29574	0.287216	-0.0252998	0.0331217	-0.0477168
562	28830	0.277942	-0.0252998	0.0245061	-0.0477168
563	28086	0.293003	-0.0252998	0.0176334	-0.0477168
564	27342	0.286624	-0.0252998	0.029932	-0.0477168
565	26598	0.294779	-0.0252998	0.0331875	-0.0477168
566	25854	0.291425	-0.0252998	0.0203956	-0.0477168
567	25110	0.286723	-0.0252998	0.0286166	-0.0477168
568	24366	0.294121	-0.0252998	0.0225002	-0.0477168
569	23622	0.290208	-0.0252998	0.0345028	-0.0477168
570	22878	0.296917	-0.0252998	0.0247692	-0.0477168
571	22134	0.284289	-0.0252998	0.0285179	-0.0477168
572	21390	0.262027	-0.0252998	0.0293729	-0.0477168
573	20646	0.277055	-0.0252998	0.0186857	-0.0477168
574	19902	0.274391	-0.0252998	0.021152	-0.0477168
575	19158	0.281165	-0.0252998	0.0311815	-0.0477168
576	18414	0.27814	-0.0252998	0.0277616	-0.0477168
577	17670	0.283796	-0.0252998	0.0240129	-0.0477168
578	16926	0.276496	-0.0252998	0.0309514	-0.0477168
579	16182	0.271826	-0.0252998	0.0208889	-0.0477168
580	15438	0.276265	-0.0252998	0.0273999	-0.0477168
581	14694	0.270182	-0.0252998	0.025657	-0.0477168
582	13950	0.265775	-0.0252998	0.0141148	-0.0477168
583	13206	0.253871	-0.0252998	0.026249	-0.0477168
584	12462	0.283434	-0.0252998	0.0167126	-0.0477168
585	11718	0.281132	-0.0252998	0.0339109	-0.0477168
586	10974	0.266334	-0.0252998	0.0296031	-0.0477168
587	10230	0.285999	-0.0252998	0.021711	-0.0477168
588	9486	0.275246	-0.0252998	0.0213493	-0.0477168
589	8742	0.275147	-0.0252998	0.0283535	-0.0477168
590	7998	0.273141	-0.0252998	0.0259201	-0.0477168
591	7254	0.269689	-0.0252998	0.0124377	-0.0477168
592	6510	0.26321	-0.0252998	0.0152329	-0.0477168
593	5766	0.252819	-0.0252998	0.0178307	-0.0477168
594	5022	0.271431	-0.0252998	0.0226975	-0.0477168
595	4278	0.269195	-0.0252998	0.0239142	-0.0477168
596	3534	0.260054	-0.0252998	0.0239471	-0.0477168
597	2790	0.275114	-0.0252998	0.0148054	-0.0477168
598	2046	0.263079	-0.0252998	0.0219741	-0.0477168
599	1302	0.269886	-0.0252998	0.0226975	-0.0477168
600	558	0.279948	-0.0256221	0.022829	-0.0474964
