# Filename	16_delay.txt
# Date	2016-09-23
# Title	DL-Pro & DL-100 Locked delay scan.
# DL-Pro	365856.7 GHz
# DL-100	365840.7 GHz
# Static	200 mV Pulsed
# MWOn	On
# MWf	15932.0 MHz
# Attn	44 dB
# FixedAttn	6 dB
# B2	B2 = T2 + 2.050 us
# HP214B	HP 214B FIP at 5.5 on 100V setting ; Applied to Top ; Mesh & Vin of MCP @ +25V ; Vout of MCP @ +2025 V
# Oven	32 A
# Boxcar	Gate = 200 ns ; Amp = 25x ; Sensitivity = 5 mV
# Offset	+/- 30 mV IR/Oven offset.
# Bias	Top: 0 V ; Bot: -0.422 V ; IR: +0.045 V ; Oven: -0.045 V ; Vis: -0.000 V ; MW: +0.000 V
# Passes	4
i, step, norm, nbackground, signal, sbackground
0	0	0.2054	-0.0241653	0.0325298	-0.0451123	
1	744	0.215792	-0.0241653	0.0387448	-0.0451123	
2	1488	0.21418	-0.0241653	0.0282549	-0.0451123	
3	2232	0.193661	-0.0241653	0.0351934	-0.0451123	
4	2976	0.201717	-0.0241653	0.0333848	-0.0451123	
5	3720	0.208853	-0.0241653	0.0371664	-0.0451123	
6	4464	0.202572	-0.0241653	0.0405206	-0.0451123	
7	5208	0.205039	-0.0241653	0.0359826	-0.0451123	
8	5952	0.217502	-0.0241653	0.0409152	-0.0451123	
9	6696	0.211089	-0.0241653	0.0431842	-0.0451123	
10	7440	0.208031	-0.0241653	0.0435459	-0.0451123	
11	8184	0.207571	-0.0241653	0.0422634	-0.0451123	
12	8928	0.209642	-0.0241653	0.0371006	-0.0451123	
13	9672	0.210596	-0.0241653	0.035292	-0.0451123	
14	10416	0.200402	-0.0241653	0.03812	-0.0451123	
15	11160	0.203395	-0.0241653	0.0377583	-0.0451123	
16	11904	0.217041	-0.0241653	0.030754	-0.0451123	
17	12648	0.205729	-0.0241653	0.0445653	-0.0451123	
18	13392	0.221086	-0.0241653	0.0349303	-0.0451123	
19	14136	0.211057	-0.0241653	0.0460122	-0.0451123	
20	14880	0.215989	-0.0241653	0.0467356	-0.0451123	
21	15624	0.216417	-0.0241653	0.0444666	-0.0451123	
22	16368	0.216548	-0.0241653	0.0397313	-0.0451123	
23	17112	0.219935	-0.0241653	0.0354893	-0.0451123	
24	17856	0.225328	-0.0241653	0.0389421	-0.0451123	
25	18600	0.219869	-0.0241653	0.0507474	-0.0451123	
26	19344	0.227696	-0.0241653	0.0524574	-0.0451123	
27	20088	0.21224	-0.0241653	0.0460451	-0.0451123	
28	20832	0.218982	-0.0241653	0.036443	-0.0451123	
29	21576	0.230721	-0.0241653	0.0439405	-0.0451123	
30	22320	0.207702	-0.0241653	0.0475248	-0.0451123	
31	23064	0.213654	-0.0241653	0.0450914	-0.0451123	
32	23808	0.219146	-0.0241653	0.0448283	-0.0451123	
33	24552	0.209149	-0.0241653	0.0494321	-0.0451123	
34	25296	0.220297	-0.0241653	0.0354564	-0.0451123	
35	26040	0.230063	-0.0241653	0.0398958	-0.0451123	
36	26784	0.219475	-0.0241653	0.0423621	-0.0451123	
37	27528	0.219573	-0.0241653	0.0355551	-0.0451123	
38	28272	0.208031	-0.0241653	0.0426251	-0.0451123	
39	29016	0.222336	-0.0241653	0.0436774	-0.0451123	
40	29760	0.229472	-0.0241653	0.0438418	-0.0451123	
41	30504	0.224342	-0.0241653	0.0455518	-0.0451123	
42	31248	0.218488	-0.0241653	0.043217	-0.0451123	
43	31992	0.227762	-0.0241653	0.0377254	-0.0451123	
44	32736	0.206453	-0.0241653	0.0359497	-0.0451123	
45	33480	0.20175	-0.0241653	0.0469658	-0.0451123	
46	34224	0.218653	-0.0241653	0.0394683	-0.0451123	
47	34968	0.208393	-0.0241653	0.0363114	-0.0451123	
48	35712	0.217962	-0.0241653	0.0433157	-0.0451123	
49	36456	0.221777	-0.0241653	0.0425265	-0.0451123	
50	37200	0.232036	-0.0241653	0.0404877	-0.0451123	
51	37944	0.193825	-0.0241653	0.0404877	-0.0451123	
52	38688	0.224046	-0.0241653	0.0402246	-0.0451123	
53	39432	0.212372	-0.0241653	0.0450914	-0.0451123	
54	40176	0.204315	-0.0241653	0.037002	-0.0451123	
55	40920	0.208853	-0.0241653	0.0385146	-0.0451123	
56	41664	0.206617	-0.0241653	0.0447297	-0.0451123	
57	42408	0.221645	-0.0241653	0.0385146	-0.0451123	
58	43152	0.19981	-0.0241653	0.0376597	-0.0451123	
59	43896	0.211517	-0.0241653	0.0386791	-0.0451123	
60	44640	0.208919	-0.0241653	0.0447626	-0.0451123	
61	45384	0.210037	-0.0241653	0.0348974	-0.0451123	
62	46128	0.210234	-0.0241653	0.0421976	-0.0451123	
63	46872	0.210103	-0.0241653	0.0402246	-0.0451123	
64	47616	0.213852	-0.0241653	0.0398958	-0.0451123	
65	48360	0.217272	-0.0241653	0.0462424	-0.0451123	
66	49104	0.186459	-0.0241653	0.037561	-0.0451123	
67	49848	0.202408	-0.0241653	0.0363443	-0.0451123	
68	50592	0.208196	-0.0241653	0.0467027	-0.0451123	
69	51336	0.212043	-0.0241653	0.0457162	-0.0451123	
70	52080	0.210366	-0.0241653	0.0382187	-0.0451123	
71	52824	0.21178	-0.0241653	0.0412769	-0.0451123	
72	53568	0.198922	-0.0241653	0.03812	-0.0451123	
73	54312	0.195174	-0.0241653	0.0400273	-0.0451123	
74	55056	0.211287	-0.0241653	0.0420661	-0.0451123	
75	55800	0.204052	-0.0241653	0.03983	-0.0451123	
76	56544	0.219113	-0.0241653	0.0444995	-0.0451123	
77	57288	0.21714	-0.0241653	0.0348974	-0.0451123	
78	58032	0.206255	-0.0241653	0.0488073	-0.0451123	
79	58776	0.21201	-0.0241653	0.0346015	-0.0451123	
80	59520	0.209873	-0.0241653	0.0325955	-0.0451123	
81	60264	0.201553	-0.0241653	0.0390408	-0.0451123	
82	61008	0.199547	-0.0241653	0.0433157	-0.0451123	
83	61752	0.221218	-0.0241653	0.0419346	-0.0451123	
84	62496	0.196686	-0.0241653	0.0367389	-0.0451123	
85	63240	0.20448	-0.0241653	0.0386462	-0.0451123	
86	63984	0.205137	-0.0241653	0.0331217	-0.0451123	
87	64728	0.204874	-0.0241653	0.0462424	-0.0451123	
88	65472	0.210563	-0.0241653	0.0346672	-0.0451123	
89	66216	0.197048	-0.0241653	0.0356537	-0.0451123	
90	66960	0.204184	-0.0241653	0.0332203	-0.0451123	
91	67704	0.201717	-0.0241653	0.0457162	-0.0451123	
92	68448	0.204743	-0.0241653	0.0372322	-0.0451123	
93	69192	0.192839	-0.0241653	0.0357195	-0.0451123	
94	69936	0.193398	-0.0241653	0.0341082	-0.0451123	
95	70680	0.191819	-0.0241653	0.0343713	-0.0451123	
96	71424	0.199679	-0.0241653	0.0460451	-0.0451123	
97	72168	0.198396	-0.0241653	0.0377912	-0.0451123	
98	72912	0.205236	-0.0241653	0.0320036	-0.0451123	
99	73656	0.192543	-0.0241653	0.0319379	-0.0451123	
100	74400	0.187413	-0.0241653	0.028781	-0.0451123	
101	75144	0.200205	-0.0241653	0.0472946	-0.0451123	
102	75888	0.202309	-0.0241653	0.0405863	-0.0451123	
103	76632	0.183829	-0.0241653	0.0429211	-0.0451123	
104	77376	0.208722	-0.0241653	0.0308198	-0.0451123	
105	78120	0.188794	-0.0241653	0.0397313	-0.0451123	
106	78864	0.192937	-0.0241653	0.0383831	-0.0451123	
107	79608	0.197179	-0.0241653	0.0459135	-0.0451123	
108	80352	0.202605	-0.0241653	0.0421648	-0.0451123	
109	81096	0.200698	-0.0241653	0.0381529	-0.0451123	
110	81840	0.195535	-0.0241653	0.0343384	-0.0451123	
111	82584	0.205006	-0.0241653	0.0425265	-0.0451123	
112	83328	0.202671	-0.0241653	0.0443351	-0.0451123	
113	84072	0.197212	-0.0241653	0.0384818	-0.0451123	
114	84816	0.192148	-0.0241653	0.0331875	-0.0451123	
115	85560	0.195733	-0.0241653	0.0335492	-0.0451123	
116	86304	0.205959	-0.0241653	0.0378241	-0.0451123	
117	87048	0.186394	-0.0241653	0.0412111	-0.0451123	
118	87792	0.203395	-0.0241653	0.0437432	-0.0451123	
119	88536	0.179619	-0.0241653	0.0328586	-0.0451123	
120	89280	0.195009	-0.0241653	0.0413755	-0.0451123	
121	90024	0.198922	-0.0241653	0.0348974	-0.0451123	
122	90768	0.204052	-0.0241653	0.0395012	-0.0451123	
123	91512	0.18784	-0.0241653	0.0393696	-0.0451123	
124	92256	0.201487	-0.0241653	0.0386791	-0.0451123	
125	93000	0.190274	-0.0241653	0.0384489	-0.0451123	
126	93744	0.201882	-0.0241653	0.0456176	-0.0451123	
127	94488	0.209149	-0.0241653	0.0460122	-0.0451123	
128	95232	0.204414	-0.0241653	0.045782	-0.0451123	
129	95976	0.197377	-0.0241653	0.049728	-0.0451123	
130	96720	0.207242	-0.0241653	0.0335821	-0.0451123	
131	97464	0.195272	-0.0241653	0.0405863	-0.0451123	
132	98208	0.211221	-0.0241653	0.0348645	-0.0451123	
133	98952	0.20688	-0.0241653	0.0421319	-0.0451123	
134	99696	0.199909	-0.0241653	0.0368047	-0.0451123	
135	100440	0.202704	-0.0241653	0.0393039	-0.0451123	
136	101184	0.211155	-0.0241653	0.0458149	-0.0451123	
137	101928	0.200205	-0.0241653	0.0448283	-0.0451123	
138	102672	0.208031	-0.0241653	0.0397313	-0.0451123	
139	103416	0.212865	-0.0241653	0.0480839	-0.0451123	
140	104160	0.190701	-0.0241653	0.0393039	-0.0451123	
141	104904	0.186953	-0.0241653	0.0332532	-0.0451123	
142	105648	0.201389	-0.0241653	0.0332203	-0.0451123	
143	106392	0.202836	-0.0241653	0.0333519	-0.0451123	
144	107136	0.204052	-0.0241653	0.035588	-0.0451123	
145	107880	0.207143	-0.0241653	0.0433815	-0.0451123	
146	108624	0.199153	-0.0241653	0.0417373	-0.0451123	
147	109368	0.207209	-0.0241653	0.0372979	-0.0451123	
148	110112	0.190833	-0.0241653	0.0317734	-0.0451123	
149	110856	0.197245	-0.0241653	0.0471302	-0.0451123	
150	111600	0.188597	-0.0241653	0.0486429	-0.0451123	
151	111042	0.205795	-0.0241653	0.0358182	-0.0451123	
152	110298	0.211057	-0.0241653	0.0351605	-0.0451123	
153	109554	0.210169	-0.0241653	0.0463081	-0.0451123	
154	108810	0.22056	-0.0241653	0.0432499	-0.0451123	
155	108066	0.213424	-0.0241653	0.037857	-0.0451123	
156	107322	0.208755	-0.0241653	0.0321023	-0.0451123	
157	106578	0.208788	-0.0241653	0.0401917	-0.0451123	
158	105834	0.215463	-0.0241653	0.0395998	-0.0451123	
159	105090	0.207143	-0.0241653	0.0528849	-0.0451123	
160	104346	0.210728	-0.0241653	0.0433486	-0.0451123	
161	103602	0.207505	-0.0241653	0.0462752	-0.0451123	
162	102858	0.214312	-0.0241653	0.0438418	-0.0451123	
163	102114	0.226545	-0.0241653	0.0500569	-0.0451123	
164	101370	0.220889	-0.0241653	0.0526876	-0.0451123	
165	100626	0.21349	-0.0241653	0.0465712	-0.0451123	
166	99882	0.209379	-0.0241653	0.0474919	-0.0451123	
167	99138	0.223092	-0.0241653	0.0454531	-0.0451123	
168	98394	0.21691	-0.0241653	0.0423621	-0.0451123	
169	97650	0.220132	-0.0241653	0.0371006	-0.0451123	
170	96906	0.226611	-0.0241653	0.0423292	-0.0451123	
171	96162	0.215693	-0.0241653	0.0462095	-0.0451123	
172	95418	0.208853	-0.0241653	0.0401917	-0.0451123	
173	94674	0.213819	-0.0241653	0.0362457	-0.0451123	
174	93930	0.213161	-0.0241653	0.0452887	-0.0451123	
175	93186	0.213128	-0.0241653	0.0424607	-0.0451123	
176	92442	0.223618	-0.0241653	0.0478537	-0.0451123	
177	91698	0.220396	-0.0241653	0.0331546	-0.0451123	
178	90954	0.209708	-0.0241653	0.0506488	-0.0451123	
179	90210	0.22398	-0.0241653	0.0437103	-0.0451123	
180	89466	0.209544	-0.0241653	0.0365416	-0.0451123	
181	88722	0.20984	-0.0241653	0.0460779	-0.0451123	
182	87978	0.223914	-0.0241653	0.049728	-0.0451123	
183	87234	0.221908	-0.0241653	0.0390737	-0.0451123	
184	86490	0.223848	-0.0241653	0.0441378	-0.0451123	
185	85746	0.219902	-0.0241653	0.0419017	-0.0451123	
186	85002	0.214805	-0.0241653	0.0467027	-0.0451123	
187	84258	0.217041	-0.0241653	0.0420661	-0.0451123	
188	83514	0.208031	-0.0241653	0.0332861	-0.0451123	
189	82770	0.220198	-0.0241653	0.037002	-0.0451123	
190	82026	0.231116	-0.0241653	0.0361799	-0.0451123	
191	81282	0.215562	-0.0241653	0.0463081	-0.0451123	
192	80538	0.218587	-0.0241653	0.0376925	-0.0451123	
193	79794	0.223684	-0.0241653	0.0371335	-0.0451123	
194	79050	0.216844	-0.0241653	0.0433157	-0.0451123	
195	78306	0.217995	-0.0241653	0.0392381	-0.0451123	
196	77562	0.209083	-0.0241653	0.0451901	-0.0451123	
197	76818	0.218192	-0.0241653	0.0347988	-0.0451123	
198	76074	0.226874	-0.0241653	0.0330888	-0.0451123	
199	75330	0.221612	-0.0241653	0.0354236	-0.0451123	
200	74586	0.226052	-0.0241653	0.0422963	-0.0451123	
201	73842	0.218784	-0.0241653	0.0464725	-0.0451123	
202	73098	0.223783	-0.0241653	0.0354893	-0.0451123	
203	72354	0.217403	-0.0241653	0.038416	-0.0451123	
204	71610	0.22273	-0.0241653	0.0365087	-0.0451123	
205	70866	0.231379	-0.0241653	0.0483469	-0.0451123	
206	70122	0.218258	-0.0241653	0.0484456	-0.0451123	
207	69378	0.22398	-0.0241653	0.0390408	-0.0451123	
208	68634	0.230918	-0.0241653	0.0556471	-0.0451123	
209	67890	0.227498	-0.0241653	0.0444337	-0.0451123	
210	67146	0.228058	-0.0241653	0.0470645	-0.0451123	
211	66402	0.223881	-0.0241653	0.0447297	-0.0451123	
212	65658	0.228781	-0.0241653	0.0459793	-0.0451123	
213	64914	0.236607	-0.0241653	0.0509776	-0.0451123	
214	64170	0.216482	-0.0241653	0.0496952	-0.0451123	
215	63426	0.23424	-0.0241653	0.0417701	-0.0451123	
216	62682	0.242428	-0.0241653	0.0488731	-0.0451123	
217	61938	0.228123	-0.0241653	0.0474591	-0.0451123	
218	61194	0.237824	-0.0241653	0.0390079	-0.0451123	
219	60450	0.224703	-0.0241653	0.0445653	-0.0451123	
220	59706	0.230096	-0.0241653	0.0457162	-0.0451123	
221	58962	0.245059	-0.0241653	0.0429869	-0.0451123	
222	58218	0.227827	-0.0241653	0.0395669	-0.0451123	
223	57474	0.231938	-0.0241653	0.0521615	-0.0451123	
224	56730	0.241343	-0.0241653	0.0457162	-0.0451123	
225	55986	0.233286	-0.0241653	0.0422963	-0.0451123	
226	55242	0.227564	-0.0241653	0.0524245	-0.0451123	
227	54498	0.236213	-0.0241653	0.0501884	-0.0451123	
228	53754	0.231477	-0.0241653	0.0462752	-0.0451123	
229	53010	0.23105	-0.0241653	0.0455518	-0.0451123	
230	52266	0.220231	-0.0241653	0.0425265	-0.0451123	
231	51522	0.20984	-0.0241653	0.0396985	-0.0451123	
232	50778	0.224506	-0.0241653	0.0450257	-0.0451123	
233	50034	0.237068	-0.0241653	0.0450585	-0.0451123	
234	49290	0.229011	-0.0241653	0.0488402	-0.0451123	
235	48546	0.210234	-0.0241653	0.0539372	-0.0451123	
236	47802	0.225558	-0.0241653	0.0346015	-0.0451123	
237	47058	0.236246	-0.0241653	0.0456504	-0.0451123	
238	46314	0.228123	-0.0241653	0.0482812	-0.0451123	
239	45570	0.232628	-0.0241653	0.0460779	-0.0451123	
240	44826	0.220922	-0.0241653	0.0404877	-0.0451123	
241	44082	0.225723	-0.0241653	0.0469658	-0.0451123	
242	43338	0.216976	-0.0241653	0.0453216	-0.0451123	
243	42594	0.231346	-0.0241653	0.0507474	-0.0451123	
244	41850	0.222073	-0.0241653	0.0458149	-0.0451123	
245	41106	0.207834	-0.0241653	0.0446639	-0.0451123	
246	40362	0.22763	-0.0241653	0.0468343	-0.0451123	
247	39618	0.22957	-0.0241653	0.0532137	-0.0451123	
248	38874	0.232595	-0.0241653	0.0422305	-0.0451123	
249	38130	0.228321	-0.0241653	0.0434472	-0.0451123	
250	37386	0.219804	-0.0241653	0.0472618	-0.0451123	
251	36642	0.229537	-0.0241653	0.0523259	-0.0451123	
252	35898	0.229274	-0.0241653	0.0408165	-0.0451123	
253	35154	0.214805	-0.0241653	0.0444995	-0.0451123	
254	34410	0.236772	-0.0241653	0.0424936	-0.0451123	
255	33666	0.229702	-0.0241653	0.0501884	-0.0451123	
256	32922	0.213391	-0.0241653	0.0499911	-0.0451123	
257	32178	0.227992	-0.0241653	0.0331875	-0.0451123	
258	31434	0.229011	-0.0241653	0.053707	-0.0451123	
259	30690	0.239041	-0.0241653	0.0544962	-0.0451123	
260	29946	0.22717	-0.0241653	0.0444995	-0.0451123	
261	29202	0.216811	-0.0241653	0.0489717	-0.0451123	
262	28458	0.214674	-0.0241653	0.0416715	-0.0451123	
263	27714	0.229439	-0.0241653	0.0426251	-0.0451123	
264	26970	0.207768	-0.0241653	0.0432499	-0.0451123	
265	26226	0.226084	-0.0241653	0.0347988	-0.0451123	
266	25482	0.219771	-0.0241653	0.0367389	-0.0451123	
267	24738	0.227104	-0.0241653	0.0411782	-0.0451123	
268	23994	0.219606	-0.0241653	0.0502213	-0.0451123	
269	23250	0.221711	-0.0241653	0.041244	-0.0451123	
270	22506	0.22786	-0.0241653	0.0405206	-0.0451123	
271	21762	0.221185	-0.0241653	0.0446639	-0.0451123	
272	21018	0.212701	-0.0241653	0.0391066	-0.0451123	
273	20274	0.222467	-0.0241653	0.0352591	-0.0451123	
274	19530	0.223092	-0.0241653	0.0385146	-0.0451123	
275	18786	0.210695	-0.0241653	0.0428553	-0.0451123	
276	18042	0.221448	-0.0241653	0.0419017	-0.0451123	
277	17298	0.216943	-0.0241653	0.0393696	-0.0451123	
278	16554	0.215956	-0.0241653	0.0450914	-0.0451123	
279	15810	0.205039	-0.0241653	0.0333848	-0.0451123	
280	15066	0.210037	-0.0241653	0.0372651	-0.0451123	
281	14322	0.203263	-0.0241653	0.0399944	-0.0451123	
282	13578	0.22079	-0.0241653	0.0473275	-0.0451123	
283	12834	0.215594	-0.0241653	0.0376925	-0.0451123	
284	12090	0.212306	-0.0241653	0.0383831	-0.0451123	
285	11346	0.202901	-0.0241653	0.0377254	-0.0451123	
286	10602	0.207637	-0.0241653	0.0315433	-0.0451123	
287	9858	0.220757	-0.0241653	0.0472289	-0.0451123	
288	9114	0.2103	-0.0241653	0.0319708	-0.0451123	
289	8370	0.215825	-0.0241653	0.0467027	-0.0451123	
290	7626	0.202572	-0.0241653	0.0418688	-0.0451123	
291	6882	0.198034	-0.0241653	0.0490375	-0.0451123	
292	6138	0.215463	-0.0241653	0.0392381	-0.0451123	
293	5394	0.211681	-0.0241653	0.034437	-0.0451123	
294	4650	0.225789	-0.0241653	0.0385804	-0.0451123	
295	3906	0.212043	-0.0241653	0.032464	-0.0451123	
296	3162	0.208294	-0.0241653	0.034733	-0.0451123	
297	2418	0.211747	-0.0241653	0.0387448	-0.0451123	
298	1674	0.20323	-0.0241653	0.039534	-0.0451123	
299	930	0.225624	-0.0241653	0.0265778	-0.0451123	
300	186	0.215562	-0.0241653	0.0422963	-0.0451123	
301	372	0.198758	-0.0241653	0.03812	-0.0451123	
302	1116	0.2079	-0.0241653	0.0351605	-0.0451123	
303	1860	0.220428	-0.0241653	0.0322338	-0.0451123	
304	2604	0.206551	-0.0241653	0.0350947	-0.0451123	
305	3348	0.197377	-0.0241653	0.0379556	-0.0451123	
306	4092	0.195963	-0.0241653	0.0386791	-0.0451123	
307	4836	0.200797	-0.0241653	0.0295702	-0.0451123	
308	5580	0.199185	-0.0241653	0.041244	-0.0451123	
309	6324	0.205236	-0.0241653	0.0373637	-0.0451123	
310	7068	0.200599	-0.0241653	0.0272026	-0.0451123	
311	7812	0.213556	-0.0241653	0.0439076	-0.0451123	
312	8556	0.209971	-0.0241653	0.0452887	-0.0451123	
313	9300	0.225164	-0.0241653	0.0475906	-0.0451123	
314	10044	0.220428	-0.0241653	0.0339109	-0.0451123	
315	10788	0.206255	-0.0241653	0.0434801	-0.0451123	
316	11532	0.214049	-0.0241653	0.0361799	-0.0451123	
317	12276	0.203164	-0.0241653	0.0393367	-0.0451123	
318	13020	0.219869	-0.0241653	0.0390408	-0.0451123	
319	13764	0.204414	-0.0241653	0.036706	-0.0451123	
320	14508	0.199284	-0.0241653	0.0368376	-0.0451123	
321	15252	0.217732	-0.0241653	0.0355222	-0.0451123	
322	15996	0.217436	-0.0241653	0.0383831	-0.0451123	
323	16740	0.211747	-0.0241653	0.0274328	-0.0451123	
324	17484	0.218061	-0.0241653	0.0297346	-0.0451123	
325	18228	0.225657	-0.0241653	0.0360484	-0.0451123	
326	18972	0.206453	-0.0241653	0.0397642	-0.0451123	
327	19716	0.215233	-0.0241653	0.0347001	-0.0451123	
328	20460	0.21349	-0.0241653	0.0357853	-0.0451123	
329	21204	0.215759	-0.0241653	0.0475577	-0.0451123	
330	21948	0.206519	-0.0241653	0.0487415	-0.0451123	
331	22692	0.214411	-0.0241653	0.0402904	-0.0451123	
332	23436	0.21349	-0.0241653	0.03812	-0.0451123	
333	24180	0.21497	-0.0241653	0.0479194	-0.0451123	
334	24924	0.210202	-0.0241653	0.0300635	-0.0451123	
335	25668	0.207669	-0.0241653	0.0408165	-0.0451123	
336	26412	0.200534	-0.0241653	0.0432499	-0.0451123	
337	27156	0.198955	-0.0241653	0.0356866	-0.0451123	
338	27900	0.222369	-0.0241653	0.0381529	-0.0451123	
339	28644	0.211484	-0.0241653	0.0515695	-0.0451123	
340	29388	0.230031	-0.0241653	0.047755	-0.0451123	
341	30132	0.23276	-0.0241653	0.0464068	-0.0451123	
342	30876	0.207374	-0.0241653	0.0423292	-0.0451123	
343	31620	0.216844	-0.0241653	0.0416386	-0.0451123	
344	32364	0.22421	-0.0241653	0.0468343	-0.0451123	
345	33108	0.230425	-0.0241653	0.0383173	-0.0451123	
346	33852	0.22444	-0.0241653	0.0469658	-0.0451123	
347	34596	0.21931	-0.0241653	0.0413755	-0.0451123	
348	35340	0.212142	-0.0241653	0.0420003	-0.0451123	
349	36084	0.214707	-0.0241653	0.0383173	-0.0451123	
350	36828	0.213457	-0.0241653	0.0380543	-0.0451123	
351	37572	0.231149	-0.0241653	0.046341	-0.0451123	
352	38316	0.212832	-0.0241653	0.0388435	-0.0451123	
353	39060	0.2323	-0.0241653	0.0539043	-0.0451123	
354	39804	0.229439	-0.0241653	0.0434801	-0.0451123	
355	40548	0.224901	-0.0241653	0.0436445	-0.0451123	
356	41292	0.218751	-0.0241653	0.044368	-0.0451123	
357	42036	0.228321	-0.0241653	0.0404548	-0.0451123	
358	42780	0.219212	-0.0241653	0.04154	-0.0451123	
359	43524	0.20642	-0.0241653	0.0405863	-0.0451123	
360	44268	0.222533	-0.0241653	0.0471302	-0.0451123	
361	45012	0.218094	-0.0241653	0.0387777	-0.0451123	
362	45756	0.220987	-0.0241653	0.0442036	-0.0451123	
363	46500	0.223059	-0.0241653	0.0437761	-0.0451123	
364	47244	0.228189	-0.0241653	0.0436116	-0.0451123	
365	47988	0.218324	-0.0241653	0.0441378	-0.0451123	
366	48732	0.219343	-0.0241653	0.0467356	-0.0451123	
367	49476	0.218751	-0.0241653	0.0438418	-0.0451123	
368	50220	0.218883	-0.0241653	0.0446968	-0.0451123	
369	50964	0.234996	-0.0241653	0.0432499	-0.0451123	
370	51708	0.221645	-0.0241653	0.0444009	-0.0451123	
371	52452	0.228649	-0.0241653	0.0419017	-0.0451123	
372	53196	0.222533	-0.0241653	0.042099	-0.0451123	
373	53940	0.221382	-0.0241653	0.0510105	-0.0451123	
374	54684	0.22957	-0.0241653	0.0492348	-0.0451123	
375	55428	0.233319	-0.0241653	0.0415728	-0.0451123	
376	56172	0.245552	-0.0241653	0.0412769	-0.0451123	
377	56916	0.237725	-0.0241653	0.0417373	-0.0451123	
378	57660	0.229406	-0.0241653	0.048051	-0.0451123	
379	58404	0.235095	-0.0241653	0.0545291	-0.0451123	
380	59148	0.241671	-0.0241653	0.0492677	-0.0451123	
381	59892	0.230261	-0.0241653	0.0441049	-0.0451123	
382	60636	0.228978	-0.0241653	0.0553183	-0.0451123	
383	61380	0.24519	-0.0241653	0.0449928	-0.0451123	
384	62124	0.247229	-0.0241653	0.0547264	-0.0451123	
385	62868	0.23618	-0.0241653	0.0504186	-0.0451123	
386	63612	0.241376	-0.0241653	0.0457491	-0.0451123	
387	64356	0.24519	-0.0241653	0.0518326	-0.0451123	
388	65100	0.238909	-0.0241653	0.0429869	-0.0451123	
389	65844	0.223256	-0.0241653	0.044368	-0.0451123	
390	66588	0.228518	-0.0241653	0.0320365	-0.0451123	
391	67332	0.235489	-0.0241653	0.0452887	-0.0451123	
392	68076	0.244335	-0.0241653	0.0532466	-0.0451123	
393	68820	0.230327	-0.0241653	0.0453216	-0.0451123	
394	69564	0.229603	-0.0241653	0.0469329	-0.0451123	
395	70308	0.224243	-0.0241653	0.0398629	-0.0451123	
396	71052	0.223552	-0.0241653	0.0487415	-0.0451123	
397	71796	0.221546	-0.0241653	0.0490375	-0.0451123	
398	72540	0.226446	-0.0241653	0.0450914	-0.0451123	
399	73284	0.231675	-0.0241653	0.0359497	-0.0451123	
400	74028	0.213227	-0.0241653	0.0361141	-0.0451123	
401	74772	0.202934	-0.0241653	0.0367718	-0.0451123	
402	75516	0.200402	-0.0241653	0.0382845	-0.0451123	
403	76260	0.188761	-0.0241653	0.0365087	-0.0451123	
404	77004	0.193661	-0.0241653	0.0375939	-0.0451123	
405	77748	0.200567	-0.0241653	0.0376925	-0.0451123	
406	78492	0.209544	-0.0241653	0.0397642	-0.0451123	
407	79236	0.210925	-0.0241653	0.0438747	-0.0451123	
408	79980	0.210103	-0.0241653	0.0432828	-0.0451123	
409	80724	0.206321	-0.0241653	0.0392381	-0.0451123	
410	81468	0.214476	-0.0241653	0.0501884	-0.0451123	
411	82212	0.206519	-0.0241653	0.0403233	-0.0451123	
412	82956	0.211681	-0.0241653	0.0419346	-0.0451123	
413	83700	0.219541	-0.0241653	0.0437432	-0.0451123	
414	84444	0.221744	-0.0241653	0.0550224	-0.0451123	
415	85188	0.231971	-0.0241653	0.0491033	-0.0451123	
416	85932	0.206486	-0.0241653	0.0443022	-0.0451123	
417	86676	0.227334	-0.0241653	0.0478208	-0.0451123	
418	87420	0.228123	-0.0241653	0.0493992	-0.0451123	
419	88164	0.212043	-0.0241653	0.0558116	-0.0451123	
420	88908	0.229998	-0.0241653	0.0567981	-0.0451123	
421	89652	0.225164	-0.0241653	0.0470973	-0.0451123	
422	90396	0.220132	-0.0241653	0.0437761	-0.0451123	
423	91140	0.243085	-0.0241653	0.0462424	-0.0451123	
424	91884	0.234601	-0.0241653	0.0476892	-0.0451123	
425	92628	0.231872	-0.0241653	0.045223	-0.0451123	
426	93372	0.226446	-0.0241653	0.0444995	-0.0451123	
427	94116	0.237462	-0.0241653	0.0489388	-0.0451123	
428	94860	0.20665	-0.0241653	0.0520628	-0.0451123	
429	95604	0.214279	-0.0241653	0.0513394	-0.0451123	
430	96348	0.234766	-0.0241653	0.0461766	-0.0451123	
431	97092	0.231412	-0.0241653	0.0435788	-0.0451123	
432	97836	0.236903	-0.0241653	0.0463081	-0.0451123	
433	98580	0.221579	-0.0241653	0.0445982	-0.0451123	
434	99324	0.232563	-0.0241653	0.0440063	-0.0451123	
435	100068	0.214411	-0.0241653	0.0370349	-0.0451123	
436	100812	0.223454	-0.0241653	0.0510105	-0.0451123	
437	101556	0.215364	-0.0241653	0.0398958	-0.0451123	
438	102300	0.219639	-0.0241653	0.0460779	-0.0451123	
439	103044	0.2274	-0.0241653	0.055976	-0.0451123	
440	103788	0.220067	-0.0241653	0.0560089	-0.0451123	
441	104532	0.224769	-0.0241653	0.0367389	-0.0451123	
442	105276	0.228945	-0.0241653	0.0453216	-0.0451123	
443	106020	0.21908	-0.0241653	0.0458477	-0.0451123	
444	106764	0.206946	-0.0241653	0.0524245	-0.0451123	
445	107508	0.210563	-0.0241653	0.0541674	-0.0451123	
446	108252	0.220363	-0.0241653	0.0501555	-0.0451123	
447	108996	0.23812	-0.0241653	0.0566994	-0.0451123	
448	109740	0.244335	-0.0241653	0.0456504	-0.0451123	
449	110484	0.216943	-0.0241653	0.0454203	-0.0451123	
450	111228	0.216647	-0.0241653	0.0519313	-0.0451123	
451	111414	0.214411	-0.0241653	0.0599549	-0.0451123	
452	110670	0.215068	-0.0241653	0.0542989	-0.0451123	
453	109926	0.221612	-0.0241653	0.0563377	-0.0451123	
454	109182	0.227433	-0.0241653	0.0508132	-0.0451123	
455	108438	0.233944	-0.0241653	0.0546935	-0.0451123	
456	107694	0.232957	-0.0241653	0.0526876	-0.0451123	
457	106950	0.22273	-0.0241653	0.0533453	-0.0451123	
458	106206	0.21737	-0.0241653	0.0554827	-0.0451123	
459	105462	0.229537	-0.0241653	0.0405534	-0.0451123	
460	104718	0.233845	-0.0241653	0.0571927	-0.0451123	
461	103974	0.221316	-0.0241653	0.0431513	-0.0451123	
462	103230	0.222336	-0.0241653	0.0507146	-0.0451123	
463	102486	0.218587	-0.0241653	0.0403233	-0.0451123	
464	101742	0.214148	-0.0241653	0.0460779	-0.0451123	
465	100998	0.20642	-0.0241653	0.0447626	-0.0451123	
466	100254	0.207571	-0.0241653	0.0459793	-0.0451123	
467	99510	0.212306	-0.0241653	0.0450914	-0.0451123	
468	98766	0.205269	-0.0241653	0.0479523	-0.0451123	
469	98022	0.217896	-0.0241653	0.0445653	-0.0451123	
470	97278	0.230622	-0.0241653	0.0406192	-0.0451123	
471	96534	0.236278	-0.0241653	0.0392052	-0.0451123	
472	95790	0.207571	-0.0241653	0.0344699	-0.0451123	
473	95046	0.230063	-0.0241653	0.0499254	-0.0451123	
474	94302	0.220231	-0.0241653	0.0510105	-0.0451123	
475	93558	0.222665	-0.0241653	0.053148	-0.0451123	
476	92814	0.212207	-0.0241653	0.0458477	-0.0451123	
477	92070	0.222895	-0.0241653	0.0499911	-0.0451123	
478	91326	0.221349	-0.0241653	0.0508461	-0.0451123	
479	90582	0.22421	-0.0241653	0.05032	-0.0451123	
480	89838	0.220461	-0.0241653	0.0473275	-0.0451123	
481	89094	0.212964	-0.0241653	0.040685	-0.0451123	
482	88350	0.224934	-0.0241653	0.0404219	-0.0451123	
483	87606	0.207998	-0.0241653	0.0444995	-0.0451123	
484	86862	0.218225	-0.0241653	0.0428882	-0.0451123	
485	86118	0.210596	-0.0241653	0.0341082	-0.0451123	
486	85374	0.21326	-0.0241653	0.0507146	-0.0451123	
487	84630	0.209544	-0.0241653	0.0431513	-0.0451123	
488	83886	0.209675	-0.0241653	0.0480839	-0.0451123	
489	83142	0.203263	-0.0241653	0.0380543	-0.0451123	
490	82398	0.219047	-0.0241653	0.0465712	-0.0451123	
491	81654	0.217107	-0.0241653	0.0497609	-0.0451123	
492	80910	0.229077	-0.0241653	0.0403233	-0.0451123	
493	80166	0.223355	-0.0241653	0.058245	-0.0451123	
494	79422	0.201487	-0.0241653	0.0406521	-0.0451123	
495	78678	0.216614	-0.0241653	0.0393367	-0.0451123	
496	77934	0.217863	-0.0241653	0.0431184	-0.0451123	
497	77190	0.197936	-0.0241653	0.0464725	-0.0451123	
498	76446	0.193135	-0.0241653	0.0400273	-0.0451123	
499	75702	0.211813	-0.0241653	0.0465383	-0.0451123	
500	74958	0.202901	-0.0241653	0.0366074	-0.0451123	
501	74214	0.218127	-0.0241653	0.0524903	-0.0451123	
502	73470	0.205335	-0.0241653	0.0445982	-0.0451123	
503	72726	0.204348	-0.0241653	0.0456833	-0.0451123	
504	71982	0.208327	-0.0241653	0.0373966	-0.0451123	
505	71238	0.196029	-0.0241653	0.0353249	-0.0451123	
506	70494	0.203789	-0.0241653	0.0415728	-0.0451123	
507	69750	0.178863	-0.0241653	0.0412111	-0.0451123	
508	69006	0.216811	-0.0241653	0.0391066	-0.0451123	
509	68262	0.213589	-0.0241653	0.038975	-0.0451123	
510	67518	0.209807	-0.0241653	0.0311158	-0.0451123	
511	66774	0.200534	-0.0241653	0.0353578	-0.0451123	
512	66030	0.210596	-0.0241653	0.0435459	-0.0451123	
513	65286	0.186854	-0.0241653	0.0419017	-0.0451123	
514	64542	0.207242	-0.0241653	0.0523916	-0.0451123	
515	63798	0.196127	-0.0241653	0.035292	-0.0451123	
516	63054	0.214148	-0.0241653	0.0444009	-0.0451123	
517	62310	0.22181	-0.0241653	0.0486758	-0.0451123	
518	61566	0.213852	-0.0241653	0.0478865	-0.0451123	
519	60822	0.221875	-0.0241653	0.0369691	-0.0451123	
520	60078	0.218916	-0.0241653	0.033878	-0.0451123	
521	59334	0.21566	-0.0241653	0.0430197	-0.0451123	
522	58590	0.218357	-0.0241653	0.0408494	-0.0451123	
523	57846	0.230063	-0.0241653	0.0479194	-0.0451123	
524	57102	0.213556	-0.0241653	0.0521615	-0.0451123	
525	56358	0.237956	-0.0241653	0.0470316	-0.0451123	
526	55614	0.208492	-0.0241653	0.04154	-0.0451123	
527	54870	0.203033	-0.0241653	0.048051	-0.0451123	
528	54126	0.22375	-0.0241653	0.0410138	-0.0451123	
529	53382	0.213687	-0.0241653	0.0451901	-0.0451123	
530	52638	0.222138	-0.0241653	0.0482812	-0.0451123	
531	51894	0.221744	-0.0241653	0.0406192	-0.0451123	
532	51150	0.211616	-0.0241653	0.0413427	-0.0451123	
533	50406	0.213523	-0.0241653	0.0486758	-0.0451123	
534	49662	0.21303	-0.0241653	0.0482483	-0.0451123	
535	48918	0.191951	-0.0241653	0.0439076	-0.0451123	
536	48174	0.199744	-0.0241653	0.0423949	-0.0451123	
537	47430	0.187249	-0.0241653	0.03983	-0.0451123	
538	46686	0.201093	-0.0241653	0.0472946	-0.0451123	
539	45942	0.203164	-0.0241653	0.0461766	-0.0451123	
540	45198	0.196292	-0.0241653	0.0466041	-0.0451123	
541	44454	0.201224	-0.0241653	0.050583	-0.0451123	
542	43710	0.21201	-0.0241653	0.0541345	-0.0451123	
543	42966	0.208919	-0.0241653	0.0498596	-0.0451123	
544	42222	0.205696	-0.0241653	0.0385804	-0.0451123	
545	41478	0.223158	-0.0241653	0.0418688	-0.0451123	
546	40734	0.238679	-0.0241653	0.0442364	-0.0451123	
547	39990	0.226315	-0.0241653	0.0438089	-0.0451123	
548	39246	0.222303	-0.0241653	0.0485113	-0.0451123	
549	38502	0.233023	-0.0241653	0.0450257	-0.0451123	
550	37758	0.211254	-0.0241653	0.0608757	-0.0451123	
551	37014	0.214148	-0.0241653	0.0411454	-0.0451123	
552	36270	0.223388	-0.0241653	0.0432828	-0.0451123	
553	35526	0.207867	-0.0241653	0.045782	-0.0451123	
554	34782	0.221546	-0.0241653	0.0462424	-0.0451123	
555	34038	0.228386	-0.0241653	0.0499254	-0.0451123	
556	33294	0.219672	-0.0241653	0.0451243	-0.0451123	
557	32550	0.224309	-0.0241653	0.0417701	-0.0451123	
558	31806	0.217765	-0.0241653	0.0506817	-0.0451123	
559	31062	0.230063	-0.0241653	0.050583	-0.0451123	
560	30318	0.234733	-0.0241653	0.0441378	-0.0451123	
561	29574	0.2225	-0.0241653	0.0400931	-0.0451123	
562	28830	0.233746	-0.0241653	0.0408494	-0.0451123	
563	28086	0.224342	-0.0241653	0.0437761	-0.0451123	
564	27342	0.224638	-0.0241653	0.0374624	-0.0451123	
565	26598	0.222796	-0.0241653	0.0499582	-0.0451123	
566	25854	0.22079	-0.0241653	0.0451243	-0.0451123	
567	25110	0.216647	-0.0241653	0.0393696	-0.0451123	
568	24366	0.22786	-0.0241653	0.043217	-0.0451123	
569	23622	0.222106	-0.0241653	0.042658	-0.0451123	
570	22878	0.23983	-0.0241653	0.0422963	-0.0451123	
571	22134	0.213687	-0.0241653	0.0512078	-0.0451123	
572	21390	0.211418	-0.0241653	0.0412111	-0.0451123	
573	20646	0.227992	-0.0241653	0.0451243	-0.0451123	
574	19902	0.230063	-0.0241653	0.0462095	-0.0451123	
575	19158	0.229373	-0.0241653	0.0445982	-0.0451123	
576	18414	0.221086	-0.0241653	0.0471302	-0.0451123	
577	17670	0.217008	-0.0241653	0.0505501	-0.0451123	
578	16926	0.228978	-0.0241653	0.0395012	-0.0451123	
579	16182	0.204052	-0.0241653	0.0463739	-0.0451123	
580	15438	0.207275	-0.0241653	0.043513	-0.0451123	
581	14694	0.218587	-0.0241653	0.0513722	-0.0451123	
582	13950	0.225493	-0.0241653	0.0543647	-0.0451123	
583	13206	0.222237	-0.0241653	0.0453216	-0.0451123	
584	12462	0.217074	-0.0241653	0.0395998	-0.0451123	
585	11718	0.214411	-0.0241653	0.0437103	-0.0451123	
586	10974	0.224046	-0.0241653	0.0467027	-0.0451123	
587	10230	0.226512	-0.0241653	0.0510434	-0.0451123	
588	9486	0.215726	-0.0241653	0.0557458	-0.0451123	
589	8742	0.227531	-0.0241653	0.0419346	-0.0451123	
590	7998	0.22809	-0.0241653	0.0533453	-0.0451123	
591	7254	0.228814	-0.0241653	0.0468671	-0.0451123	
592	6510	0.238054	-0.0241653	0.0472618	-0.0451123	
593	5766	0.203691	-0.0241653	0.0433815	-0.0451123	
594	5022	0.227104	-0.0241653	0.0544962	-0.0451123	
595	4278	0.228748	-0.0241653	0.0496952	-0.0451123	
596	3534	0.225493	-0.0241653	0.0517997	-0.0451123	
597	2790	0.216285	-0.0241653	0.0460779	-0.0451123	
598	2046	0.229307	-0.0241653	0.0512736	-0.0451123	
599	1302	0.227794	-0.0241653	0.0474262	-0.0451123	
600	558	0.252819	-0.028654	0.0707737	-0.0504198	
