# Filename	3_delay.txt
# Date	2016-09-23
# Title	DL-Pro & DL-100 Locked delay scan.
# DL-Pro	365872.6 GHz
# DL-100	365856.7 GHz
# Static	-100 mV Pulsed
# MWOn	On
# MWf	15932.0 MHz
# Attn	44 dB
# FixedAttn	6 dB
# B2	B2 = T2 + 2.050 us
# HP214B	HP 214B FIP at 5.5 on 100V setting ; Applied to Top ; Mesh & Vin of MCP @ +25V ; Vout of MCP @ +2025 V
# Oven	32 A
# Boxcar	Gate = 200 ns ; Amp = 25x ; Sensitivity = 5 mV
# Offset	+/- 30 mV IR/Oven offset.
# Bias	Top: 0 V ; Bot: -0.437 V ; IR: +0.065 V ; Oven: -0.065 V ; Vis: -0.006 V ; MW: +0.006 V
# Passes	4
i, step, norm, nbackground, signal, sbackground
0	0	0.323388	-0.0160266	0.0364101	-0.0390453	
1	744	0.346966	-0.0160266	0.0413427	-0.0390453	
2	1488	0.328255	-0.0160266	0.0451243	-0.0390453	
3	2232	0.321119	-0.0160266	0.0495307	-0.0390453	
4	2976	0.308064	-0.0160266	0.0431842	-0.0390453	
5	3720	0.318291	-0.0160266	0.0362457	-0.0390453	
6	4464	0.323454	-0.0160266	0.0402904	-0.0390453	
7	5208	0.318817	-0.0160266	0.0383502	-0.0390453	
8	5952	0.304973	-0.0160266	0.0461437	-0.0390453	
9	6696	0.328091	-0.0160266	0.0450257	-0.0390453	
10	7440	0.317042	-0.0160266	0.0405534	-0.0390453	
11	8184	0.300205	-0.0160266	0.0325955	-0.0390453	
12	8928	0.308558	-0.0160266	0.0405534	-0.0390453	
13	9672	0.315397	-0.0160266	0.0396985	-0.0390453	
14	10416	0.301685	-0.0160266	0.0321023	-0.0390453	
15	11160	0.301027	-0.0160266	0.0436774	-0.0390453	
16	11904	0.29376	-0.0160266	0.0323982	-0.0390453	
17	12648	0.290899	-0.0160266	0.0386791	-0.0390453	
18	13392	0.289386	-0.0160266	0.0296031	-0.0390453	
19	14136	0.27689	-0.0160266	0.0254597	-0.0390453	
20	14880	0.295174	-0.0160266	0.033023	-0.0390453	
21	15624	0.305466	-0.0160266	0.0254269	-0.0390453	
22	16368	0.303526	-0.0160266	0.0247363	-0.0390453	
23	17112	0.288038	-0.0160266	0.026808	-0.0390453	
24	17856	0.2957	-0.0160266	0.0162523	-0.0390453	
25	18600	0.282152	-0.0160266	0.0305239	-0.0390453	
26	19344	0.31326	-0.0160266	0.0233223	-0.0390453	
27	20088	0.287117	-0.0160266	0.0192776	-0.0390453	
28	20832	0.290142	-0.0160266	0.0112539	-0.0390453	
29	21576	0.299284	-0.0160266	0.0203956	-0.0390453	
30	22320	0.296719	-0.0160266	0.0110566	-0.0390453	
31	23064	0.303592	-0.0160266	0.0193105	-0.0390453	
32	23808	0.29889	-0.0160266	0.0198037	-0.0390453	
33	24552	0.31201	-0.0160266	0.0234867	-0.0390453	
34	25296	0.307209	-0.0160266	0.0213821	-0.0390453	
35	26040	0.31201	-0.0160266	0.0160878	-0.0390453	
36	26784	0.320494	-0.0160266	0.0299977	-0.0390453	
37	27528	0.320757	-0.0160266	0.0176663	-0.0390453	
38	28272	0.298068	-0.0160266	0.0219412	-0.0390453	
39	29016	0.315134	-0.0160266	0.026808	-0.0390453	
40	29760	0.309347	-0.0160266	0.0272026	-0.0390453	
41	30504	0.302934	-0.0160266	0.028781	-0.0390453	
42	31248	0.30083	-0.0160266	0.0239471	-0.0390453	
43	31992	0.300369	-0.0160266	0.0302937	-0.0390453	
44	32736	0.304381	-0.0160266	0.035851	-0.0390453	
45	33480	0.299218	-0.0160266	0.0319708	-0.0390453	
46	34224	0.307834	-0.0160266	0.0349961	-0.0390453	
47	34968	0.321612	-0.0160266	0.0415071	-0.0390453	
48	35712	0.313391	-0.0160266	0.0365745	-0.0390453	
49	36456	0.301159	-0.0160266	0.0326284	-0.0390453	
50	37200	0.329669	-0.0160266	0.0400602	-0.0390453	
51	37944	0.294286	-0.0160266	0.0315761	-0.0390453	
52	38688	0.319179	-0.0160266	0.0388764	-0.0390453	
53	39432	0.306584	-0.0160266	0.0420332	-0.0390453	
54	40176	0.294352	-0.0160266	0.0376268	-0.0390453	
55	40920	0.297969	-0.0160266	0.0411125	-0.0390453	
56	41664	0.299843	-0.0160266	0.0417701	-0.0390453	
57	42408	0.315891	-0.0160266	0.0471631	-0.0390453	
58	43152	0.306058	-0.0160266	0.0461108	-0.0390453	
59	43896	0.292707	-0.0160266	0.0355222	-0.0390453	
60	44640	0.307735	-0.0160266	0.0295045	-0.0390453	
61	45384	0.305368	-0.0160266	0.0364101	-0.0390453	
62	46128	0.313655	-0.0160266	0.0387777	-0.0390453	
63	46872	0.294878	-0.0160266	0.0355551	-0.0390453	
64	47616	0.313523	-0.0160266	0.0414413	-0.0390453	
65	48360	0.302145	-0.0160266	0.0435788	-0.0390453	
66	49104	0.310169	-0.0160266	0.0409809	-0.0390453	
67	49848	0.306289	-0.0160266	0.0394354	-0.0390453	
68	50592	0.308886	-0.0160266	0.033023	-0.0390453	
69	51336	0.315529	-0.0160266	0.0321681	-0.0390453	
70	52080	0.341113	-0.0160266	0.0272026	-0.0390453	
71	52824	0.322435	-0.0160266	0.0262818	-0.0390453	
72	53568	0.304447	-0.0160266	0.036443	-0.0390453	
73	54312	0.309741	-0.0160266	0.0186199	-0.0390453	
74	55056	0.30813	-0.0160266	0.0244075	-0.0390453	
75	55800	0.32421	-0.0160266	0.0207902	-0.0390453	
76	56544	0.298396	-0.0160266	0.0262818	-0.0390453	
77	57288	0.29718	-0.0160266	0.025098	-0.0390453	
78	58032	0.306486	-0.0160266	0.0130625	-0.0390453	
79	58776	0.292938	-0.0160266	0.0165811	-0.0390453	
80	59520	0.301685	-0.0160266	0.0178307	-0.0390453	
81	60264	0.301257	-0.0160266	0.0141477	-0.0390453	
82	61008	0.289847	-0.0160266	0.0151671	-0.0390453	
83	61752	0.29297	-0.0160266	0.0161207	-0.0390453	
84	62496	0.289649	-0.0160266	0.0172717	-0.0390453	
85	63240	0.285835	-0.0160266	0.0160878	-0.0390453	
86	63984	0.293595	-0.0160266	0.0186528	-0.0390453	
87	64728	0.283796	-0.0160266	0.0208889	-0.0390453	
88	65472	0.299745	-0.0160266	0.0242759	-0.0390453	
89	66216	0.293628	-0.0160266	0.0222371	-0.0390453	
90	66960	0.274062	-0.0160266	0.0235525	-0.0390453	
91	67704	0.286887	-0.0160266	0.0234538	-0.0390453	
92	68448	0.281395	-0.0160266	0.0249336	-0.0390453	
93	69192	0.293793	-0.0160266	0.0192447	-0.0390453	
94	69936	0.293036	-0.0160266	0.0188172	-0.0390453	
95	70680	0.293957	-0.0160266	0.0340753	-0.0390453	
96	71424	0.29741	-0.0160266	0.0306225	-0.0390453	
97	72168	0.277844	-0.0160266	0.0275314	-0.0390453	
98	72912	0.290734	-0.0160266	0.023684	-0.0390453	
99	73656	0.273503	-0.0160266	0.025953	-0.0390453	
100	74400	0.2859	-0.0160266	0.0344699	-0.0390453	
101	75144	0.282382	-0.0160266	0.0420003	-0.0390453	
102	75888	0.287742	-0.0160266	0.031609	-0.0390453	
103	76632	0.283335	-0.0160266	0.0253611	-0.0390453	
104	77376	0.2786	-0.0160266	0.0346672	-0.0390453	
105	78120	0.259593	-0.0160266	0.0284522	-0.0390453	
106	78864	0.267288	-0.0160266	0.029636	-0.0390453	
107	79608	0.287117	-0.0160266	0.0331546	-0.0390453	
108	80352	0.264789	-0.0160266	0.0337136	-0.0390453	
109	81096	0.267124	-0.0160266	0.0311815	-0.0390453	
110	81840	0.271826	-0.0160266	0.0269724	-0.0390453	
111	82584	0.269623	-0.0160266	0.0301293	-0.0390453	
112	83328	0.270281	-0.0160266	0.0221385	-0.0390453	
113	84072	0.269426	-0.0160266	0.0305896	-0.0390453	
114	84816	0.261961	-0.0160266	0.0235854	-0.0390453	
115	85560	0.272845	-0.0160266	0.0299648	-0.0390453	
116	86304	0.266104	-0.0160266	0.0253282	-0.0390453	
117	87048	0.284256	-0.0160266	0.0192447	-0.0390453	
118	87792	0.274523	-0.0160266	0.0307212	-0.0390453	
119	88536	0.278173	-0.0160266	0.0239471	-0.0390453	
120	89280	0.276627	-0.0160266	0.0186199	-0.0390453	
121	90024	0.276068	-0.0160266	0.0210204	-0.0390453	
122	90768	0.286854	-0.0160266	0.0182253	-0.0390453	
123	91512	0.291951	-0.0160266	0.0228948	-0.0390453	
124	92256	0.306289	-0.0160266	0.0198366	-0.0390453	
125	93000	0.2859	-0.0160266	0.0192118	-0.0390453	
126	93744	0.287051	-0.0160266	0.017732	-0.0390453	
127	94488	0.264526	-0.0160266	0.0144108	-0.0390453	
128	95232	0.262816	-0.0160266	0.00875473	-0.0390453	
129	95976	0.26229	-0.0160266	0.00720919	-0.0390453	
130	96720	0.276857	-0.0160266	0.00612402	-0.0390453	
131	97464	0.275739	-0.0160266	0.0104318	-0.0390453	
132	98208	0.282316	-0.0160266	0.0175347	-0.0390453	
133	98952	0.269327	-0.0160266	0.0197051	-0.0390453	
134	99696	0.272056	-0.0160266	0.0123062	-0.0390453	
135	100440	0.280672	-0.0160266	0.0121418	-0.0390453	
136	101184	0.249958	-0.0160266	0.0039208	-0.0390453	
137	101928	0.255187	-0.0160266	0.0135887	-0.0390453	
138	102672	0.277055	-0.0160266	0.0118129	-0.0390453	
139	103416	0.266433	-0.0160266	0.016055	-0.0390453	
140	104160	0.279357	-0.0160266	0.0199353	-0.0390453	
141	104904	0.272582	-0.0160266	0.0234867	-0.0390453	
142	105648	0.277679	-0.0160266	0.0176663	-0.0390453	
143	106392	0.270346	-0.0160266	0.0228619	-0.0390453	
144	107136	0.277745	-0.0160266	0.0166797	-0.0390453	
145	107880	0.286361	-0.0160266	0.0258543	-0.0390453	
146	108624	0.280179	-0.0160266	0.025098	-0.0390453	
147	109368	0.271859	-0.0160266	0.0295373	-0.0390453	
148	110112	0.278962	-0.0160266	0.0366074	-0.0390453	
149	110856	0.295634	-0.0160266	0.0289783	-0.0390453	
150	111600	0.275575	-0.0160266	0.0243746	-0.0390453	
151	111042	0.282546	-0.0160266	0.0213164	-0.0390453	
152	110298	0.254858	-0.0160266	0.029077	-0.0390453	
153	109554	0.280211	-0.0160266	0.0308856	-0.0390453	
154	108810	0.278732	-0.0160266	0.02934	-0.0390453	
155	108066	0.272254	-0.0160266	0.0184226	-0.0390453	
156	107322	0.270017	-0.0160266	0.0195078	-0.0390453	
157	106578	0.267683	-0.0160266	0.0189816	-0.0390453	
158	105834	0.259922	-0.0160266	0.0148054	-0.0390453	
159	105090	0.243053	-0.0160266	0.0136544	-0.0390453	
160	104346	0.275542	-0.0160266	0.00960971	-0.0390453	
161	103602	0.256075	-0.0160266	0.00924799	-0.0390453	
162	102858	0.249761	-0.0160266	0.00786687	-0.0390453	
163	102114	0.256699	-0.0160266	0.0149698	-0.0390453	
164	101370	0.249333	-0.0160266	0.01178	-0.0390453	
165	100626	0.274227	-0.0160266	0.0115499	-0.0390453	
166	99882	0.256108	-0.0160266	0.011517	-0.0390453	
167	99138	0.256897	-0.0160266	0.0139175	-0.0390453	
168	98394	0.275016	-0.0160266	0.00464425	-0.0390453	
169	97650	0.270511	-0.0160266	0.0029014	-0.0390453	
170	96906	0.274753	-0.0160266	0.0134242	-0.0390453	
171	96162	0.282382	-0.0160266	0.0110566	-0.0390453	
172	95418	0.273339	-0.0160266	0.0123062	-0.0390453	
173	94674	0.282974	-0.0160266	0.020001	-0.0390453	
174	93930	0.283335	-0.0160266	0.00651863	-0.0390453	
175	93186	0.262849	-0.0160266	0.0110895	-0.0390453	
176	92442	0.286262	-0.0160266	0.0118458	-0.0390453	
177	91698	0.294384	-0.0160266	0.0225988	-0.0390453	
178	90954	0.291195	-0.0160266	0.0223029	-0.0390453	
179	90210	0.297114	-0.0160266	0.0231908	-0.0390453	
180	89466	0.288038	-0.0160266	0.0328586	-0.0390453	
181	88722	0.295996	-0.0160266	0.0224344	-0.0390453	
182	87978	0.272517	-0.0160266	0.0301621	-0.0390453	
183	87234	0.295239	-0.0160266	0.0296031	-0.0390453	
184	86490	0.290669	-0.0160266	0.0297018	-0.0390453	
185	85746	0.280869	-0.0160266	0.0290112	-0.0390453	
186	85002	0.297706	-0.0160266	0.0280905	-0.0390453	
187	84258	0.274523	-0.0160266	0.0293729	-0.0390453	
188	83514	0.298462	-0.0160266	0.0270382	-0.0390453	
189	82770	0.28179	-0.0160266	0.0336149	-0.0390453	
190	82026	0.279126	-0.0160266	0.0221056	-0.0390453	
191	81282	0.270675	-0.0160266	0.0326942	-0.0390453	
192	80538	0.25591	-0.0160266	0.0338451	-0.0390453	
193	79794	0.276068	-0.0160266	0.021152	-0.0390453	
194	79050	0.270576	-0.0160266	0.0361799	-0.0390453	
195	78306	0.281823	-0.0160266	0.0357195	-0.0390453	
196	77562	0.288137	-0.0160266	0.0327928	-0.0390453	
197	76818	0.292543	-0.0160266	0.030491	-0.0390453	
198	76074	0.30254	-0.0160266	0.0372651	-0.0390453	
199	75330	0.301849	-0.0160266	0.0381858	-0.0390453	
200	74586	0.290406	-0.0160266	0.0248678	-0.0390453	
201	73842	0.305729	-0.0160266	0.0342726	-0.0390453	
202	73098	0.317173	-0.0160266	0.0236511	-0.0390453	
203	72354	0.28304	-0.0160266	0.0318063	-0.0390453	
204	71610	0.293464	-0.0160266	0.0273999	-0.0390453	
205	70866	0.280573	-0.0160266	0.0348974	-0.0390453	
206	70122	0.292214	-0.0160266	0.0303923	-0.0390453	
207	69378	0.295108	-0.0160266	0.0195078	-0.0390453	
208	68634	0.29468	-0.0160266	0.0220727	-0.0390453	
209	67890	0.299218	-0.0160266	0.0174032	-0.0390453	
210	67146	0.306025	-0.0160266	0.0165482	-0.0390453	
211	66402	0.306124	-0.0160266	0.0201326	-0.0390453	
212	65658	0.30448	-0.0160266	0.0149698	-0.0390453	
213	64914	0.30984	-0.0160266	0.0150356	-0.0390453	
214	64170	0.317929	-0.0160266	0.0162194	-0.0390453	
215	63426	0.310366	-0.0160266	0.0138517	-0.0390453	
216	62682	0.305368	-0.0160266	0.0216781	-0.0390453	
217	61938	0.304348	-0.0160266	0.0225331	-0.0390453	
218	61194	0.31132	-0.0160266	0.00914934	-0.0390453	
219	60450	0.317929	-0.0160266	0.0162851	-0.0390453	
220	59706	0.298857	-0.0160266	0.0255584	-0.0390453	
221	58962	0.300764	-0.0160266	0.0180609	-0.0390453	
222	58218	0.308656	-0.0160266	0.0195406	-0.0390453	
223	57474	0.320231	-0.0160266	0.021711	-0.0390453	
224	56730	0.314904	-0.0160266	0.0222042	-0.0390453	
225	55986	0.312372	-0.0160266	0.0217767	-0.0390453	
226	55242	0.311386	-0.0160266	0.021711	-0.0390453	
227	54498	0.319902	-0.0160266	0.0266107	-0.0390453	
228	53754	0.30767	-0.0160266	0.0247034	-0.0390453	
229	53010	0.286986	-0.0160266	0.0192447	-0.0390453	
230	52266	0.307209	-0.0160266	0.0288797	-0.0390453	
231	51522	0.305072	-0.0160266	0.0201326	-0.0390453	
232	50778	0.29718	-0.0160266	0.0280576	-0.0390453	
233	50034	0.305401	-0.0160266	0.0249336	-0.0390453	
234	49290	0.30642	-0.0160266	0.0320694	-0.0390453	
235	48546	0.30961	-0.0160266	0.0225331	-0.0390453	
236	47802	0.286723	-0.0160266	0.0272684	-0.0390453	
237	47058	0.287183	-0.0160266	0.0329902	-0.0390453	
238	46314	0.286163	-0.0160266	0.0294387	-0.0390453	
239	45570	0.31201	-0.0160266	0.033319	-0.0390453	
240	44826	0.295897	-0.0160266	0.0410796	-0.0390453	
241	44082	0.301389	-0.0160266	0.0423949	-0.0390453	
242	43338	0.307111	-0.0160266	0.0373966	-0.0390453	
243	42594	0.293628	-0.0160266	0.029932	-0.0390453	
244	41850	0.29205	-0.0160266	0.0422963	-0.0390453	
245	41106	0.30323	-0.0160266	0.0356537	-0.0390453	
246	40362	0.306782	-0.0160266	0.0441049	-0.0390453	
247	39618	0.294944	-0.0160266	0.0353907	-0.0390453	
248	38874	0.311386	-0.0160266	0.0409481	-0.0390453	
249	38130	0.311583	-0.0160266	0.0308198	-0.0390453	
250	37386	0.306815	-0.0160266	0.0408823	-0.0390453	
251	36642	0.312208	-0.0160266	0.0298991	-0.0390453	
252	35898	0.299251	-0.0160266	0.0266107	-0.0390453	
253	35154	0.316121	-0.0160266	0.024539	-0.0390453	
254	34410	0.294582	-0.0160266	0.032464	-0.0390453	
255	33666	0.317338	-0.0160266	0.0308856	-0.0390453	
256	32922	0.312898	-0.0160266	0.0299648	-0.0390453	
257	32178	0.311912	-0.0160266	0.0253611	-0.0390453	
258	31434	0.318357	-0.0160266	0.0195406	-0.0390453	
259	30690	0.300764	-0.0160266	0.0167784	-0.0390453	
260	29946	0.297213	-0.0160266	0.0221714	-0.0390453	
261	29202	0.31714	-0.0160266	0.0225002	-0.0390453	
262	28458	0.312339	-0.0160266	0.0257228	-0.0390453	
263	27714	0.302211	-0.0160266	0.0151671	-0.0390453	
264	26970	0.305927	-0.0160266	0.0219741	-0.0390453	
265	26226	0.325164	-0.0160266	0.0213164	-0.0390453	
266	25482	0.308952	-0.0160266	0.0130296	-0.0390453	
267	24738	0.303329	-0.0160266	0.0240457	-0.0390453	
268	23994	0.28738	-0.0160266	0.0183897	-0.0390453	
269	23250	0.31543	-0.0160266	0.0195078	-0.0390453	
270	22506	0.322796	-0.0160266	0.0194749	-0.0390453	
271	21762	0.325	-0.0160266	0.0163509	-0.0390453	
272	21018	0.318554	-0.0160266	0.0130954	-0.0390453	
273	20274	0.310695	-0.0160266	0.0177978	-0.0390453	
274	19530	0.294352	-0.0160266	0.0139833	-0.0390453	
275	18786	0.308985	-0.0160266	0.0240457	-0.0390453	
276	18042	0.30402	-0.0160266	0.0251638	-0.0390453	
277	17298	0.319574	-0.0160266	0.026512	-0.0390453	
278	16554	0.30277	-0.0160266	0.0206587	-0.0390453	
279	15810	0.299646	-0.0160266	0.0286495	-0.0390453	
280	15066	0.310596	-0.0160266	0.02934	-0.0390453	
281	14322	0.282415	-0.0160266	0.026249	-0.0390453	
282	13578	0.312273	-0.0160266	0.0258543	-0.0390453	
283	12834	0.301948	-0.0160266	0.0300635	-0.0390453	
284	12090	0.302375	-0.0160266	0.0318063	-0.0390453	
285	11346	0.310728	-0.0160266	0.0303266	-0.0390453	
286	10602	0.291326	-0.0160266	0.0338451	-0.0390453	
287	9858	0.300435	-0.0160266	0.041803	-0.0390453	
288	9114	0.295996	-0.0160266	0.0336478	-0.0390453	
289	8370	0.311122	-0.0160266	0.0366731	-0.0390453	
290	7626	0.318225	-0.0160266	0.0403233	-0.0390453	
291	6882	0.310037	-0.0160266	0.0368704	-0.0390453	
292	6138	0.320231	-0.0160266	0.0443351	-0.0390453	
293	5394	0.281428	-0.0160266	0.0372322	-0.0390453	
294	4650	0.30425	-0.0160266	0.0383502	-0.0390453	
295	3906	0.312471	-0.0160266	0.0339767	-0.0390453	
296	3162	0.31451	-0.0160266	0.0385475	-0.0390453	
297	2418	0.304085	-0.0160266	0.0391394	-0.0390453	
298	1674	0.303165	-0.0160266	0.029077	-0.0390453	
299	930	0.302244	-0.0160266	0.0407179	-0.0390453	
300	186	0.302244	-0.0160266	0.0360155	-0.0390453	
301	372	0.305434	-0.0160266	0.0377254	-0.0390453	
302	1116	0.300402	-0.0160266	0.0400931	-0.0390453	
303	1860	0.315825	-0.0160266	0.0363443	-0.0390453	
304	2604	0.314279	-0.0160266	0.0373308	-0.0390453	
305	3348	0.308689	-0.0160266	0.0304252	-0.0390453	
306	4092	0.3079	-0.0160266	0.0297018	-0.0390453	
307	4836	0.290866	-0.0160266	0.0343713	-0.0390453	
308	5580	0.306289	-0.0160266	0.0296689	-0.0390453	
309	6324	0.310399	-0.0160266	0.0259201	-0.0390453	
310	7068	0.304874	-0.0160266	0.0322338	-0.0390453	
311	7812	0.29718	-0.0160266	0.0351934	-0.0390453	
312	8556	0.287578	-0.0160266	0.0333519	-0.0390453	
313	9300	0.279324	-0.0160266	0.0367389	-0.0390453	
314	10044	0.287084	-0.0160266	0.0303923	-0.0390453	
315	10788	0.282776	-0.0160266	0.0312144	-0.0390453	
316	11532	0.29011	-0.0160266	0.0219083	-0.0390453	
317	12276	0.294187	-0.0160266	0.0282549	-0.0390453	
318	13020	0.295667	-0.0160266	0.0236182	-0.0390453	
319	13764	0.299186	-0.0160266	0.0273999	-0.0390453	
320	14508	0.293398	-0.0160266	0.0266107	-0.0390453	
321	15252	0.296456	-0.0160266	0.0181266	-0.0390453	
322	15996	0.305631	-0.0160266	0.023684	-0.0390453	
323	16740	0.29889	-0.0160266	0.0247692	-0.0390453	
324	17484	0.309708	-0.0160266	0.0198037	-0.0390453	
325	18228	0.316515	-0.0160266	0.0203299	-0.0390453	
326	18972	0.302014	-0.0160266	0.0116156	-0.0390453	
327	19716	0.314904	-0.0160266	0.0145094	-0.0390453	
328	20460	0.313227	-0.0160266	0.0180609	-0.0390453	
329	21204	0.301783	-0.0160266	0.0163509	-0.0390453	
330	21948	0.283599	-0.0160266	0.0196064	-0.0390453	
331	22692	0.280573	-0.0160266	0.0136873	-0.0390453	
332	23436	0.293464	-0.0160266	0.0130954	-0.0390453	
333	24180	0.311188	-0.0160266	0.00743938	-0.0390453	
334	24924	0.292247	-0.0160266	0.0112539	-0.0390453	
335	25668	0.297837	-0.0160266	0.0156603	-0.0390453	
336	26412	0.294384	-0.0160266	0.0186857	-0.0390453	
337	27156	0.272517	-0.0160266	0.0103332	-0.0390453	
338	27900	0.281724	-0.0160266	0.00947818	-0.0390453	
339	28644	0.2981	-0.0160266	0.0244403	-0.0390453	
340	29388	0.303921	-0.0160266	0.0160878	-0.0390453	
341	30132	0.323651	-0.0160266	0.0335163	-0.0390453	
342	30876	0.293036	-0.0160266	0.0187514	-0.0390453	
343	31620	0.299679	-0.0160266	0.0206916	-0.0390453	
344	32364	0.286229	-0.0160266	0.0260517	-0.0390453	
345	33108	0.299218	-0.0160266	0.0210204	-0.0390453	
346	33852	0.279028	-0.0160266	0.0283864	-0.0390453	
347	34596	0.285703	-0.0160266	0.0281233	-0.0390453	
348	35340	0.295174	-0.0160266	0.033878	-0.0390453	
349	36084	0.282119	-0.0160266	0.0312473	-0.0390453	
350	36828	0.3079	-0.0160266	0.0347001	-0.0390453	
351	37572	0.287512	-0.0160266	0.03276	-0.0390453	
352	38316	0.287841	-0.0160266	0.0373308	-0.0390453	
353	39060	0.298495	-0.0160266	0.0379227	-0.0390453	
354	39804	0.299021	-0.0160266	0.0289454	-0.0390453	
355	40548	0.298955	-0.0160266	0.0334834	-0.0390453	
356	41292	0.285868	-0.0160266	0.03276	-0.0390453	
357	42036	0.299514	-0.0160266	0.0354236	-0.0390453	
358	42780	0.300928	-0.0160266	0.0365087	-0.0390453	
359	43524	0.281889	-0.0160266	0.0251638	-0.0390453	
360	44268	0.302638	-0.0160266	0.0351934	-0.0390453	
361	45012	0.29297	-0.0160266	0.0305239	-0.0390453	
362	45756	0.295799	-0.0160266	0.0323654	-0.0390453	
363	46500	0.302836	-0.0160266	0.0361141	-0.0390453	
364	47244	0.314115	-0.0160266	0.030491	-0.0390453	
365	47988	0.302573	-0.0160266	0.0367718	-0.0390453	
366	48732	0.291195	-0.0160266	0.0335821	-0.0390453	
367	49476	0.306913	-0.0160266	0.0254597	-0.0390453	
368	50220	0.3079	-0.0160266	0.0413427	-0.0390453	
369	50964	0.304546	-0.0160266	0.025953	-0.0390453	
370	51708	0.313194	-0.0160266	0.0187514	-0.0390453	
371	52452	0.307045	-0.0160266	0.0249665	-0.0390453	
372	53196	0.306223	-0.0160266	0.0214479	-0.0390453	
373	53940	0.300304	-0.0160266	0.0274328	-0.0390453	
374	54684	0.310235	-0.0160266	0.0224673	-0.0390453	
375	55428	0.294023	-0.0160266	0.0259859	-0.0390453	
376	56172	0.307768	-0.0160266	0.0232565	-0.0390453	
377	56916	0.294845	-0.0160266	0.0106291	-0.0390453	
378	57660	0.291852	-0.0160266	0.0136215	-0.0390453	
379	58404	0.288169	-0.0160266	0.0164496	-0.0390453	
380	59148	0.294516	-0.0160266	0.0169428	-0.0390453	
381	59892	0.29445	-0.0160266	0.0207902	-0.0390453	
382	60636	0.294121	-0.0160266	0.0124706	-0.0390453	
383	61380	0.290208	-0.0160266	0.0134242	-0.0390453	
384	62124	0.282086	-0.0160266	0.0119116	-0.0390453	
385	62868	0.290537	-0.0160266	0.0105633	-0.0390453	
386	63612	0.284519	-0.0160266	0.00970836	-0.0390453	
387	64356	0.285013	-0.0160266	0.0150356	-0.0390453	
388	65100	0.295009	-0.0160266	0.0176005	-0.0390453	
389	65844	0.285374	-0.0160266	0.0184226	-0.0390453	
390	66588	0.271136	-0.0160266	0.00467713	-0.0390453	
391	67332	0.286328	-0.0160266	0.0162851	-0.0390453	
392	68076	0.280902	-0.0160266	0.00763668	-0.0390453	
393	68820	0.271333	-0.0160266	0.0214808	-0.0390453	
394	69564	0.274983	-0.0160266	0.0146738	-0.0390453	
395	70308	0.298659	-0.0160266	0.0232565	-0.0390453	
396	71052	0.275476	-0.0160266	0.0203627	-0.0390453	
397	71796	0.288531	-0.0160266	0.0220727	-0.0390453	
398	72540	0.294516	-0.0160266	0.0336807	-0.0390453	
399	73284	0.317962	-0.0160266	0.0291427	-0.0390453	
400	74028	0.287216	-0.0160266	0.0338122	-0.0390453	
401	74772	0.299613	-0.0160266	0.0339438	-0.0390453	
402	75516	0.297344	-0.0160266	0.0353578	-0.0390453	
403	76260	0.291458	-0.0160266	0.0270382	-0.0390453	
404	77004	0.305861	-0.0160266	0.0282878	-0.0390453	
405	77748	0.286196	-0.0160266	0.0342069	-0.0390453	
406	78492	0.300896	-0.0160266	0.0363114	-0.0390453	
407	79236	0.30402	-0.0160266	0.0341411	-0.0390453	
408	79980	0.293299	-0.0160266	0.0339438	-0.0390453	
409	80724	0.313753	-0.0160266	0.038975	-0.0390453	
410	81468	0.306256	-0.0160266	0.0321352	-0.0390453	
411	82212	0.295108	-0.0160266	0.0352263	-0.0390453	
412	82956	0.309117	-0.0160266	0.0286824	-0.0390453	
413	83700	0.296456	-0.0160266	0.0334834	-0.0390453	
414	84444	0.272188	-0.0160266	0.0261503	-0.0390453	
415	85188	0.291655	-0.0160266	0.0343384	-0.0390453	
416	85932	0.303263	-0.0160266	0.0318392	-0.0390453	
417	86676	0.295799	-0.0160266	0.0365416	-0.0390453	
418	87420	0.302507	-0.0160266	0.0343384	-0.0390453	
419	88164	0.303329	-0.0160266	0.0223029	-0.0390453	
420	88908	0.302605	-0.0160266	0.0276958	-0.0390453	
421	89652	0.308064	-0.0160266	0.0273341	-0.0390453	
422	90396	0.289518	-0.0160266	0.012076	-0.0390453	
423	91140	0.294056	-0.0160266	0.0213821	-0.0390453	
424	91884	0.300106	-0.0160266	0.0224344	-0.0390453	
425	92628	0.315562	-0.0160266	0.0282878	-0.0390453	
426	93372	0.290899	-0.0160266	0.0123062	-0.0390453	
427	94116	0.292839	-0.0160266	0.0165153	-0.0390453	
428	94860	0.289649	-0.0160266	0.010662	-0.0390453	
429	95604	0.290636	-0.0160266	0.0217439	-0.0390453	
430	96348	0.279751	-0.0160266	0.0113526	-0.0390453	
431	97092	0.31178	-0.0160266	0.0176663	-0.0390453	
432	97836	0.31862	-0.0160266	0.00928087	-0.0390453	
433	98580	0.308919	-0.0160266	0.0125035	-0.0390453	
434	99324	0.29935	-0.0160266	0.012372	-0.0390453	
435	100068	0.294878	-0.0160266	0.0111881	-0.0390453	
436	100812	0.30619	-0.0160266	0.0131283	-0.0390453	
437	101556	0.305532	-0.0160266	0.0138846	-0.0390453	
438	102300	0.294121	-0.0160266	0.0165153	-0.0390453	
439	103044	0.300041	-0.0160266	0.014049	-0.0390453	
440	103788	0.284815	-0.0160266	0.020297	-0.0390453	
441	104532	0.282316	-0.0160266	0.0175347	-0.0390453	
442	105276	0.285572	-0.0160266	0.0146409	-0.0390453	
443	106020	0.294056	-0.0160266	0.0226646	-0.0390453	
444	106764	0.270478	-0.0160266	0.0193762	-0.0390453	
445	107508	0.290866	-0.0160266	0.0193105	-0.0390453	
446	108252	0.27301	-0.0160266	0.0195406	-0.0390453	
447	108996	0.27347	-0.0160266	0.025394	-0.0390453	
448	109740	0.283566	-0.0160266	0.027367	-0.0390453	
449	110484	0.287413	-0.0160266	0.0306883	-0.0390453	
450	111228	0.278929	-0.0160266	0.0277945	-0.0390453	
451	111414	0.291885	-0.0160266	0.0298991	-0.0390453	
452	110670	0.274161	-0.0160266	0.0332532	-0.0390453	
453	109926	0.264756	-0.0160266	0.0294387	-0.0390453	
454	109182	0.285407	-0.0160266	0.0219083	-0.0390453	
455	108438	0.267485	-0.0160266	0.0185212	-0.0390453	
456	107694	0.283796	-0.0160266	0.0203956	-0.0390453	
457	106950	0.28031	-0.0160266	0.0246376	-0.0390453	
458	106206	0.272813	-0.0160266	0.0139833	-0.0390453	
459	105462	0.291622	-0.0160266	0.0217439	-0.0390453	
460	104718	0.263375	-0.0160266	0.0211191	-0.0390453	
461	103974	0.274588	-0.0160266	0.0114841	-0.0390453	
462	103230	0.271168	-0.0160266	0.00438118	-0.0390453	
463	102486	0.2713	-0.0160266	0.0110895	-0.0390453	
464	101742	0.290537	-0.0160266	0.0201983	-0.0390453	
465	100998	0.287051	-0.0160266	0.0177978	-0.0390453	
466	100254	0.290734	-0.0160266	0.00424964	-0.0390453	
467	99510	0.28156	-0.0160266	0.0135558	-0.0390453	
468	98766	0.275082	-0.0160266	0.0137531	-0.0390453	
469	98022	0.285769	-0.0160266	0.0131283	-0.0390453	
470	97278	0.282579	-0.0160266	0.0101687	-0.0390453	
471	96534	0.289616	-0.0160266	0.00954395	-0.0390453	
472	95790	0.309544	-0.0160266	0.0129968	-0.0390453	
473	95046	0.30083	-0.0160266	0.0176334	-0.0390453	
474	94302	0.285604	-0.0160266	0.0104318	-0.0390453	
475	93558	0.294286	-0.0160266	0.0169428	-0.0390453	
476	92814	0.29547	-0.0160266	0.031905	-0.0390453	
477	92070	0.279981	-0.0160266	0.0234867	-0.0390453	
478	91326	0.289222	-0.0160266	0.0204943	-0.0390453	
479	90582	0.297936	-0.0160266	0.0169428	-0.0390453	
480	89838	0.297772	-0.0160266	0.0215794	-0.0390453	
481	89094	0.294976	-0.0160266	0.0194749	-0.0390453	
482	88350	0.288005	-0.0160266	0.0195078	-0.0390453	
483	87606	0.280672	-0.0160266	0.0196722	-0.0390453	
484	86862	0.308393	-0.0160266	0.030491	-0.0390453	
485	86118	0.291688	-0.0160266	0.0208231	-0.0390453	
486	85374	0.285703	-0.0160266	0.0224344	-0.0390453	
487	84630	0.270346	-0.0160266	0.0282878	-0.0390453	
488	83886	0.297377	-0.0160266	0.0245061	-0.0390453	
489	83142	0.278633	-0.0160266	0.0403233	-0.0390453	
490	82398	0.292707	-0.0160266	0.0311815	-0.0390453	
491	81654	0.289978	-0.0160266	0.0251309	-0.0390453	
492	80910	0.266828	-0.0160266	0.0301293	-0.0390453	
493	80166	0.282809	-0.0160266	0.0237827	-0.0390453	
494	79422	0.27255	-0.0160266	0.0310171	-0.0390453	
495	78678	0.280475	-0.0160266	0.0234209	-0.0390453	
496	77934	0.294089	-0.0160266	0.0418359	-0.0390453	
497	77190	0.278041	-0.0160266	0.030491	-0.0390453	
498	76446	0.268143	-0.0160266	0.0309842	-0.0390453	
499	75702	0.267387	-0.0160266	0.0266764	-0.0390453	
500	74958	0.266828	-0.0160266	0.0241773	-0.0390453	
501	74214	0.264657	-0.0160266	0.0203956	-0.0390453	
502	73470	0.287972	-0.0160266	0.0230592	-0.0390453	
503	72726	0.263243	-0.0160266	0.0226975	-0.0390453	
504	71982	0.269952	-0.0160266	0.0140819	-0.0390453	
505	71238	0.262224	-0.0160266	0.0200668	-0.0390453	
506	70494	0.261172	-0.0160266	0.0183897	-0.0390453	
507	69750	0.254332	-0.0160266	0.022829	-0.0390453	
508	69006	0.2713	-0.0160266	0.0185541	-0.0390453	
509	68262	0.257061	-0.0160266	0.0156603	-0.0390453	
510	67518	0.270708	-0.0160266	0.010958	-0.0390453	
511	66774	0.277252	-0.0160266	0.0152986	-0.0390453	
512	66030	0.288334	-0.0160266	0.0161536	-0.0390453	
513	65286	0.27472	-0.0160266	0.0135229	-0.0390453	
514	64542	0.275082	-0.0160266	0.0162194	-0.0390453	
515	63798	0.280606	-0.0160266	0.00691323	-0.0390453	
516	63054	0.276726	-0.0160266	0.0086232	-0.0390453	
517	62310	0.295141	-0.0160266	0.0181266	-0.0390453	
518	61566	0.290636	-0.0160266	0.0104318	-0.0390453	
519	60822	0.282974	-0.0160266	0.0112868	-0.0390453	
520	60078	0.291261	-0.0160266	0.0181266	-0.0390453	
521	59334	0.283335	-0.0160266	0.0110237	-0.0390453	
522	58590	0.281198	-0.0160266	0.0163838	-0.0390453	
523	57846	0.272056	-0.0160266	0.0114183	-0.0390453	
524	57102	0.286854	-0.0160266	0.0120431	-0.0390453	
525	56358	0.282086	-0.0160266	0.023125	-0.0390453	
526	55614	0.277383	-0.0160266	0.0201983	-0.0390453	
527	54870	0.278337	-0.0160266	0.018028	-0.0390453	
528	54126	0.299186	-0.0160266	0.0186857	-0.0390453	
529	53382	0.281395	-0.0160266	0.0197708	-0.0390453	
530	52638	0.294056	-0.0160266	0.0242102	-0.0390453	
531	51894	0.305795	-0.0160266	0.0223687	-0.0390453	
532	51150	0.286953	-0.0160266	0.0222371	-0.0390453	
533	50406	0.289287	-0.0160266	0.0210204	-0.0390453	
534	49662	0.283697	-0.0160266	0.0313131	-0.0390453	
535	48918	0.281099	-0.0160266	0.0401917	-0.0390453	
536	48174	0.282053	-0.0160266	0.0263147	-0.0390453	
537	47430	0.295568	-0.0160266	0.0359497	-0.0390453	
538	46686	0.289452	-0.0160266	0.0270382	-0.0390453	
539	45942	0.278732	-0.0160266	0.0254926	-0.0390453	
540	45198	0.280244	-0.0160266	0.0335821	-0.0390453	
541	44454	0.300567	-0.0160266	0.0318063	-0.0390453	
542	43710	0.301093	-0.0160266	0.036443	-0.0390453	
543	42966	0.299679	-0.0160266	0.035851	-0.0390453	
544	42222	0.2664	-0.0160266	0.0355551	-0.0390453	
545	41478	0.26959	-0.0160266	0.0311815	-0.0390453	
546	40734	0.272484	-0.0160266	0.0292743	-0.0390453	
547	39990	0.278403	-0.0160266	0.0271697	-0.0390453	
548	39246	0.284223	-0.0160266	0.0278931	-0.0390453	
549	38502	0.267617	-0.0160266	0.0227304	-0.0390453	
550	37758	0.261303	-0.0160266	0.0269395	-0.0390453	
551	37014	0.273306	-0.0160266	0.0301293	-0.0390453	
552	36270	0.293431	-0.0160266	0.0189816	-0.0390453	
553	35526	0.26982	-0.0160266	0.0232565	-0.0390453	
554	34782	0.278633	-0.0160266	0.0165811	-0.0390453	
555	34038	0.273174	-0.0160266	0.0181266	-0.0390453	
556	33294	0.284782	-0.0160266	0.0241444	-0.0390453	
557	32550	0.288663	-0.0160266	0.017469	-0.0390453	
558	31806	0.290142	-0.0160266	0.0114841	-0.0390453	
559	31062	0.29205	-0.0160266	0.0174361	-0.0390453	
560	30318	0.296325	-0.0160266	0.0147725	-0.0390453	
561	29574	0.296489	-0.0160266	0.0120431	-0.0390453	
562	28830	0.288827	-0.0160266	0.0160221	-0.0390453	
563	28086	0.301882	-0.0160266	0.00977413	-0.0390453	
564	27342	0.283894	-0.0160266	0.0170744	-0.0390453	
565	26598	0.283401	-0.0160266	0.0197051	-0.0390453	
566	25854	0.28419	-0.0160266	0.017173	-0.0390453	
567	25110	0.303724	-0.0160266	0.0107606	-0.0390453	
568	24366	0.295864	-0.0160266	0.0178307	-0.0390453	
569	23622	0.284026	-0.0160266	0.00674882	-0.0390453	
570	22878	0.293924	-0.0160266	0.00691323	-0.0390453	
571	22134	0.294384	-0.0160266	0.0140819	-0.0390453	
572	21390	0.317798	-0.0160266	0.018883	-0.0390453	
573	20646	0.297114	-0.0160266	0.00905069	-0.0390453	
574	19902	0.257226	-0.0160266	0.01349	-0.0390453	
575	19158	0.282053	-0.0160266	0.0113526	-0.0390453	
576	18414	0.27153	-0.0160266	0.0132269	-0.0390453	
577	17670	0.280935	-0.0160266	0.0165482	-0.0390453	
578	16926	0.270445	-0.0160266	0.0156275	-0.0390453	
579	16182	0.282283	-0.0160266	0.0249007	-0.0390453	
580	15438	0.261369	-0.0160266	0.0195735	-0.0390453	
581	14694	0.280606	-0.0160266	0.0217439	-0.0390453	
582	13950	0.268143	-0.0160266	0.0246048	-0.0390453	
583	13206	0.282842	-0.0160266	0.021711	-0.0390453	
584	12462	0.277285	-0.0160266	0.0263147	-0.0390453	
585	11718	0.272352	-0.0160266	0.0263805	-0.0390453	
586	10974	0.279126	-0.0160266	0.0314775	-0.0390453	
587	10230	0.306584	-0.0160266	0.0289783	-0.0390453	
588	9486	0.287183	-0.0160266	0.0285837	-0.0390453	
589	8742	0.289616	-0.0160266	0.0274657	-0.0390453	
590	7998	0.289255	-0.0160266	0.0280247	-0.0390453	
591	7254	0.295831	-0.0160266	0.0407836	-0.0390453	
592	6510	0.296522	-0.0160266	0.0345028	-0.0390453	
593	5766	0.292477	-0.0160266	0.0374952	-0.0390453	
594	5022	0.312109	-0.0160266	0.0373966	-0.0390453	
595	4278	0.293266	-0.0160266	0.0333848	-0.0390453	
596	3534	0.303493	-0.0160266	0.0348316	-0.0390453	
597	2790	0.299153	-0.0160266	0.0387119	-0.0390453	
598	2046	0.298955	-0.0160266	0.0379227	-0.0390453	
599	1302	0.277383	-0.0160266	0.0326613	-0.0390453	
600	558	0.34348	-0.0209394	0.0362128	-0.0432445	
