# Filename	2016-09-23\4_delay.txt
# Date	2016-09-23
# Title	DL-Pro & DL-100 Locked delay scan.
# DL-Pro	365872.6 GHz
# DL-100	365856.7 GHz
# Static	100 mV Pulsed
# MWOn	On
# MWf	15932.0 MHz
# Attn	44 dB
# FixedAttn	6 dB
# B2	B2 = T2 + 2.050 us
# HP214B	HP 214B FIP at 5.5 on 100V setting ; Applied to Top ; Mesh & Vin of MCP @ +25V ; Vout of MCP @ +2025 V
# Oven	32 A
# Boxcar	Gate = 200 ns ; Amp = 25x ; Sensitivity = 5 mV
# Offset	+/- 30 mV IR/Oven offset.
# Bias	Top: 0 V ; Bot: -0.437 V ; IR: +0.065 V ; Oven: -0.065 V ; Vis: -0.006 V ; MW: +0.006 V
# Passes	4
i	step	norm	nbackground	signal	sbackground
0	0	0.330294	-0.0208999	0.0216123	-0.0444185
1	744	0.318883	-0.0208999	0.025394	-0.0444185
2	1488	0.314115	-0.0208999	0.0187185	-0.0444185
3	2232	0.31451	-0.0208999	0.0164496	-0.0444185
4	2976	0.325164	-0.0208999	0.0185212	-0.0444185
5	3720	0.317173	-0.0208999	0.016614	-0.0444185
6	4464	0.310136	-0.0208999	0.0141148	-0.0444185
7	5208	0.316318	-0.0208999	0.0124377	-0.0444185
8	5952	0.316022	-0.0208999	0.0127008	-0.0444185
9	6696	0.310235	-0.0208999	0.0159563	-0.0444185
10	7440	0.311287	-0.0208999	0.0151671	-0.0444185
11	8184	0.30448	-0.0208999	0.0126021	-0.0444185
12	8928	0.323684	-0.0208999	0.0186857	-0.0444185
13	9672	0.311254	-0.0208999	0.0269724	-0.0444185
14	10416	0.301487	-0.0208999	0.0169428	-0.0444185
15	11160	0.306058	-0.0208999	0.0150027	-0.0444185
16	11904	0.300698	-0.0208999	0.0139504	-0.0444185
17	12648	0.304874	-0.0208999	0.0234538	-0.0444185
18	13392	0.312734	-0.0208999	0.0165482	-0.0444185
19	14136	0.313194	-0.0208999	0.0176991	-0.0444185
20	14880	0.310202	-0.0208999	0.0315433	-0.0444185
21	15624	0.308623	-0.0208999	0.0285508	-0.0444185
22	16368	0.304809	-0.0208999	0.017173	-0.0444185
23	17112	0.293497	-0.0208999	0.0355222	-0.0444185
24	17856	0.301849	-0.0208999	0.0277616	-0.0444185
25	18600	0.306387	-0.0208999	0.033319	-0.0444185
26	19344	0.323651	-0.0208999	0.0315104	-0.0444185
27	20088	0.311977	-0.0208999	0.0374295	-0.0444185
28	20832	0.323388	-0.0208999	0.0388106	-0.0444185
29	21576	0.316976	-0.0208999	0.0260188	-0.0444185
30	22320	0.306815	-0.0208999	0.0269724	-0.0444185
31	23064	0.327466	-0.0208999	0.0389093	-0.0444185
32	23808	0.309215	-0.0208999	0.0398958	-0.0444185
33	24552	0.314773	-0.0208999	0.0321681	-0.0444185
34	25296	0.317897	-0.0208999	0.0356209	-0.0444185
35	26040	0.300567	-0.0208999	0.035029	-0.0444185
36	26784	0.300073	-0.0208999	0.0334505	-0.0444185
37	27528	0.289156	-0.0208999	0.040685	-0.0444185
38	28272	0.287545	-0.0208999	0.0273012	-0.0444185
39	29016	0.298857	-0.0208999	0.0251638	-0.0444185
40	29760	0.302967	-0.0208999	0.028781	-0.0444185
41	30504	0.325263	-0.0208999	0.030195	-0.0444185
42	31248	0.294779	-0.0208999	0.029077	-0.0444185
43	31992	0.299975	-0.0208999	0.0190803	-0.0444185
44	32736	0.299218	-0.0208999	0.0197708	-0.0444185
45	33480	0.280935	-0.0208999	0.0216781	-0.0444185
46	34224	0.288992	-0.0208999	0.0178636	-0.0444185
47	34968	0.270905	-0.0208999	0.0232565	-0.0444185
48	35712	0.275509	-0.0208999	0.0204285	-0.0444185
49	36456	0.295371	-0.0208999	0.0176334	-0.0444185
50	37200	0.295272	-0.0208999	0.0192447	-0.0444185
51	37944	0.289419	-0.0208999	0.00947818	-0.0444185
52	38688	0.272188	-0.0208999	0.00635421	-0.0444185
53	39432	0.303395	-0.0208999	0.0106949	-0.0444185
54	40176	0.296949	-0.0208999	0.0104318	-0.0444185
55	40920	0.27814	-0.0208999	0.0136873	-0.0444185
56	41664	0.277022	-0.0208999	0.0183897	-0.0444185
57	42408	0.279948	-0.0208999	0.0144765	-0.0444185
58	43152	0.28738	-0.0208999	0.00849166	-0.0444185
59	43896	0.291392	-0.0208999	0.00898492	-0.0444185
60	44640	0.291589	-0.0208999	0.010366	-0.0444185
61	45384	0.276397	-0.0208999	0.0107935	-0.0444185
62	46128	0.270544	-0.0208999	0.017469	-0.0444185
63	46872	0.297081	-0.0208999	0.00941241	-0.0444185
64	47616	0.300106	-0.0208999	0.0133914	-0.0444185
65	48360	0.302573	-0.0208999	0.0191789	-0.0444185
66	49104	0.298396	-0.0208999	0.0182911	-0.0444185
67	49848	0.308031	-0.0208999	0.0223029	-0.0444185
68	50592	0.304217	-0.0208999	0.0216123	-0.0444185
69	51336	0.288531	-0.0208999	0.0184555	-0.0444185
70	52080	0.292576	-0.0208999	0.0179951	-0.0444185
71	52824	0.303033	-0.0208999	0.0206258	-0.0444185
72	53568	0.311386	-0.0208999	0.0328586	-0.0444185
73	54312	0.303132	-0.0208999	0.026808	-0.0444185
74	55056	0.310498	-0.0208999	0.0246376	-0.0444185
75	55800	0.313786	-0.0208999	0.0321023	-0.0444185
76	56544	0.280935	-0.0208999	0.0249336	-0.0444185
77	57288	0.298035	-0.0208999	0.0206916	-0.0444185
78	58032	0.289485	-0.0208999	0.0301621	-0.0444185
79	58776	0.296982	-0.0208999	0.0326942	-0.0444185
80	59520	0.297772	-0.0208999	0.0225988	-0.0444185
81	60264	0.311122	-0.0208999	0.0368376	-0.0444185
82	61008	0.332694	-0.0208999	0.033023	-0.0444185
83	61752	0.299153	-0.0208999	0.0388764	-0.0444185
84	62496	0.303493	-0.0208999	0.0386791	-0.0444185
85	63240	0.291425	-0.0208999	0.0395669	-0.0444185
86	63984	0.290241	-0.0208999	0.0346343	-0.0444185
87	64728	0.291228	-0.0208999	0.0238813	-0.0444185
88	65472	0.296094	-0.0208999	0.0309185	-0.0444185
89	66216	0.30688	-0.0208999	0.0350947	-0.0444185
90	66960	0.292083	-0.0208999	0.0232565	-0.0444185
91	67704	0.292938	-0.0208999	0.0233881	-0.0444185
92	68448	0.288992	-0.0208999	0.0165811	-0.0444185
93	69192	0.273832	-0.0208999	0.0198037	-0.0444185
94	69936	0.270576	-0.0208999	0.0148711	-0.0444185
95	70680	0.274884	-0.0208999	0.0223687	-0.0444185
96	71424	0.294023	-0.0208999	0.0223358	-0.0444185
97	72168	0.283368	-0.0208999	0.021711	-0.0444185
98	72912	0.294352	-0.0208999	0.015759	-0.0444185
99	73656	0.283237	-0.0208999	0.0116156	-0.0444185
100	74400	0.27814	-0.0208999	0.0126021	-0.0444185
101	75144	0.302901	-0.0208999	0.0145752	-0.0444185
102	75888	0.292543	-0.0208999	0.0213164	-0.0444185
103	76632	0.293102	-0.0208999	0.0122733	-0.0444185
104	77376	0.304842	-0.0208999	0.0142792	-0.0444185
105	78120	0.288334	-0.0208999	0.0142463	-0.0444185
106	78864	0.278863	-0.0208999	0.00447983	-0.0444185
107	79608	0.280803	-0.0208999	0.00563076	-0.0444185
108	80352	0.286196	-0.0208999	0.00951106	-0.0444185
109	81096	0.271431	-0.0208999	0.00750514	-0.0444185
110	81840	0.272615	-0.0208999	0.0114512	-0.0444185
111	82584	0.296851	-0.0208999	0.00776822	-0.0444185
112	83328	0.294582	-0.0208999	0.00960971	-0.0444185
113	84072	0.295239	-0.0208999	0.0155617	-0.0444185
114	84816	0.275937	-0.0208999	0.012635	-0.0444185
115	85560	0.274786	-0.0208999	0.012931	-0.0444185
116	86304	0.288728	-0.0208999	0.0190145	-0.0444185
117	87048	0.288367	-0.0208999	0.00753803	-0.0444185
118	87792	0.284651	-0.0208999	0.0233223	-0.0444185
119	88536	0.278041	-0.0208999	0.0207902	-0.0444185
120	89280	0.286591	-0.0208999	0.0163509	-0.0444185
121	90024	0.290965	-0.0208999	0.0235525	-0.0444185
122	90768	0.305565	-0.0208999	0.0286166	-0.0444185
123	91512	0.273635	-0.0208999	0.0205929	-0.0444185
124	92256	0.291556	-0.0208999	0.0192776	-0.0444185
125	93000	0.279225	-0.0208999	0.0294716	-0.0444185
126	93744	0.305631	-0.0208999	0.025953	-0.0444185
127	94488	0.278534	-0.0208999	0.0322009	-0.0444185
128	95232	0.286065	-0.0208999	0.023125	-0.0444185
129	95976	0.27689	-0.0208999	0.0329573	-0.0444185
130	96720	0.291458	-0.0208999	0.031609	-0.0444185
131	97464	0.269886	-0.0208999	0.0291099	-0.0444185
132	98208	0.273141	-0.0208999	0.0192118	-0.0444185
133	98952	0.274358	-0.0208999	0.0300964	-0.0444185
134	99696	0.279784	-0.0208999	0.0246705	-0.0444185
135	100440	0.279061	-0.0208999	0.0282878	-0.0444185
136	101184	0.287117	-0.0208999	0.0200668	-0.0444185
137	101928	0.288959	-0.0208999	0.0246048	-0.0444185
138	102672	0.284322	-0.0208999	0.0342069	-0.0444185
139	103416	0.275542	-0.0208999	0.0252296	-0.0444185
140	104160	0.273109	-0.0208999	0.0243417	-0.0444185
141	104904	0.287117	-0.0208999	0.0167784	-0.0444185
142	105648	0.283631	-0.0208999	0.0206587	-0.0444185
143	106392	0.283467	-0.0208999	0.0263476	-0.0444185
144	107136	0.275608	-0.0208999	0.0265449	-0.0444185
145	107880	0.265545	-0.0208999	0.0248349	-0.0444185
146	108624	0.280705	-0.0208999	0.0180609	-0.0444185
147	109368	0.265282	-0.0208999	0.0169099	-0.0444185
148	110112	0.298594	-0.0208999	0.0215137	-0.0444185
149	110856	0.276923	-0.0208999	0.0223358	-0.0444185
150	111600	0.28373	-0.0208999	0.00878762	-0.0444185
151	111042	0.280705	-0.0208999	0.012076	-0.0444185
152	110298	0.274259	-0.0208999	0.0239142	-0.0444185
153	109554	0.275673	-0.0208999	0.0203956	-0.0444185
154	108810	0.264624	-0.0208999	0.00980702	-0.0444185
155	108066	0.286558	-0.0208999	0.022829	-0.0444185
156	107322	0.274358	-0.0208999	0.0111553	-0.0444185
157	106578	0.29718	-0.0208999	0.0225331	-0.0444185
158	105834	0.286953	-0.0208999	0.0243088	-0.0444185
159	105090	0.279718	-0.0208999	0.0210862	-0.0444185
160	104346	0.291228	-0.0208999	0.0256242	-0.0444185
161	103602	0.284388	-0.0208999	0.0235196	-0.0444185
162	102858	0.273635	-0.0208999	0.0290112	-0.0444185
163	102114	0.269721	-0.0208999	0.0257228	-0.0444185
164	101370	0.287939	-0.0208999	0.0238813	-0.0444185
165	100626	0.290471	-0.0208999	0.0307869	-0.0444185
166	99882	0.273207	-0.0208999	0.0220069	-0.0444185
167	99138	0.279488	-0.0208999	0.0195078	-0.0444185
168	98394	0.293628	-0.0208999	0.0266436	-0.0444185
169	97650	0.277252	-0.0208999	0.0323654	-0.0444185
170	96906	0.278534	-0.0208999	0.0260845	-0.0444185
171	96162	0.285013	-0.0208999	0.0266107	-0.0444185
172	95418	0.286131	-0.0208999	0.035029	-0.0444185
173	94674	0.282645	-0.0208999	0.0400602	-0.0444185
174	93930	0.285539	-0.0208999	0.0251638	-0.0444185
175	93186	0.28202	-0.0208999	0.0273999	-0.0444185
176	92442	0.29787	-0.0208999	0.0254597	-0.0444185
177	91698	0.280902	-0.0208999	0.0256899	-0.0444185
178	90954	0.272188	-0.0208999	0.0266436	-0.0444185
179	90210	0.273898	-0.0208999	0.0237827	-0.0444185
180	89466	0.280836	-0.0208999	0.0244403	-0.0444185
181	88722	0.287545	-0.0208999	0.0183568	-0.0444185
182	87978	0.293793	-0.0208999	0.0142463	-0.0444185
183	87234	0.284092	-0.0208999	0.0178965	-0.0444185
184	86490	0.294878	-0.0208999	0.0180938	-0.0444185
185	85746	0.28327	-0.0208999	0.0149698	-0.0444185
186	85002	0.284454	-0.0208999	0.0223029	-0.0444185
187	84258	0.282842	-0.0208999	0.0143121	-0.0444185
188	83514	0.267354	-0.0208999	0.0190145	-0.0444185
189	82770	0.264953	-0.0208999	0.00947818	-0.0444185
190	82026	0.277449	-0.0208999	0.0176663	-0.0444185
191	81282	0.296818	-0.0208999	0.0196722	-0.0444185
192	80538	0.275312	-0.0208999	0.00714342	-0.0444185
193	79794	0.290044	-0.0208999	0.0113197	-0.0444185
194	79050	0.28225	-0.0208999	0.0158248	-0.0444185
195	78306	0.287578	-0.0208999	0.0105305	-0.0444185
196	77562	0.287643	-0.0208999	0.00954395	-0.0444185
197	76818	0.285835	-0.0208999	0.0180938	-0.0444185
198	76074	0.281658	-0.0208999	0.0120102	-0.0444185
199	75330	0.286361	-0.0208999	0.012372	-0.0444185
200	74586	0.282217	-0.0208999	0.00934664	-0.0444185
201	73842	0.287939	-0.0208999	0.0168442	-0.0444185
202	73098	0.275673	-0.0208999	0.0161207	-0.0444185
203	72354	0.283335	-0.0208999	0.0192447	-0.0444185
204	71610	0.269228	-0.0208999	0.02227	-0.0444185
205	70866	0.280409	-0.0208999	0.0184884	-0.0444185
206	70122	0.297048	-0.0208999	0.0262161	-0.0444185
207	69378	0.289189	-0.0208999	0.0254269	-0.0444185
208	68634	0.283763	-0.0208999	0.0252296	-0.0444185
209	67890	0.277285	-0.0208999	0.0219741	-0.0444185
210	67146	0.293562	-0.0208999	0.025657	-0.0444185
211	66402	0.2859	-0.0208999	0.0259201	-0.0444185
212	65658	0.290932	-0.0208999	0.0352263	-0.0444185
213	64914	0.309643	-0.0208999	0.0346015	-0.0444185
214	64170	0.290997	-0.0208999	0.0320365	-0.0444185
215	63426	0.29399	-0.0208999	0.0221056	-0.0444185
216	62682	0.301553	-0.0208999	0.0351605	-0.0444185
217	61938	0.277219	-0.0208999	0.0251309	-0.0444185
218	61194	0.287676	-0.0208999	0.0305239	-0.0444185
219	60450	0.29251	-0.0208999	0.0327928	-0.0444185
220	59706	0.301783	-0.0208999	0.0209218	-0.0444185
221	58962	0.291195	-0.0208999	0.0318721	-0.0444185
222	58218	0.289847	-0.0208999	0.0243088	-0.0444185
223	57474	0.293825	-0.0208999	0.0329902	-0.0444185
224	56730	0.298133	-0.0208999	0.0294387	-0.0444185
225	55986	0.284881	-0.0208999	0.0377912	-0.0444185
226	55242	0.302112	-0.0208999	0.0255913	-0.0444185
227	54498	0.298429	-0.0208999	0.0251638	-0.0444185
228	53754	0.311122	-0.0208999	0.0317406	-0.0444185
229	53010	0.293365	-0.0208999	0.0280905	-0.0444185
230	52266	0.289419	-0.0208999	0.0203956	-0.0444185
231	51522	0.287413	-0.0208999	0.03105	-0.0444185
232	50778	0.299251	-0.0208999	0.0213164	-0.0444185
233	50034	0.308031	-0.0208999	0.0194749	-0.0444185
234	49290	0.296226	-0.0208999	0.0236511	-0.0444185
235	48546	0.308459	-0.0208999	0.0203956	-0.0444185
236	47802	0.299712	-0.0208999	0.014345	-0.0444185
237	47058	0.285966	-0.0208999	0.00832724	-0.0444185
238	46314	0.292543	-0.0208999	0.011517	-0.0444185
239	45570	0.279422	-0.0208999	0.0110237	-0.0444185
240	44826	0.279883	-0.0208999	0.0147067	-0.0444185
241	44082	0.284815	-0.0208999	0.0150027	-0.0444185
242	43338	0.282908	-0.0208999	0.00730784	-0.0444185
243	42594	0.267683	-0.0208999	0.0179622	-0.0444185
244	41850	0.267124	-0.0208999	0.00905069	-0.0444185
245	41106	0.261764	-0.0208999	0.00868896	-0.0444185
246	40362	0.272714	-0.0208999	0.00701189	-0.0444185
247	39618	0.261172	-0.0208999	0.0123062	-0.0444185
248	38874	0.254233	-0.0208999	0.0098399	-0.0444185
249	38130	0.277285	-0.0208999	0.0131612	-0.0444185
250	37386	0.269853	-0.0208999	0.0140162	-0.0444185
251	36642	0.25956	-0.0208999	0.0167784	-0.0444185
252	35898	0.266861	-0.0208999	0.0102674	-0.0444185
253	35154	0.260086	-0.0208999	0.00974125	-0.0444185
254	34410	0.258048	-0.0208999	0.0116485	-0.0444185
255	33666	0.267485	-0.0208999	0.0156603	-0.0444185
256	32922	0.265249	-0.0208999	0.0126021	-0.0444185
257	32178	0.286361	-0.0208999	0.0276301	-0.0444185
258	31434	0.278008	-0.0208999	0.0222371	-0.0444185
259	30690	0.277088	-0.0208999	0.0284851	-0.0444185
260	29946	0.295141	-0.0208999	0.0280905	-0.0444185
261	29202	0.273832	-0.0208999	0.0241444	-0.0444185
262	28458	0.304743	-0.0208999	0.0209547	-0.0444185
263	27714	0.272944	-0.0208999	0.0233881	-0.0444185
264	26970	0.300632	-0.0208999	0.0280247	-0.0444185
265	26226	0.299613	-0.0208999	0.0207573	-0.0444185
266	25482	0.28156	-0.0208999	0.0353578	-0.0444185
267	24738	0.307111	-0.0208999	0.035029	-0.0444185
268	23994	0.312898	-0.0208999	0.0352263	-0.0444185
269	23250	0.299843	-0.0208999	0.0281233	-0.0444185
270	22506	0.30152	-0.0208999	0.0322009	-0.0444185
271	21762	0.330425	-0.0208999	0.036443	-0.0444185
272	21018	0.303592	-0.0208999	0.0436116	-0.0444185
273	20274	0.306519	-0.0208999	0.0305896	-0.0444185
274	19530	0.308952	-0.0208999	0.0294387	-0.0444185
275	18786	0.318587	-0.0208999	0.0323654	-0.0444185
276	18042	0.30836	-0.0208999	0.0346343	-0.0444185
277	17298	0.292839	-0.0208999	0.0337794	-0.0444185
278	16554	0.326742	-0.0208999	0.0316419	-0.0444185
279	15810	0.31668	-0.0208999	0.0297346	-0.0444185
280	15066	0.296292	-0.0208999	0.0200339	-0.0444185
281	14322	0.323388	-0.0208999	0.032464	-0.0444185
282	13578	0.309478	-0.0208999	0.0244732	-0.0444185
283	12834	0.317798	-0.0208999	0.0201654	-0.0444185
284	12090	0.315101	-0.0208999	0.0222042	-0.0444185
285	11346	0.318719	-0.0208999	0.0233223	-0.0444185
286	10602	0.320133	-0.0208999	0.0183897	-0.0444185
287	9858	0.314937	-0.0208999	0.0130296	-0.0444185
288	9114	0.328584	-0.0208999	0.0220069	-0.0444185
289	8370	0.317469	-0.0208999	0.01349	-0.0444185
290	7626	0.320034	-0.0208999	0.0237498	-0.0444185
291	6882	0.303197	-0.0208999	0.0224015	-0.0444185
292	6138	0.296489	-0.0208999	0.010103	-0.0444185
293	5394	0.310037	-0.0208999	0.0146409	-0.0444185
294	4650	0.307012	-0.0208999	0.00954395	-0.0444185
295	3906	0.302704	-0.0208999	0.0176334	-0.0444185
296	3162	0.302507	-0.0208999	0.0136215	-0.0444185
297	2418	0.315233	-0.0208999	0.010662	-0.0444185
298	1674	0.312734	-0.0208999	0.0127994	-0.0444185
299	930	0.313786	-0.0208999	0.0238813	-0.0444185
300	186	0.307966	-0.0208999	0.0144765	-0.0444185
301	372	0.294779	-0.0208999	0.0158576	-0.0444185
302	1116	0.289814	-0.0208999	0.0139833	-0.0444185
303	1860	0.30254	-0.0208999	0.0128652	-0.0444185
304	2604	0.279784	-0.0208999	0.018028	-0.0444185
305	3348	0.29103	-0.0208999	0.0160221	-0.0444185
306	4092	0.291425	-0.0208999	0.0105633	-0.0444185
307	4836	0.298922	-0.0208999	0.0194091	-0.0444185
308	5580	0.29011	-0.0208999	0.0096426	-0.0444185
309	6324	0.284026	-0.0208999	0.0183897	-0.0444185
310	7068	0.290866	-0.0208999	0.00743938	-0.0444185
311	7812	0.277285	-0.0208999	0.0185212	-0.0444185
312	8556	0.298857	-0.0208999	0.00997144	-0.0444185
313	9300	0.320297	-0.0208999	0.0135887	-0.0444185
314	10044	0.309478	-0.0208999	0.0173374	-0.0444185
315	10788	0.295634	-0.0208999	0.0171401	-0.0444185
316	11532	0.299186	-0.0208999	0.0192447	-0.0444185
317	12276	0.286361	-0.0208999	0.00724207	-0.0444185
318	13020	0.299087	-0.0208999	0.0172388	-0.0444185
319	13764	0.308492	-0.0208999	0.0215794	-0.0444185
320	14508	0.282809	-0.0208999	0.0166797	-0.0444185
321	15252	0.312997	-0.0208999	0.0292085	-0.0444185
322	15996	0.299843	-0.0208999	0.023125	-0.0444185
323	16740	0.299745	-0.0208999	0.0316748	-0.0444185
324	17484	0.298331	-0.0208999	0.0289454	-0.0444185
325	18228	0.268077	-0.0208999	0.0270053	-0.0444185
326	18972	0.298857	-0.0208999	0.0334176	-0.0444185
327	19716	0.297706	-0.0208999	0.0234209	-0.0444185
328	20460	0.277515	-0.0208999	0.0305239	-0.0444185
329	21204	0.28692	-0.0208999	0.0263805	-0.0444185
330	21948	0.285539	-0.0208999	0.0331217	-0.0444185
331	22692	0.288268	-0.0208999	0.0365416	-0.0444185
332	23436	0.304743	-0.0208999	0.0337465	-0.0444185
333	24180	0.288531	-0.0208999	0.0302937	-0.0444185
334	24924	0.297739	-0.0208999	0.0321352	-0.0444185
335	25668	0.291918	-0.0208999	0.0322009	-0.0444185
336	26412	0.284684	-0.0208999	0.0277945	-0.0444185
337	27156	0.29251	-0.0208999	0.0233881	-0.0444185
338	27900	0.295831	-0.0208999	0.0307212	-0.0444185
339	28644	0.294648	-0.0208999	0.028781	-0.0444185
340	29388	0.28932	-0.0208999	0.026808	-0.0444185
341	30132	0.290669	-0.0208999	0.0301293	-0.0444185
342	30876	0.315924	-0.0208999	0.0242759	-0.0444185
343	31620	0.277219	-0.0208999	0.0249994	-0.0444185
344	32364	0.293201	-0.0208999	0.0284851	-0.0444185
345	33108	0.288761	-0.0208999	0.023684	-0.0444185
346	33852	0.290471	-0.0208999	0.00888627	-0.0444185
347	34596	0.27791	-0.0208999	0.0183239	-0.0444185
348	35340	0.278896	-0.0208999	0.0184555	-0.0444185
349	36084	0.302836	-0.0208999	0.0139504	-0.0444185
350	36828	0.278995	-0.0208999	0.0272026	-0.0444185
351	37572	0.280836	-0.0208999	0.0113197	-0.0444185
352	38316	0.273372	-0.0208999	0.0164496	-0.0444185
353	39060	0.277548	-0.0208999	0.0141148	-0.0444185
354	39804	0.279883	-0.0208999	0.0136544	-0.0444185
355	40548	0.252063	-0.0208999	0.0104647	-0.0444185
356	41292	0.276956	-0.0208999	0.0144108	-0.0444185
357	42036	0.264953	-0.0208999	0.00954395	-0.0444185
358	42780	0.270642	-0.0208999	0.00671593	-0.0444185
359	43524	0.27541	-0.0208999	0.0125364	-0.0444185
360	44268	0.274884	-0.0208999	0.000632414	-0.0444185
361	45012	0.26765	-0.0208999	0.0141148	-0.0444185
362	45756	0.271629	-0.0208999	0.0175347	-0.0444185
363	46500	0.262421	-0.0208999	0.00727496	-0.0444185
364	47244	0.276956	-0.0208999	0.00987278	-0.0444185
365	47988	0.273076	-0.0208999	0.0153315	-0.0444185
366	48732	0.284355	-0.0208999	0.0114512	-0.0444185
367	49476	0.285243	-0.0208999	0.0171401	-0.0444185
368	50220	0.287841	-0.0208999	0.0155946	-0.0444185
369	50964	0.288334	-0.0208999	0.0155288	-0.0444185
370	51708	0.285933	-0.0208999	0.0153315	-0.0444185
371	52452	0.296785	-0.0208999	0.0170415	-0.0444185
372	53196	0.280738	-0.0208999	0.0202312	-0.0444185
373	53940	0.289419	-0.0208999	0.0173703	-0.0444185
374	54684	0.296818	-0.0208999	0.0290112	-0.0444185
375	55428	0.283862	-0.0208999	0.0259201	-0.0444185
376	56172	0.288202	-0.0208999	0.0269724	-0.0444185
377	56916	0.282217	-0.0208999	0.0182582	-0.0444185
378	57660	0.275838	-0.0208999	0.0185212	-0.0444185
379	58404	0.288268	-0.0208999	0.0260188	-0.0444185
380	59148	0.287709	-0.0208999	0.0392052	-0.0444185
381	59892	0.295503	-0.0208999	0.031346	-0.0444185
382	60636	0.294417	-0.0208999	0.0345028	-0.0444185
383	61380	0.305532	-0.0208999	0.0363772	-0.0444185
384	62124	0.291425	-0.0208999	0.0412111	-0.0444185
385	62868	0.295141	-0.0208999	0.0301621	-0.0444185
386	63612	0.291885	-0.0208999	0.0242102	-0.0444185
387	64356	0.302145	-0.0208999	0.0331217	-0.0444185
388	65100	0.27712	-0.0208999	0.0248678	-0.0444185
389	65844	0.306124	-0.0208999	0.037002	-0.0444185
390	66588	0.302112	-0.0208999	0.0391066	-0.0444185
391	67332	0.285604	-0.0208999	0.0226646	-0.0444185
392	68076	0.298922	-0.0208999	0.0238155	-0.0444185
393	68820	0.288696	-0.0208999	0.0151013	-0.0444185
394	69564	0.293036	-0.0208999	0.0188501	-0.0444185
395	70308	0.284782	-0.0208999	0.00832724	-0.0444185
396	71052	0.281264	-0.0208999	0.00914934	-0.0444185
397	71796	0.285243	-0.0208999	0.0162523	-0.0444185
398	72540	0.282875	-0.0208999	0.0172388	-0.0444185
399	73284	0.286295	-0.0208999	0.0164496	-0.0444185
400	74028	0.272484	-0.0208999	0.0141806	-0.0444185
401	74772	0.258146	-0.0208999	0.00796552	-0.0444185
402	75516	0.270182	-0.0208999	0.00602537	-0.0444185
403	76260	0.262224	-0.0208999	0.0108264	-0.0444185
404	77004	0.260678	-0.0208999	0.00947818	-0.0444185
405	77748	0.276002	-0.0208999	0.0114183	-0.0444185
406	78492	0.26594	-0.0208999	0.00763668	-0.0444185
407	79236	0.264493	-0.0208999	0.00750514	-0.0444185
408	79980	0.26765	-0.0208999	0.00513751	-0.0444185
409	80724	0.270774	-0.0208999	0.00829436	-0.0444185
410	81468	0.286131	-0.0208999	0.00125721	-0.0444185
411	82212	0.273437	-0.0208999	0.0101359	-0.0444185
412	82956	0.287051	-0.0208999	0.0115827	-0.0444185
413	83700	0.273536	-0.0208999	0.0159892	-0.0444185
414	84444	0.291458	-0.0208999	0.0096426	-0.0444185
415	85188	0.269985	-0.0208999	0.0208889	-0.0444185
416	85932	0.277975	-0.0208999	0.0138188	-0.0444185
417	86676	0.277811	-0.0208999	0.0127008	-0.0444185
418	87420	0.277285	-0.0208999	0.0149698	-0.0444185
419	88164	0.272944	-0.0208999	0.0188172	-0.0444185
420	88908	0.269162	-0.0208999	0.0205272	-0.0444185
421	89652	0.288465	-0.0208999	0.0178636	-0.0444185
422	90396	0.281034	-0.0208999	0.0177978	-0.0444185
423	91140	0.30425	-0.0208999	0.0189487	-0.0444185
424	91884	0.274095	-0.0208999	0.0208231	-0.0444185
425	92628	0.277055	-0.0208999	0.0263476	-0.0444185
426	93372	0.265907	-0.0208999	0.026249	-0.0444185
427	94116	0.277712	-0.0208999	0.0184226	-0.0444185
428	94860	0.294286	-0.0208999	0.0281562	-0.0444185
429	95604	0.284585	-0.0208999	0.0248678	-0.0444185
430	96348	0.263506	-0.0208999	0.0234209	-0.0444185
431	97092	0.258377	-0.0208999	0.0407836	-0.0444185
432	97836	0.271464	-0.0208999	0.0202641	-0.0444185
433	98580	0.26982	-0.0208999	0.018883	-0.0444185
434	99324	0.269919	-0.0208999	0.0254269	-0.0444185
435	100068	0.268373	-0.0208999	0.0209875	-0.0444185
436	100812	0.272418	-0.0208999	0.0322338	-0.0444185
437	101556	0.277449	-0.0208999	0.0244732	-0.0444185
438	102300	0.263112	-0.0208999	0.0163509	-0.0444185
439	103044	0.271958	-0.0208999	0.0195406	-0.0444185
440	103788	0.261961	-0.0208999	0.0237827	-0.0444185
441	104532	0.259856	-0.0208999	0.0127666	-0.0444185
442	105276	0.286887	-0.0208999	0.0203299	-0.0444185
443	106020	0.278206	-0.0208999	0.0263147	-0.0444185
444	106764	0.273437	-0.0208999	0.0201983	-0.0444185
445	107508	0.29182	-0.0208999	0.0197051	-0.0444185
446	108252	0.267617	-0.0208999	0.0155946	-0.0444185
447	108996	0.272582	-0.0208999	0.0126679	-0.0444185
448	109740	0.291655	-0.0208999	0.0206258	-0.0444185
449	110484	0.268768	-0.0208999	0.00559788	-0.0444185
450	111228	0.280376	-0.0208999	0.0133914	-0.0444185
451	111414	0.275443	-0.0208999	0.0128652	-0.0444185
452	110670	0.287808	-0.0208999	0.0148382	-0.0444185
453	109926	0.283533	-0.0208999	0.0176991	-0.0444185
454	109182	0.287216	-0.0208999	0.0139504	-0.0444185
455	108438	0.289255	-0.0208999	0.0244075	-0.0444185
456	107694	0.269623	-0.0208999	0.0184884	-0.0444185
457	106950	0.265874	-0.0208999	0.0145752	-0.0444185
458	106206	0.287906	-0.0208999	0.0178965	-0.0444185
459	105462	0.291195	-0.0208999	0.0216452	-0.0444185
460	104718	0.28692	-0.0208999	0.0237498	-0.0444185
461	103974	0.287643	-0.0208999	0.0186199	-0.0444185
462	103230	0.264986	-0.0208999	0.0175676	-0.0444185
463	102486	0.253839	-0.0208999	0.0184226	-0.0444185
464	101742	0.268012	-0.0208999	0.0214479	-0.0444185
465	100998	0.282053	-0.0208999	0.0238155	-0.0444185
466	100254	0.27324	-0.0208999	0.0286495	-0.0444185
467	99510	0.284848	-0.0208999	0.0239142	-0.0444185
468	98766	0.268867	-0.0208999	0.0293072	-0.0444185
469	98022	0.291359	-0.0208999	0.0217767	-0.0444185
470	97278	0.277811	-0.0208999	0.0221714	-0.0444185
471	96534	0.259297	-0.0208999	0.0258872	-0.0444185
472	95790	0.280343	-0.0208999	0.0246705	-0.0444185
473	95046	0.261895	-0.0208999	0.0164496	-0.0444185
474	94302	0.282612	-0.0208999	0.0255913	-0.0444185
475	93558	0.287446	-0.0208999	0.0265449	-0.0444185
476	92814	0.280113	-0.0208999	0.0280576	-0.0444185
477	92070	0.274029	-0.0208999	0.0183568	-0.0444185
478	91326	0.29889	-0.0208999	0.0211848	-0.0444185
479	90582	0.280475	-0.0208999	0.0166469	-0.0444185
480	89838	0.300041	-0.0208999	0.0154959	-0.0444185
481	89094	0.293299	-0.0208999	0.0195735	-0.0444185
482	88350	0.274819	-0.0208999	0.014049	-0.0444185
483	87606	0.295141	-0.0208999	0.0195078	-0.0444185
484	86862	0.284223	-0.0208999	0.0164167	-0.0444185
485	86118	0.284388	-0.0208999	0.0126021	-0.0444185
486	85374	0.2737	-0.0208999	0.00323024	-0.0444185
487	84630	0.259067	-0.0208999	0.000500879	-0.0444185
488	83886	0.269557	-0.0208999	0.00766956	-0.0444185
489	83142	0.268307	-0.0208999	0.0090178	-0.0444185
490	82398	0.265611	-0.0208999	0.0096426	-0.0444185
491	81654	0.26663	-0.0208999	-0.00180099	-0.0444185
492	80910	0.266729	-0.0208999	0.00816282	-0.0444185
493	80166	0.270971	-0.0208999	-0.00601013	-0.0444185
494	79422	0.276463	-0.0208999	0.00688035	-0.0444185
495	78678	0.267025	-0.0208999	0.00592672	-0.0444185
496	77934	0.268768	-0.0208999	0.00635421	-0.0444185
497	77190	0.262849	-0.0208999	0.00520327	-0.0444185
498	76446	0.26446	-0.0208999	0.00526904	-0.0444185
499	75702	0.28419	-0.0208999	0.0140162	-0.0444185
500	74958	0.278732	-0.0208999	0.00937953	-0.0444185
501	74214	0.263638	-0.0208999	0.0104318	-0.0444185
502	73470	0.282119	-0.0208999	0.0111553	-0.0444185
503	72726	0.272977	-0.0208999	0.0138188	-0.0444185
504	71982	0.277383	-0.0208999	0.0228948	-0.0444185
505	71238	0.283434	-0.0208999	0.0163838	-0.0444185
506	70494	0.305006	-0.0208999	0.0141806	-0.0444185
507	69750	0.278699	-0.0208999	0.0150027	-0.0444185
508	69006	0.284782	-0.0208999	0.0237827	-0.0444185
509	68262	0.289518	-0.0208999	0.0222371	-0.0444185
510	67518	0.283631	-0.0208999	0.0300635	-0.0444185
511	66774	0.277482	-0.0208999	0.0184884	-0.0444185
512	66030	0.26298	-0.0208999	0.0162523	-0.0444185
513	65286	0.280902	-0.0208999	0.0266764	-0.0444185
514	64542	0.266926	-0.0208999	0.020297	-0.0444185
515	63798	0.278074	-0.0208999	0.0306225	-0.0444185
516	63054	0.277383	-0.0208999	0.0312802	-0.0444185
517	62310	0.286525	-0.0208999	0.0272355	-0.0444185
518	61566	0.271431	-0.0208999	0.0184555	-0.0444185
519	60822	0.273372	-0.0208999	0.0186528	-0.0444185
520	60078	0.28692	-0.0208999	0.0255913	-0.0444185
521	59334	0.296127	-0.0208999	0.0278931	-0.0444185
522	58590	0.27518	-0.0208999	0.0267751	-0.0444185
523	57846	0.268406	-0.0208999	0.0236182	-0.0444185
524	57102	0.281362	-0.0208999	0.028222	-0.0444185
525	56358	0.270807	-0.0208999	0.0181266	-0.0444185
526	55614	0.260777	-0.0208999	0.0175347	-0.0444185
527	54870	0.274227	-0.0208999	0.0227304	-0.0444185
528	54126	0.263375	-0.0208999	0.0205272	-0.0444185
529	53382	0.281395	-0.0208999	0.0169757	-0.0444185
530	52638	0.278173	-0.0208999	0.0196393	-0.0444185
531	51894	0.282875	-0.0208999	0.0214808	-0.0444185
532	51150	0.260744	-0.0208999	0.0122733	-0.0444185
533	50406	0.265808	-0.0208999	0.00641998	-0.0444185
534	49662	0.280803	-0.0208999	0.0122075	-0.0444185
535	48918	0.26663	-0.0208999	0.0131941	-0.0444185
536	48174	0.272221	-0.0208999	0.00921511	-0.0444185
537	47430	0.287051	-0.0208999	0.00461136	-0.0444185
538	46686	0.26298	-0.0208999	0.00845878	-0.0444185
539	45942	0.276824	-0.0208999	0.00428252	-0.0444185
540	45198	0.266236	-0.0208999	0.00273698	-0.0444185
541	44454	0.256469	-0.0208999	0.00888627	-0.0444185
542	43710	0.270149	-0.0208999	0.00599249	-0.0444185
543	42966	0.273964	-0.0208999	0.006979	-0.0444185
544	42222	0.291984	-0.0208999	0.0128981	-0.0444185
545	41478	0.270182	-0.0208999	0.0168113	-0.0444185
546	40734	0.275838	-0.0208999	0.00359196	-0.0444185
547	39990	0.274029	-0.0208999	0.00878762	-0.0444185
548	39246	0.273964	-0.0208999	0.01349	-0.0444185
549	38502	0.280902	-0.0208999	0.010366	-0.0444185
550	37758	0.276134	-0.0208999	0.0158905	-0.0444185
551	37014	0.278008	-0.0208999	0.0183239	-0.0444185
552	36270	0.275575	-0.0208999	0.0139504	-0.0444185
553	35526	0.277088	-0.0208999	0.0222371	-0.0444185
554	34782	0.301948	-0.0208999	0.0195078	-0.0444185
555	34038	0.287479	-0.0208999	0.0243417	-0.0444185
556	33294	0.270872	-0.0208999	0.019442	-0.0444185
557	32550	0.281428	-0.0208999	0.0234209	-0.0444185
558	31806	0.294121	-0.0208999	0.0224673	-0.0444185
559	31062	0.300961	-0.0208999	0.0191789	-0.0444185
560	30318	0.298594	-0.0208999	0.0209218	-0.0444185
561	29574	0.285045	-0.0208999	0.0281562	-0.0444185
562	28830	0.303428	-0.0208999	0.0246705	-0.0444185
563	28086	0.286295	-0.0208999	0.025657	-0.0444185
564	27342	0.289057	-0.0208999	0.0214808	-0.0444185
565	26598	0.304874	-0.0208999	0.0382845	-0.0444185
566	25854	0.288202	-0.0208999	0.0307869	-0.0444185
567	25110	0.316121	-0.0208999	0.0312144	-0.0444185
568	24366	0.322796	-0.0208999	0.0193105	-0.0444185
569	23622	0.311418	-0.0208999	0.0325298	-0.0444185
570	22878	0.306354	-0.0208999	0.0283535	-0.0444185
571	22134	0.300534	-0.0208999	0.027367	-0.0444185
572	21390	0.282875	-0.0208999	0.0209875	-0.0444185
573	20646	0.314707	-0.0208999	0.0218754	-0.0444185
574	19902	0.314312	-0.0208999	0.0298004	-0.0444185
575	19158	0.301586	-0.0208999	0.0354893	-0.0444185
576	18414	0.28738	-0.0208999	0.0340753	-0.0444185
577	17670	0.289057	-0.0208999	0.0210862	-0.0444185
578	16926	0.296949	-0.0208999	0.0112868	-0.0444185
579	16182	0.274259	-0.0208999	0.0163509	-0.0444185
580	15438	0.285572	-0.0208999	0.0151671	-0.0444185
581	14694	0.287183	-0.0208999	0.0204614	-0.0444185
582	13950	0.277975	-0.0208999	0.0128323	-0.0444185
583	13206	0.271563	-0.0208999	0.0133256	-0.0444185
584	12462	0.30254	-0.0208999	0.0226646	-0.0444185
585	11718	0.28544	-0.0208999	0.0179293	-0.0444185
586	10974	0.288301	-0.0208999	0.0119116	-0.0444185
587	10230	0.29205	-0.0208999	0.00931376	-0.0444185
588	9486	0.277647	-0.0208999	0.00875473	-0.0444185
589	8742	0.28225	-0.0208999	0.0173374	-0.0444185
590	7998	0.280869	-0.0208999	0.0133256	-0.0444185
591	7254	0.296259	-0.0208999	0.0134571	-0.0444185
592	6510	0.314838	-0.0208999	0.0114183	-0.0444185
593	5766	0.28909	-0.0208999	0.0100043	-0.0444185
594	5022	0.311517	-0.0208999	0.00895204	-0.0444185
595	4278	0.278206	-0.0208999	0.0076038	-0.0444185
596	3534	0.285078	-0.0208999	0.0118787	-0.0444185
597	2790	0.291852	-0.0208999	0.00513751	-0.0444185
598	2046	0.292346	-0.0208999	0.0139504	-0.0444185
599	1302	0.312405	-0.0208999	0.00622267	-0.0444185
600	558	0.344467	-0.0240436	0.0210533	-0.0464803
