# Filename	5_delay.txt
# Date	2016-09-23
# Title	DL-Pro & DL-100 Locked delay scan.
# DL-Pro	365856.7 GHz
# DL-100	365840.7 GHz
# Static	100 mV Pulsed
# MWOn	On
# MWf	15932.0 MHz
# Attn	44 dB
# FixedAttn	6 dB
# B2	B2 = T2 + 2.050 us
# HP214B	HP 214B FIP at 5.5 on 100V setting ; Applied to Top ; Mesh & Vin of MCP @ +25V ; Vout of MCP @ +2025 V
# Oven	32 A
# Boxcar	Gate = 200 ns ; Amp = 25x ; Sensitivity = 5 mV
# Offset	+/- 30 mV IR/Oven offset.
# Bias	Top: 0 V ; Bot: -0.437 V ; IR: +0.065 V ; Oven: -0.065 V ; Vis: -0.006 V ; MW: +0.006 V
# Passes	4
i, step, norm, nbackground, signal, sbackground
0	0	0.285243	-0.0231065	0.0895176	-0.047115	
1	744	0.285506	-0.0231065	0.0927402	-0.047115	
2	1488	0.291984	-0.0231065	0.0948447	-0.047115	
3	2232	0.274851	-0.0231065	0.0912604	-0.047115	
4	2976	0.275147	-0.0231065	0.0912275	-0.047115	
5	3720	0.280376	-0.0231065	0.0928717	-0.047115	
6	4464	0.288992	-0.0231065	0.101224	-0.047115	
7	5208	0.28179	-0.0231065	0.0949763	-0.047115	
8	5952	0.295272	-0.0231065	0.0932663	-0.047115	
9	6696	0.289452	-0.0231065	0.0938911	-0.047115	
10	7440	0.292609	-0.0231065	0.095042	-0.047115	
11	8184	0.29057	-0.0231065	0.0906685	-0.047115	
12	8928	0.282152	-0.0231065	0.0821187	-0.047115	
13	9672	0.280507	-0.0231065	0.0919181	-0.047115	
14	10416	0.265414	-0.0231065	0.0839273	-0.047115	
15	11160	0.277285	-0.0231065	0.0943515	-0.047115	
16	11904	0.291228	-0.0231065	0.0864922	-0.047115	
17	12648	0.308196	-0.0231065	0.0893202	-0.047115	
18	13392	0.292181	-0.0231065	0.0884653	-0.047115	
19	14136	0.289222	-0.0231065	0.0854071	-0.047115	
20	14880	0.293036	-0.0231065	0.0903725	-0.047115	
21	15624	0.271136	-0.0231065	0.0778109	-0.047115	
22	16368	0.26035	-0.0231065	0.075509	-0.047115	
23	17112	0.277942	-0.0231065	0.0864593	-0.047115	
24	17856	0.284519	-0.0231065	0.0878076	-0.047115	
25	18600	0.304118	-0.0231065	0.0918523	-0.047115	
26	19344	0.309412	-0.0231065	0.0867882	-0.047115	
27	20088	0.304513	-0.0231065	0.0920496	-0.047115	
28	20832	0.306848	-0.0231065	0.0802772	-0.047115	
29	21576	0.308755	-0.0231065	0.0757392	-0.047115	
30	22320	0.293168	-0.0231065	0.0830065	-0.047115	
31	23064	0.314378	-0.0231065	0.0806718	-0.047115	
32	23808	0.301718	-0.0231065	0.0744567	-0.047115	
33	24552	0.304743	-0.0231065	0.0858346	-0.047115	
34	25296	0.288301	-0.0231065	0.0898793	-0.047115	
35	26040	0.288137	-0.0231065	0.0878734	-0.047115	
36	26784	0.290011	-0.0231065	0.0803758	-0.047115	
37	27528	0.297837	-0.0231065	0.089682	-0.047115	
38	28272	0.297541	-0.0231065	0.0829737	-0.047115	
39	29016	0.299482	-0.0231065	0.0841246	-0.047115	
40	29760	0.274621	-0.0231065	0.0787974	-0.047115	
41	30504	0.282974	-0.0231065	0.0873472	-0.047115	
42	31248	0.305302	-0.0231065	0.0978043	-0.047115	
43	31992	0.297903	-0.0231065	0.0760352	-0.047115	
44	32736	0.292938	-0.0231065	0.0795537	-0.047115	
45	33480	0.271958	-0.0231065	0.0812308	-0.047115	
46	34224	0.283072	-0.0231065	0.0930361	-0.047115	
47	34968	0.296259	-0.0231065	0.0995143	-0.047115	
48	35712	0.282776	-0.0231065	0.0999417	-0.047115	
49	36456	0.298495	-0.0231065	0.093628	-0.047115	
50	37200	0.309117	-0.0231065	0.0992841	-0.047115	
51	37944	0.294319	-0.0231065	0.0982647	-0.047115	
52	38688	0.295535	-0.0231065	0.0975083	-0.047115	
53	39432	0.306716	-0.0231065	0.0951078	-0.047115	
54	40176	0.300731	-0.0231065	0.101027	-0.047115	
55	40920	0.305236	-0.0231065	0.102244	-0.047115	
56	41664	0.302638	-0.0231065	0.0955682	-0.047115	
57	42408	0.312865	-0.0231065	0.097048	-0.047115	
58	43152	0.313194	-0.0231065	0.0995471	-0.047115	
59	43896	0.291721	-0.0231065	0.0982318	-0.047115	
60	44640	0.278271	-0.0231065	0.0875445	-0.047115	
61	45384	0.295239	-0.0231065	0.0924113	-0.047115	
62	46128	0.303954	-0.0231065	0.10106	-0.047115	
63	46872	0.29912	-0.0231065	0.105105	-0.047115	
64	47616	0.285539	-0.0231065	0.0963245	-0.047115	
65	48360	0.303724	-0.0231065	0.0965547	-0.047115	
66	49104	0.305401	-0.0231065	0.0868868	-0.047115	
67	49848	0.279948	-0.0231065	0.095338	-0.047115	
68	50592	0.291129	-0.0231065	0.0983633	-0.047115	
69	51336	0.299777	-0.0231065	0.0875116	-0.047115	
70	52080	0.281231	-0.0231065	0.0903068	-0.047115	
71	52824	0.289222	-0.0231065	0.0983633	-0.047115	
72	53568	0.301816	-0.0231065	0.0813623	-0.047115	
73	54312	0.28419	-0.0231065	0.0895176	-0.047115	
74	55056	0.275509	-0.0231065	0.0883995	-0.047115	
75	55800	0.259034	-0.0231065	0.0847494	-0.047115	
76	56544	0.281066	-0.0231065	0.0740292	-0.047115	
77	57288	0.302046	-0.0231065	0.081461	-0.047115	
78	58032	0.293924	-0.0231065	0.0921483	-0.047115	
79	58776	0.280606	-0.0231065	0.0768244	-0.047115	
80	59520	0.290438	-0.0231065	0.0725495	-0.047115	
81	60264	0.278436	-0.0231065	0.0832038	-0.047115	
82	61008	0.272747	-0.0231065	0.0871828	-0.047115	
83	61752	0.259955	-0.0231065	0.0766928	-0.047115	
84	62496	0.262092	-0.0231065	0.0779424	-0.047115	
85	63240	0.273372	-0.0231065	0.0801128	-0.047115	
86	63984	0.2859	-0.0231065	0.0813623	-0.047115	
87	64728	0.294648	-0.0231065	0.0784028	-0.047115	
88	65472	0.281626	-0.0231065	0.0815596	-0.047115	
89	66216	0.265545	-0.0231065	0.0757721	-0.047115	
90	66960	0.279422	-0.0231065	0.0802114	-0.047115	
91	67704	0.264263	-0.0231065	0.0718918	-0.047115	
92	68448	0.270149	-0.0231065	0.0894847	-0.047115	
93	69192	0.286295	-0.0231065	0.0941542	-0.047115	
94	69936	0.281494	-0.0231065	0.0840588	-0.047115	
95	70680	0.276463	-0.0231065	0.0861963	-0.047115	
96	71424	0.295437	-0.0231065	0.0901095	-0.047115	
97	72168	0.293694	-0.0231065	0.0940884	-0.047115	
98	72912	0.280869	-0.0231065	0.0893202	-0.047115	
99	73656	0.292543	-0.0231065	0.0986593	-0.047115	
100	74400	0.29057	-0.0231065	0.097607	-0.047115	
101	75144	0.300797	-0.0231065	0.110037	-0.047115	
102	75888	0.278765	-0.0231065	0.102309	-0.047115	
103	76632	0.294615	-0.0231065	0.096193	-0.047115	
104	77376	0.289419	-0.0231065	0.0944501	-0.047115	
105	78120	0.285604	-0.0231065	0.103197	-0.047115	
106	78864	0.291458	-0.0231065	0.10175	-0.047115	
107	79608	0.315628	-0.0231065	0.112602	-0.047115	
108	80352	0.2859	-0.0231065	0.0969493	-0.047115	
109	81096	0.30254	-0.0231065	0.101191	-0.047115	
110	81840	0.302046	-0.0231065	0.0945159	-0.047115	
111	82584	0.296127	-0.0231065	0.101389	-0.047115	
112	83328	0.298528	-0.0231065	0.100402	-0.047115	
113	84072	0.306157	-0.0231065	0.0874459	-0.047115	
114	84816	0.289024	-0.0231065	0.100895	-0.047115	
115	85560	0.308196	-0.0231065	0.102441	-0.047115	
116	86304	0.299416	-0.0231065	0.0978372	-0.047115	
117	87048	0.302441	-0.0231065	0.0924771	-0.047115	
118	87792	0.294187	-0.0231065	0.102013	-0.047115	
119	88536	0.299317	-0.0231065	0.0962587	-0.047115	
120	89280	0.303954	-0.0231065	0.0855715	-0.047115	
121	90024	0.294121	-0.0231065	0.098462	-0.047115	
122	90768	0.299054	-0.0231065	0.0836313	-0.047115	
123	91512	0.300928	-0.0231065	0.0868868	-0.047115	
124	92256	0.286591	-0.0231065	0.0940884	-0.047115	
125	93000	0.296358	-0.0231065	0.0922469	-0.047115	
126	93744	0.300632	-0.0231065	0.0814281	-0.047115	
127	94488	0.298462	-0.0231065	0.0828421	-0.047115	
128	95232	0.291524	-0.0231065	0.0821516	-0.047115	
129	95976	0.296818	-0.0231065	0.0853413	-0.047115	
130	96720	0.296949	-0.0231065	0.0827435	-0.047115	
131	97464	0.29547	-0.0231065	0.0808691	-0.047115	
132	98208	0.299383	-0.0231065	0.0889256	-0.047115	
133	98952	0.303592	-0.0231065	0.0850782	-0.047115	
134	99696	0.293562	-0.0231065	0.0827764	-0.047115	
135	100440	0.287709	-0.0231065	0.0859661	-0.047115	
136	101184	0.292773	-0.0231065	0.0714643	-0.047115	
137	101928	0.291326	-0.0231065	0.0911946	-0.047115	
138	102672	0.277877	-0.0231065	0.0904383	-0.047115	
139	103416	0.285045	-0.0231065	0.0896162	-0.047115	
140	104160	0.299153	-0.0231065	0.0952393	-0.047115	
141	104904	0.299449	-0.0231065	0.0801785	-0.047115	
142	105648	0.297772	-0.0231065	0.0943515	-0.047115	
143	106392	0.289057	-0.0231065	0.102046	-0.047115	
144	107136	0.291556	-0.0231065	0.0878076	-0.047115	
145	107880	0.286328	-0.0231065	0.0904383	-0.047115	
146	108624	0.276759	-0.0231065	0.100468	-0.047115	
147	109368	0.298857	-0.0231065	0.0962259	-0.047115	
148	110112	0.301323	-0.0231065	0.10346	-0.047115	
149	110856	0.292083	-0.0231065	0.0961272	-0.047115	
150	111600	0.301915	-0.0231065	0.104315	-0.047115	
151	111042	0.301849	-0.0231065	0.100567	-0.047115	
152	110298	0.288696	-0.0231065	0.101717	-0.047115	
153	109554	0.286131	-0.0231065	0.0998431	-0.047115	
154	108810	0.27643	-0.0231065	0.0965547	-0.047115	
155	108066	0.301718	-0.0231065	0.0884982	-0.047115	
156	107322	0.298265	-0.0231065	0.085703	-0.047115	
157	106578	0.285604	-0.0231065	0.0908987	-0.047115	
158	105834	0.29251	-0.0231065	0.0810335	-0.047115	
159	105090	0.291359	-0.0231065	0.0793235	-0.047115	
160	104346	0.278699	-0.0231065	0.0853742	-0.047115	
161	103602	0.278534	-0.0231065	0.0916879	-0.047115	
162	102858	0.271629	-0.0231065	0.081165	-0.047115	
163	102114	0.267387	-0.0231065	0.0807376	-0.047115	
164	101370	0.277844	-0.0231065	0.0795537	-0.047115	
165	100626	0.264592	-0.0231065	0.0890243	-0.047115	
166	99882	0.286591	-0.0231065	0.0907343	-0.047115	
167	99138	0.279258	-0.0231065	0.0792249	-0.047115	
168	98394	0.273339	-0.0231065	0.0819543	-0.047115	
169	97650	0.283335	-0.0231065	0.078633	-0.047115	
170	96906	0.275871	-0.0231065	0.0902739	-0.047115	
171	96162	0.293069	-0.0231065	0.0861963	-0.047115	
172	95418	0.2737	-0.0231065	0.0831052	-0.047115	
173	94674	0.280705	-0.0231065	0.0729441	-0.047115	
174	93930	0.278271	-0.0231065	0.0834998	-0.047115	
175	93186	0.277153	-0.0231065	0.0883995	-0.047115	
176	92442	0.272648	-0.0231065	0.0710368	-0.047115	
177	91698	0.276496	-0.0231065	0.0739306	-0.047115	
178	90954	0.276068	-0.0231065	0.082875	-0.047115	
179	90210	0.275575	-0.0231065	0.0887283	-0.047115	
180	89466	0.29445	-0.0231065	0.0904383	-0.047115	
181	88722	0.28863	-0.0231065	0.0884653	-0.047115	
182	87978	0.284486	-0.0231065	0.0747198	-0.047115	
183	87234	0.272056	-0.0231065	0.0738648	-0.047115	
184	86490	0.252392	-0.0231065	0.0803758	-0.047115	
185	85746	0.278337	-0.0231065	0.0844863	-0.047115	
186	85002	0.301093	-0.0231065	0.102013	-0.047115	
187	84258	0.280803	-0.0231065	0.0931019	-0.047115	
188	83514	0.293365	-0.0231065	0.0887283	-0.047115	
189	82770	0.279784	-0.0231065	0.0922469	-0.047115	
190	82026	0.265151	-0.0231065	0.09251	-0.047115	
191	81282	0.271333	-0.0231065	0.0932663	-0.047115	
192	80538	0.269228	-0.0231065	0.0833354	-0.047115	
193	79794	0.261369	-0.0231065	0.0926744	-0.047115	
194	79050	0.28031	-0.0231065	0.0897806	-0.047115	
195	78306	0.303724	-0.0231065	0.0816583	-0.047115	
196	77562	0.27495	-0.0231065	0.0952393	-0.047115	
197	76818	0.295141	-0.0231065	0.0846507	-0.047115	
198	76074	0.276528	-0.0231065	0.0972782	-0.047115	
199	75330	0.287545	-0.0231065	0.0917537	-0.047115	
200	74586	0.279324	-0.0231065	0.103395	-0.047115	
201	73842	0.279817	-0.0231065	0.0922798	-0.047115	
202	73098	0.28373	-0.0231065	0.0880378	-0.047115	
203	72354	0.286032	-0.0231065	0.0980345	-0.047115	
204	71610	0.277844	-0.0231065	0.0934636	-0.047115	
205	70866	0.309906	-0.0231065	0.0930032	-0.047115	
206	70122	0.298495	-0.0231065	0.0924771	-0.047115	
207	69378	0.2884	-0.0231065	0.0869526	-0.047115	
208	68634	0.307078	-0.0231065	0.0841904	-0.047115	
209	67890	0.302112	-0.0231065	0.0913262	-0.047115	
210	67146	0.301257	-0.0231065	0.0976728	-0.047115	
211	66402	0.300041	-0.0231065	0.078633	-0.047115	
212	65658	0.297936	-0.0231065	0.090241	-0.047115	
213	64914	0.307998	-0.0231065	0.0850782	-0.047115	
214	64170	0.301455	-0.0231065	0.0852098	-0.047115	
215	63426	0.287643	-0.0231065	0.0883666	-0.047115	
216	62682	0.304348	-0.0231065	0.088268	-0.047115	
217	61938	0.297147	-0.0231065	0.0909644	-0.047115	
218	61194	0.316088	-0.0231065	0.0950749	-0.047115	
219	60450	0.298166	-0.0231065	0.0887612	-0.047115	
220	59706	0.319048	-0.0231065	0.0827435	-0.047115	
221	58962	0.302671	-0.0231065	0.0886626	-0.047115	
222	58218	0.297673	-0.0231065	0.0862949	-0.047115	
223	57474	0.305927	-0.0231065	0.0852755	-0.047115	
224	56730	0.314181	-0.0231065	0.0817898	-0.047115	
225	55986	0.309544	-0.0231065	0.0845521	-0.047115	
226	55242	0.305039	-0.0231065	0.086262	-0.047115	
227	54498	0.290373	-0.0231065	0.0859003	-0.047115	
228	53754	0.29593	-0.0231065	0.0949763	-0.047115	
229	53010	0.294648	-0.0231065	0.0891887	-0.047115	
230	52266	0.295799	-0.0231065	0.091951	-0.047115	
231	51522	0.288432	-0.0231065	0.0942199	-0.047115	
232	50778	0.309215	-0.0231065	0.0896162	-0.047115	
233	50034	0.294352	-0.0231065	0.0975083	-0.047115	
234	49290	0.305993	-0.0231065	0.0914248	-0.047115	
235	48546	0.298331	-0.0231065	0.0955682	-0.047115	
236	47802	0.315693	-0.0231065	0.103263	-0.047115	
237	47058	0.29034	-0.0231065	0.100501	-0.047115	
238	46314	0.297377	-0.0231065	0.116614	-0.047115	
239	45570	0.301356	-0.0231065	0.105236	-0.047115	
240	44826	0.310103	-0.0231065	0.101816	-0.047115	
241	44082	0.307275	-0.0231065	0.100073	-0.047115	
242	43338	0.299876	-0.0231065	0.107406	-0.047115	
243	42594	0.295503	-0.0231065	0.110925	-0.047115	
244	41850	0.303066	-0.0231065	0.099021	-0.047115	
245	41106	0.290866	-0.0231065	0.105631	-0.047115	
246	40362	0.308492	-0.0231065	0.107308	-0.047115	
247	39618	0.294648	-0.0231065	0.0924442	-0.047115	
248	38874	0.284256	-0.0231065	0.097311	-0.047115	
249	38130	0.317535	-0.0231065	0.0990539	-0.047115	
250	37386	0.296522	-0.0231065	0.113885	-0.047115	
251	36642	0.311451	-0.0231065	0.105072	-0.047115	
252	35898	0.302967	-0.0231065	0.0965547	-0.047115	
253	35154	0.29935	-0.0231065	0.0962587	-0.047115	
254	34410	0.30596	-0.0231065	0.102474	-0.047115	
255	33666	0.310958	-0.0231065	0.0920825	-0.047115	
256	32922	0.293727	-0.0231065	0.097311	-0.047115	
257	32178	0.303428	-0.0231065	0.109314	-0.047115	
258	31434	0.300238	-0.0231065	0.0968507	-0.047115	
259	30690	0.281428	-0.0231065	0.0877089	-0.047115	
260	29946	0.303362	-0.0231065	0.081165	-0.047115	
261	29202	0.294483	-0.0231065	0.0859003	-0.047115	
262	28458	0.289715	-0.0231065	0.0965876	-0.047115	
263	27714	0.272977	-0.0231065	0.0761996	-0.047115	
264	26970	0.291096	-0.0231065	0.0820858	-0.047115	
265	26226	0.300106	-0.0231065	0.0910631	-0.047115	
266	25482	0.29547	-0.0231065	0.0957655	-0.047115	
267	24738	0.302441	-0.0231065	0.0890901	-0.047115	
268	23994	0.276233	-0.0231065	0.0843548	-0.047115	
269	23250	0.307111	-0.0231065	0.0742594	-0.047115	
270	22506	0.280047	-0.0231065	0.0863607	-0.047115	
271	21762	0.285309	-0.0231065	0.0808691	-0.047115	
272	21018	0.302704	-0.0231065	0.0773834	-0.047115	
273	20274	0.312339	-0.0231065	0.091951	-0.047115	
274	19530	0.288761	-0.0231065	0.0870513	-0.047115	
275	18786	0.298495	-0.0231065	0.089386	-0.047115	
276	18042	0.297278	-0.0231065	0.0748513	-0.047115	
277	17298	0.298068	-0.0231065	0.0829408	-0.047115	
278	16554	0.299317	-0.0231065	0.081461	-0.047115	
279	15810	0.296358	-0.0231065	0.0880707	-0.047115	
280	15066	0.28909	-0.0231065	0.0899122	-0.047115	
281	14322	0.295272	-0.0231065	0.0921811	-0.047115	
282	13578	0.29205	-0.0231065	0.0931019	-0.047115	
283	12834	0.272517	-0.0231065	0.0861305	-0.047115	
284	12090	0.291326	-0.0231065	0.0948776	-0.047115	
285	11346	0.29468	-0.0231065	0.0827764	-0.047115	
286	10602	0.287775	-0.0231065	0.0884653	-0.047115	
287	9858	0.256305	-0.0231065	0.084289	-0.047115	
288	9114	0.285736	-0.0231065	0.0849467	-0.047115	
289	8370	0.270938	-0.0231065	0.0856044	-0.047115	
290	7626	0.267979	-0.0231065	0.0760023	-0.047115	
291	6882	0.261599	-0.0231065	0.0923127	-0.047115	
292	6138	0.279126	-0.0231065	0.0896491	-0.047115	
293	5394	0.263441	-0.0231065	0.09958	-0.047115	
294	4650	0.275312	-0.0231065	0.0745554	-0.047115	
295	3906	0.274227	-0.0231065	0.0950749	-0.047115	
296	3162	0.277844	-0.0231065	0.0961272	-0.047115	
297	2418	0.28669	-0.0231065	0.0931019	-0.047115	
298	1674	0.263704	-0.0231065	0.0810993	-0.047115	
299	930	0.282809	-0.0231065	0.088531	-0.047115	
300	186	0.271234	-0.0231065	0.0946146	-0.047115	
301	372	0.284815	-0.0231065	0.0824475	-0.047115	
302	1116	0.284717	-0.0231065	0.0955024	-0.047115	
303	1860	0.295799	-0.0231065	0.0901095	-0.047115	
304	2604	0.289945	-0.0231065	0.0847823	-0.047115	
305	3348	0.299416	-0.0231065	0.108196	-0.047115	
306	4092	0.306486	-0.0231065	0.103427	-0.047115	
307	4836	0.285637	-0.0231065	0.100369	-0.047115	
308	5580	0.303954	-0.0231065	0.108886	-0.047115	
309	6324	0.295371	-0.0231065	0.105565	-0.047115	
310	7068	0.294845	-0.0231065	0.103099	-0.047115	
311	7812	0.299416	-0.0231065	0.0843877	-0.047115	
312	8556	0.297541	-0.0231065	0.102145	-0.047115	
313	9300	0.290734	-0.0231065	0.086262	-0.047115	
314	10044	0.29787	-0.0231065	0.0933321	-0.047115	
315	10788	0.276134	-0.0231065	0.0854399	-0.047115	
316	11532	0.279028	-0.0231065	0.0844534	-0.047115	
317	12276	0.297344	-0.0231065	0.093628	-0.047115	
318	13020	0.304644	-0.0231065	0.0922798	-0.047115	
319	13764	0.292115	-0.0231065	0.0865909	-0.047115	
320	14508	0.262388	-0.0231065	0.073536	-0.047115	
321	15252	0.295272	-0.0231065	0.0887612	-0.047115	
322	15996	0.27255	-0.0231065	0.0773834	-0.047115	
323	16740	0.267255	-0.0231065	0.0725823	-0.047115	
324	17484	0.277614	-0.0231065	0.0761338	-0.047115	
325	18228	0.277318	-0.0231065	0.080047	-0.047115	
326	18972	0.286328	-0.0231065	0.0853084	-0.047115	
327	19716	0.287808	-0.0231065	0.0869526	-0.047115	
328	20460	0.284552	-0.0231065	0.0859003	-0.047115	
329	21204	0.275575	-0.0231065	0.085703	-0.047115	
330	21948	0.26765	-0.0231065	0.077482	-0.047115	
331	22692	0.273141	-0.0231065	0.0804416	-0.047115	
332	23436	0.286196	-0.0231065	0.0769888	-0.047115	
333	24180	0.292379	-0.0231065	0.081757	-0.047115	
334	24924	0.300271	-0.0231065	0.0773176	-0.047115	
335	25668	0.286131	-0.0231065	0.0891558	-0.047115	
336	26412	0.311122	-0.0231065	0.0852426	-0.047115	
337	27156	0.303132	-0.0231065	0.0828421	-0.047115	
338	27900	0.309445	-0.0231065	0.0916221	-0.047115	
339	28644	0.287216	-0.0231065	0.0858674	-0.047115	
340	29388	0.309117	-0.0231065	0.0941542	-0.047115	
341	30132	0.294089	-0.0231065	0.0804416	-0.047115	
342	30876	0.304283	-0.0231065	0.080047	-0.047115	
343	31620	0.303921	-0.0231065	0.097048	-0.047115	
344	32364	0.290307	-0.0231065	0.104809	-0.047115	
345	33108	0.29057	-0.0231065	0.0942857	-0.047115	
346	33852	0.285013	-0.0231065	0.0883008	-0.047115	
347	34596	0.281593	-0.0231065	0.0931348	-0.047115	
348	35340	0.286591	-0.0231065	0.0958641	-0.047115	
349	36084	0.290373	-0.0231065	0.0956668	-0.047115	
350	36828	0.284125	-0.0231065	0.10323	-0.047115	
351	37572	0.282119	-0.0231065	0.101224	-0.047115	
352	38316	0.276824	-0.0231065	0.094779	-0.047115	
353	39060	0.27347	-0.0231065	0.0761338	-0.047115	
354	39804	0.262684	-0.0231065	0.085999	-0.047115	
355	40548	0.26913	-0.0231065	0.0863936	-0.047115	
356	41292	0.271695	-0.0231065	0.0779753	-0.047115	
357	42036	0.261501	-0.0231065	0.0915235	-0.047115	
358	42780	0.277482	-0.0231065	0.0883995	-0.047115	
359	43524	0.284815	-0.0231065	0.0957984	-0.047115	
360	44268	0.274325	-0.0231065	0.0890243	-0.047115	
361	45012	0.279455	-0.0231065	0.0928717	-0.047115	
362	45756	0.292411	-0.0231065	0.085703	-0.047115	
363	46500	0.292148	-0.0231065	0.0822831	-0.047115	
364	47244	0.276956	-0.0231065	0.0877418	-0.047115	
365	47988	0.288564	-0.0231065	0.0969164	-0.047115	
366	48732	0.283829	-0.0231065	0.0946146	-0.047115	
367	49476	0.290767	-0.0231065	0.095338	-0.047115	
368	50220	0.266893	-0.0231065	0.0924113	-0.047115	
369	50964	0.275213	-0.0231065	0.0740621	-0.047115	
370	51708	0.281527	-0.0231065	0.0890572	-0.047115	
371	52452	0.276331	-0.0231065	0.0761338	-0.047115	
372	53196	0.274325	-0.0231065	0.0866567	-0.047115	
373	53940	0.272845	-0.0231065	0.080902	-0.047115	
374	54684	0.281066	-0.0231065	0.0837629	-0.047115	
375	55428	0.303559	-0.0231065	0.0819871	-0.047115	
376	56172	0.291556	-0.0231065	0.078633	-0.047115	
377	56916	0.280606	-0.0231065	0.0747527	-0.047115	
378	57660	0.290669	-0.0231065	0.0750158	-0.047115	
379	58404	0.278567	-0.0231065	0.0826777	-0.047115	
380	59148	0.291228	-0.0231065	0.080902	-0.047115	
381	59892	0.304283	-0.0231065	0.0782713	-0.047115	
382	60636	0.301126	-0.0231065	0.0799155	-0.047115	
383	61380	0.278008	-0.0231065	0.0688336	-0.047115	
384	62124	0.259593	-0.0231065	0.0800141	-0.047115	
385	62868	0.269689	-0.0231065	0.0733716	-0.047115	
386	63612	0.292609	-0.0231065	0.0712012	-0.047115	
387	64356	0.278304	-0.0231065	0.0820529	-0.047115	
388	65100	0.295963	-0.0231065	0.074654	-0.047115	
389	65844	0.291622	-0.0231065	0.0760352	-0.047115	
390	66588	0.270116	-0.0231065	0.0788961	-0.047115	
391	67332	0.265479	-0.0231065	0.0821187	-0.047115	
392	68076	0.276726	-0.0231065	0.0832038	-0.047115	
393	68820	0.243776	-0.0231065	0.0706751	-0.047115	
394	69564	0.275739	-0.0231065	0.0809349	-0.047115	
395	70308	0.295207	-0.0231065	0.0924113	-0.047115	
396	71052	0.267551	-0.0231065	0.0910302	-0.047115	
397	71796	0.277383	-0.0231065	0.0858346	-0.047115	
398	72540	0.266598	-0.0231065	0.0764626	-0.047115	
399	73284	0.26321	-0.0231065	0.0820858	-0.047115	
400	74028	0.264065	-0.0231065	0.0826119	-0.047115	
401	74772	0.276857	-0.0231065	0.0962259	-0.047115	
402	75516	0.276035	-0.0231065	0.0876432	-0.047115	
403	76260	0.274424	-0.0231065	0.0847165	-0.047115	
404	77004	0.288564	-0.0231065	0.0850453	-0.047115	
405	77748	0.290504	-0.0231065	0.102112	-0.047115	
406	78492	0.280211	-0.0231065	0.0969493	-0.047115	
407	79236	0.284388	-0.0231065	0.0953709	-0.047115	
408	79980	0.292379	-0.0231065	0.096193	-0.047115	
409	80724	0.273273	-0.0231065	0.0920496	-0.047115	
410	81468	0.296292	-0.0231065	0.0897806	-0.047115	
411	82212	0.298955	-0.0231065	0.107341	-0.047115	
412	82956	0.278008	-0.0231065	0.0949105	-0.047115	
413	83700	0.296062	-0.0231065	0.0908	-0.047115	
414	84444	0.309412	-0.0231065	0.0952393	-0.047115	
415	85188	0.272286	-0.0231065	0.0889914	-0.047115	
416	85932	0.273635	-0.0231065	0.0904383	-0.047115	
417	86676	0.293957	-0.0231065	0.0877089	-0.047115	
418	87420	0.291491	-0.0231065	0.0935623	-0.047115	
419	88164	0.300336	-0.0231065	0.0855386	-0.047115	
420	88908	0.293168	-0.0231065	0.0852426	-0.047115	
421	89652	0.270807	-0.0231065	0.0807376	-0.047115	
422	90396	0.287545	-0.0231065	0.0881035	-0.047115	
423	91140	0.270905	-0.0231065	0.0780411	-0.047115	
424	91884	0.270708	-0.0231065	0.0783041	-0.047115	
425	92628	0.2884	-0.0231065	0.0838286	-0.047115	
426	93372	0.286459	-0.0231065	0.077219	-0.047115	
427	94116	0.26252	-0.0231065	0.0719576	-0.047115	
428	94860	0.258804	-0.0231065	0.0738648	-0.047115	
429	95604	0.253345	-0.0231065	0.0612045	-0.047115	
430	96348	0.270675	-0.0231065	0.0667619	-0.047115	
431	97092	0.24542	-0.0231065	0.0672552	-0.047115	
432	97836	0.239238	-0.0231065	0.0668606	-0.047115	
433	98580	0.241277	-0.0231065	0.0721549	-0.047115	
434	99324	0.269031	-0.0231065	0.0709382	-0.047115	
435	100068	0.253904	-0.0231065	0.0644271	-0.047115	
436	100812	0.258837	-0.0231065	0.0818556	-0.047115	
437	101556	0.25864	-0.0231065	0.0747856	-0.047115	
438	102300	0.248446	-0.0231065	0.0708395	-0.047115	
439	103044	0.256831	-0.0231065	0.0767915	-0.047115	
440	103788	0.258278	-0.0231065	0.0824475	-0.047115	
441	104532	0.275542	-0.0231065	0.0792249	-0.047115	
442	105276	0.264526	-0.0231065	0.0886955	-0.047115	
443	106020	0.285341	-0.0231065	0.0784028	-0.047115	
444	106764	0.233319	-0.0231065	0.0726152	-0.047115	
445	107508	0.270544	-0.0231065	0.0751144	-0.047115	
446	108252	0.276002	-0.0231065	0.0843548	-0.047115	
447	108996	0.265479	-0.0231065	0.0790276	-0.047115	
448	109740	0.268768	-0.0231065	0.076923	-0.047115	
449	110484	0.274424	-0.0231065	0.0809349	-0.047115	
450	111228	0.272056	-0.0231065	0.0865251	-0.047115	
451	111414	0.283204	-0.0231065	0.0927402	-0.047115	
452	110670	0.281921	-0.0231065	0.0859003	-0.047115	
453	109926	0.262717	-0.0231065	0.084289	-0.047115	
454	109182	0.278732	-0.0231065	0.0894189	-0.047115	
455	108438	0.266663	-0.0231065	0.0830723	-0.047115	
456	107694	0.295437	-0.0231065	0.0896162	-0.047115	
457	106950	0.290307	-0.0231065	0.07666	-0.047115	
458	106206	0.269458	-0.0231065	0.0867882	-0.047115	
459	105462	0.303888	-0.0231065	0.0733058	-0.047115	
460	104718	0.274819	-0.0231065	0.0811322	-0.047115	
461	103974	0.279422	-0.0231065	0.0832696	-0.047115	
462	103230	0.284848	-0.0231065	0.0793564	-0.047115	
463	102486	0.272286	-0.0231065	0.0752788	-0.047115	
464	101742	0.282645	-0.0231065	0.0860976	-0.047115	
465	100998	0.288071	-0.0231065	0.0810335	-0.047115	
466	100254	0.287643	-0.0231065	0.0733716	-0.047115	
467	99510	0.29274	-0.0231065	0.0628158	-0.047115	
468	98766	0.287873	-0.0231065	0.0771203	-0.047115	
469	98022	0.288992	-0.0231065	0.0776465	-0.047115	
470	97278	0.27712	-0.0231065	0.0822831	-0.047115	
471	96534	0.300073	-0.0231065	0.0708066	-0.047115	
472	95790	0.288597	-0.0231065	0.0715301	-0.047115	
473	95046	0.283763	-0.0231065	0.0748842	-0.047115	
474	94302	0.288465	-0.0231065	0.0779753	-0.047115	
475	93558	0.291655	-0.0231065	0.072681	-0.047115	
476	92814	0.295437	-0.0231065	0.0833025	-0.047115	
477	92070	0.287446	-0.0231065	0.0796195	-0.047115	
478	91326	0.29034	-0.0231065	0.0867882	-0.047115	
479	90582	0.296094	-0.0231065	0.0809677	-0.047115	
480	89838	0.297081	-0.0231065	0.0831381	-0.047115	
481	89094	0.309511	-0.0231065	0.0898793	-0.047115	
482	88350	0.283072	-0.0231065	0.0894847	-0.047115	
483	87606	0.294976	-0.0231065	0.081461	-0.047115	
484	86862	0.277351	-0.0231065	0.0869197	-0.047115	
485	86118	0.278173	-0.0231065	0.0856701	-0.047115	
486	85374	0.28304	-0.0231065	0.0853742	-0.047115	
487	84630	0.285144	-0.0231065	0.0892545	-0.047115	
488	83886	0.299613	-0.0231065	0.100073	-0.047115	
489	83142	0.279652	-0.0231065	0.0894518	-0.047115	
490	82398	0.287183	-0.0231065	0.0895504	-0.047115	
491	81654	0.278469	-0.0231065	0.0923127	-0.047115	
492	80910	0.282645	-0.0231065	0.0903725	-0.047115	
493	80166	0.287873	-0.0231065	0.0939898	-0.047115	
494	79422	0.278962	-0.0231065	0.0968507	-0.047115	
495	78678	0.306519	-0.0231065	0.0988895	-0.047115	
496	77934	0.28886	-0.0231065	0.083434	-0.047115	
497	77190	0.284421	-0.0231065	0.0937267	-0.047115	
498	76446	0.299218	-0.0231065	0.0907343	-0.047115	
499	75702	0.276364	-0.0231065	0.0832038	-0.047115	
500	74958	0.270675	-0.0231065	0.0822502	-0.047115	
501	74214	0.304776	-0.0231065	0.0935623	-0.047115	
502	73470	0.28886	-0.0231065	0.091359	-0.047115	
503	72726	0.285144	-0.0231065	0.0952065	-0.047115	
504	71982	0.299218	-0.0231065	0.0838286	-0.047115	
505	71238	0.277548	-0.0231065	0.0840917	-0.047115	
506	70494	0.286163	-0.0231065	0.0909973	-0.047115	
507	69750	0.278797	-0.0231065	0.089682	-0.047115	
508	69006	0.267157	-0.0231065	0.078633	-0.047115	
509	68262	0.272648	-0.0231065	0.0793893	-0.047115	
510	67518	0.270741	-0.0231065	0.0875445	-0.047115	
511	66774	0.279422	-0.0231065	0.0912275	-0.047115	
512	66030	0.290011	-0.0231065	0.0677155	-0.047115	
513	65286	0.285177	-0.0231065	0.0826119	-0.047115	
514	64542	0.29034	-0.0231065	0.0771861	-0.047115	
515	63798	0.265874	-0.0231065	0.0698201	-0.047115	
516	63054	0.257193	-0.0231065	0.0728454	-0.047115	
517	62310	0.258245	-0.0231065	0.0609743	-0.047115	
518	61566	0.275114	-0.0231065	0.0736346	-0.047115	
519	60822	0.268603	-0.0231065	0.0740292	-0.047115	
520	60078	0.269031	-0.0231065	0.0664988	-0.047115	
521	59334	0.279291	-0.0231065	0.0823817	-0.047115	
522	58590	0.26982	-0.0231065	0.0716616	-0.047115	
523	57846	0.275147	-0.0231065	0.0741279	-0.047115	
524	57102	0.290406	-0.0231065	0.0710039	-0.047115	
525	56358	0.268472	-0.0231065	0.0810335	-0.047115	
526	55614	0.286986	-0.0231065	0.0708395	-0.047115	
527	54870	0.292609	-0.0231065	0.0792249	-0.047115	
528	54126	0.292806	-0.0231065	0.0874459	-0.047115	
529	53382	0.284519	-0.0231065	0.0824146	-0.047115	
530	52638	0.280705	-0.0231065	0.0808033	-0.047115	
531	51894	0.267288	-0.0231065	0.0767586	-0.047115	
532	51150	0.283105	-0.0231065	0.0841246	-0.047115	
533	50406	0.273405	-0.0231065	0.0813952	-0.047115	
534	49662	0.290307	-0.0231065	0.0859003	-0.047115	
535	48918	0.274786	-0.0231065	0.0918194	-0.047115	
536	48174	0.282645	-0.0231065	0.07666	-0.047115	
537	47430	0.275871	-0.0231065	0.0819871	-0.047115	
538	46686	0.283927	-0.0231065	0.0908329	-0.047115	
539	45942	0.250517	-0.0231065	0.0839602	-0.047115	
540	45198	0.263901	-0.0231065	0.0729112	-0.047115	
541	44454	0.268373	-0.0231065	0.0878076	-0.047115	
542	43710	0.273766	-0.0231065	0.0949105	-0.047115	
543	42966	0.269787	-0.0231065	0.0898135	-0.047115	
544	42222	0.268373	-0.0231065	0.0829737	-0.047115	
545	41478	0.266532	-0.0231065	0.0878076	-0.047115	
546	40734	0.258113	-0.0231065	0.0833683	-0.047115	
547	39990	0.27084	-0.0231065	0.0834011	-0.047115	
548	39246	0.284684	-0.0231065	0.0962259	-0.047115	
549	38502	0.284782	-0.0231065	0.090537	-0.047115	
550	37758	0.283072	-0.0231065	0.088268	-0.047115	
551	37014	0.282711	-0.0231065	0.0943186	-0.047115	
552	36270	0.267551	-0.0231065	0.0860976	-0.047115	
553	35526	0.293003	-0.0231065	0.087972	-0.047115	
554	34782	0.291688	-0.0231065	0.0819871	-0.047115	
555	34038	0.282382	-0.0231065	0.0850125	-0.047115	
556	33294	0.27985	-0.0231065	0.0907343	-0.047115	
557	32550	0.289912	-0.0231065	0.0866238	-0.047115	
558	31806	0.289189	-0.0231065	0.0934307	-0.047115	
559	31062	0.296423	-0.0231065	0.0915564	-0.047115	
560	30318	0.305993	-0.0231065	0.0927731	-0.047115	
561	29574	0.296884	-0.0231065	0.0859661	-0.047115	
562	28830	0.299547	-0.0231065	0.0712012	-0.047115	
563	28086	0.29981	-0.0231065	0.0766271	-0.047115	
564	27342	0.296785	-0.0231065	0.0845521	-0.047115	
565	26598	0.303132	-0.0231065	0.0781726	-0.047115	
566	25854	0.30277	-0.0231065	0.0851111	-0.047115	
567	25110	0.2908	-0.0231065	0.0886955	-0.047115	
568	24366	0.286755	-0.0231065	0.0711683	-0.047115	
569	23622	0.301718	-0.0231065	0.0829408	-0.047115	
570	22878	0.288432	-0.0231065	0.0800141	-0.047115	
571	22134	0.299416	-0.0231065	0.0723522	-0.047115	
572	21390	0.290241	-0.0231065	0.0848152	-0.047115	
573	20646	0.289485	-0.0231065	0.0839602	-0.047115	
574	19902	0.281691	-0.0231065	0.0897477	-0.047115	
575	19158	0.306519	-0.0231065	0.0926744	-0.047115	
576	18414	0.289222	-0.0231065	0.0727797	-0.047115	
577	17670	0.279784	-0.0231065	0.085144	-0.047115	
578	16926	0.298002	-0.0231065	0.0750815	-0.047115	
579	16182	0.279357	-0.0231065	0.0856701	-0.047115	
580	15438	0.285309	-0.0231065	0.0835327	-0.047115	
581	14694	0.3006	-0.0231065	0.0865251	-0.047115	
582	13950	0.295272	-0.0231065	0.0930032	-0.047115	
583	13206	0.294582	-0.0231065	0.0837958	-0.047115	
584	12462	0.293069	-0.0231065	0.0929375	-0.047115	
585	11718	0.285999	-0.0231065	0.0944501	-0.047115	
586	10974	0.284651	-0.0231065	0.0892216	-0.047115	
587	10230	0.290307	-0.0231065	0.0918523	-0.047115	
588	9486	0.305762	-0.0231065	0.0859332	-0.047115	
589	8742	0.298988	-0.0231065	0.0965547	-0.047115	
590	7998	0.278995	-0.0231065	0.090537	-0.047115	
591	7254	0.277055	-0.0231065	0.0929046	-0.047115	
592	6510	0.291392	-0.0231065	0.088268	-0.047115	
593	5766	0.298199	-0.0231065	0.0778109	-0.047115	
594	5022	0.278337	-0.0231065	0.0894518	-0.047115	
595	4278	0.284125	-0.0231065	0.0966534	-0.047115	
596	3534	0.286854	-0.0231065	0.0895504	-0.047115	
597	2790	0.262619	-0.0231065	0.0875445	-0.047115	
598	2046	0.275904	-0.0231065	0.0873143	-0.047115	
599	1302	0.268965	-0.0231065	0.0859332	-0.047115	
600	558	0.264427	-0.0245928	0.103888	-0.047378	
