# Filename	7_delay.txt
# Date	2016-09-24
# Title	DL-Pro & DL-100 Locked delay scan.
# DL-Pro	365872.6 GHz
# DL-100	365856.7 GHz
# Static	500 mV Pulsed
# MWOn	On
# MWf	15931.9 MHz
# Attn	44 dB
# FixedAttn	6 dB
# B2	B2 = T2 + 2.050 us
# HP214B	HP 214B FIP at 5.5 on 100V setting ; Applied to Top ; Mesh & Vin of MCP @ +25V ; Vout of MCP @ +2025 V
# Oven	32 A
# Boxcar	Gate = 200 ns ; Amp = 25x ; Sensitivity = 5 mV
# Offset	+/- 30 mV IR/Oven offset.
# Bias	Top: 0 V ; Bot: -0.424 V ; IR: +0.055 V ; Oven: -0.055 V ; Vis: -0.000 V ; MW: +0.000 V
# Passes	4
i	step	norm	nbackground	signal	sbackground
0	0	0.284289	-0.0216365	0.022829	-0.0436918
1	744	0.256502	-0.0216365	0.0128981	-0.0436918
2	1488	0.278206	-0.0216365	0.0147725	-0.0436918
3	2232	0.261205	-0.0216365	0.0281233	-0.0436918
4	2976	0.271793	-0.0216365	0.0195735	-0.0436918
5	3720	0.268143	-0.0216365	0.020297	-0.0436918
6	4464	0.246505	-0.0216365	0.0170086	-0.0436918
7	5208	0.251438	-0.0216365	0.0159234	-0.0436918
8	5952	0.259067	-0.0216365	0.0224015	-0.0436918
9	6696	0.248577	-0.0216365	0.00740649	-0.0436918
10	7440	0.266006	-0.0216365	0.0147067	-0.0436918
11	8184	0.255581	-0.0216365	0.014049	-0.0436918
12	8928	0.274654	-0.0216365	0.0136215	-0.0436918
13	9672	0.28156	-0.0216365	0.0203299	-0.0436918
14	10416	0.263079	-0.0216365	0.0152657	-0.0436918
15	11160	0.26742	-0.0216365	0.0176334	-0.0436918
16	11904	0.266203	-0.0216365	0.0168442	-0.0436918
17	12648	0.278896	-0.0216365	0.0143121	-0.0436918
18	13392	0.24667	-0.0216365	0.0155617	-0.0436918
19	14136	0.26229	-0.0216365	0.0169428	-0.0436918
20	14880	0.249695	-0.0216365	0.0175676	-0.0436918
21	15624	0.271958	-0.0216365	0.0237498	-0.0436918
22	16368	0.264559	-0.0216365	0.0212835	-0.0436918
23	17112	0.246242	-0.0216365	0.0176005	-0.0436918
24	17856	0.253411	-0.0216365	0.0179293	-0.0436918
25	18600	0.270412	-0.0216365	0.0197379	-0.0436918
26	19344	0.249629	-0.0216365	0.0260517	-0.0436918
27	20088	0.261566	-0.0216365	0.0187185	-0.0436918
28	20832	0.277055	-0.0216365	0.021152	-0.0436918
29	21576	0.245256	-0.0216365	0.0185212	-0.0436918
30	22320	0.25397	-0.0216365	0.0199024	-0.0436918
31	23064	0.260514	-0.0216365	0.0248349	-0.0436918
32	23808	0.23983	-0.0216365	0.0155288	-0.0436918
33	24552	0.241967	-0.0216365	0.00924799	-0.0436918
34	25296	0.237232	-0.0216365	0.0126021	-0.0436918
35	26040	0.247591	-0.0216365	0.0200668	-0.0436918
36	26784	0.26423	-0.0216365	0.0235196	-0.0436918
37	27528	0.264855	-0.0216365	0.0181266	-0.0436918
38	28272	0.25443	-0.0216365	0.017732	-0.0436918
39	29016	0.240126	-0.0216365	0.0254926	-0.0436918
40	29760	0.259264	-0.0216365	0.0204614	-0.0436918
41	30504	0.256864	-0.0216365	0.0136873	-0.0436918
42	31248	0.280014	-0.0216365	0.0234209	-0.0436918
43	31992	0.26229	-0.0216365	0.025953	-0.0436918
44	32736	0.271629	-0.0216365	0.012931	-0.0436918
45	33480	0.257423	-0.0216365	0.0137531	-0.0436918
46	34224	0.264493	-0.0216365	0.0220069	-0.0436918
47	34968	0.275706	-0.0216365	0.0238813	-0.0436918
48	35712	0.253641	-0.0216365	0.0127337	-0.0436918
49	36456	0.261205	-0.0216365	0.0132269	-0.0436918
50	37200	0.255943	-0.0216365	0.0179622	-0.0436918
51	37944	0.253575	-0.0216365	0.0184555	-0.0436918
52	38688	0.26594	-0.0216365	0.0227304	-0.0436918
53	39432	0.258607	-0.0216365	0.0185541	-0.0436918
54	40176	0.238515	-0.0216365	0.0173703	-0.0436918
55	40920	0.240915	-0.0216365	0.0166797	-0.0436918
56	41664	0.257653	-0.0216365	0.0119116	-0.0436918
57	42408	0.266499	-0.0216365	0.0234538	-0.0436918
58	43152	0.268735	-0.0216365	0.0146081	-0.0436918
59	43896	0.256338	-0.0216365	0.0116814	-0.0436918
60	44640	0.259758	-0.0216365	0.0118458	-0.0436918
61	45384	0.249399	-0.0216365	0.0159563	-0.0436918
62	46128	0.249564	-0.0216365	0.0194749	-0.0436918
63	46872	0.248314	-0.0216365	0.0175676	-0.0436918
64	47616	0.237495	-0.0216365	0.0220069	-0.0436918
65	48360	0.256272	-0.0216365	0.0219741	-0.0436918
66	49104	0.26104	-0.0216365	0.0210862	-0.0436918
67	49848	0.268373	-0.0216365	0.010662	-0.0436918
68	50592	0.27255	-0.0216365	0.00809705	-0.0436918
69	51336	0.249827	-0.0216365	0.01178	-0.0436918
70	52080	0.245749	-0.0216365	0.0118787	-0.0436918
71	52824	0.224966	-0.0216365	0.0170415	-0.0436918
72	53568	0.273865	-0.0216365	0.0220398	-0.0436918
73	54312	0.275805	-0.0216365	0.0187843	-0.0436918
74	55056	0.262783	-0.0216365	0.0256899	-0.0436918
75	55800	0.288465	-0.0216365	0.0236511	-0.0436918
76	56544	0.26936	-0.0216365	0.025953	-0.0436918
77	57288	0.238613	-0.0216365	0.019442	-0.0436918
78	58032	0.253148	-0.0216365	0.0181266	-0.0436918
79	58776	0.24907	-0.0216365	0.0273341	-0.0436918
80	59520	0.261764	-0.0216365	0.0249665	-0.0436918
81	60264	0.267157	-0.0216365	0.0271697	-0.0436918
82	61008	0.262487	-0.0216365	0.0265449	-0.0436918
83	61752	0.254266	-0.0216365	0.0235854	-0.0436918
84	62496	0.264	-0.0216365	0.0170744	-0.0436918
85	63240	0.255549	-0.0216365	0.0274985	-0.0436918
86	63984	0.268538	-0.0216365	0.0219412	-0.0436918
87	64728	0.243316	-0.0216365	0.0169099	-0.0436918
88	65472	0.237824	-0.0216365	0.014345	-0.0436918
89	66216	0.261994	-0.0216365	0.0109251	-0.0436918
90	66960	0.260382	-0.0216365	0.0172059	-0.0436918
91	67704	0.253806	-0.0216365	0.0143779	-0.0436918
92	68448	0.249597	-0.0216365	0.00809705	-0.0436918
93	69192	0.252096	-0.0216365	0.0176005	-0.0436918
94	69936	0.245256	-0.0216365	0.0076038	-0.0436918
95	70680	0.228814	-0.0216365	0.0111553	-0.0436918
96	71424	0.216943	-0.0216365	0.0133585	-0.0436918
97	72168	0.26058	-0.0216365	0.00829436	-0.0436918
98	72912	0.228222	-0.0216365	0.00641998	-0.0436918
99	73656	0.222434	-0.0216365	0.00615691	-0.0436918
100	74400	0.254332	-0.0216365	0.019146	-0.0436918
101	75144	0.245881	-0.0216365	0.00615691	-0.0436918
102	75888	0.22888	-0.0216365	0.00898492	-0.0436918
103	76632	0.23641	-0.0216365	0.0167455	-0.0436918
104	77376	0.247097	-0.0216365	0.0098399	-0.0436918
105	78120	0.23401	-0.0216365	0.00776822	-0.0436918
106	78864	0.238284	-0.0216365	0.00651863	-0.0436918
107	79608	0.243085	-0.0216365	0.0045456	-0.0436918
108	80352	0.243645	-0.0216365	0.00191489	-0.0436918
109	81096	0.225756	-0.0216365	0.0180938	-0.0436918
110	81840	0.235752	-0.0216365	0.0122733	-0.0436918
111	82584	0.253937	-0.0216365	0.0137202	-0.0436918
112	83328	0.254759	-0.0216365	0.0175676	-0.0436918
113	84072	0.234108	-0.0216365	0.0218425	-0.0436918
114	84816	0.244598	-0.0216365	0.00875473	-0.0436918
115	85560	0.255483	-0.0216365	0.0221714	-0.0436918
116	86304	0.21931	-0.0216365	0.0108922	-0.0436918
117	87048	0.251734	-0.0216365	0.0164167	-0.0436918
118	87792	0.224769	-0.0216365	0.021711	-0.0436918
119	88536	0.262717	-0.0216365	0.0207902	-0.0436918
120	89280	0.252786	-0.0216365	0.0200997	-0.0436918
121	90024	0.249695	-0.0216365	0.0202641	-0.0436918
122	90768	0.242658	-0.0216365	0.00875473	-0.0436918
123	91512	0.248643	-0.0216365	0.00960971	-0.0436918
124	92256	0.235917	-0.0216365	0.0133914	-0.0436918
125	93000	0.252359	-0.0216365	0.01178	-0.0436918
126	93744	0.235917	-0.0216365	0.0142792	-0.0436918
127	94488	0.235621	-0.0216365	0.0109908	-0.0436918
128	95232	0.238909	-0.0216365	0.0168113	-0.0436918
129	95976	0.250879	-0.0216365	0.014345	-0.0436918
130	96720	0.227104	-0.0216365	0.0178636	-0.0436918
131	97464	0.250879	-0.0216365	0.0218754	-0.0436918
132	98208	0.237791	-0.0216365	0.00836013	-0.0436918
133	98952	0.217798	-0.0216365	0.014904	-0.0436918
134	99696	0.212898	-0.0216365	0.00730784	-0.0436918
135	100440	0.24713	-0.0216365	0.0249336	-0.0436918
136	101184	0.25956	-0.0216365	0.0249665	-0.0436918
137	101928	0.252359	-0.0216365	0.0172059	-0.0436918
138	102672	0.228386	-0.0216365	0.0101359	-0.0436918
139	103416	0.219672	-0.0216365	0.0170744	-0.0436918
140	104160	0.239863	-0.0216365	0.010662	-0.0436918
141	104904	0.240882	-0.0216365	0.019146	-0.0436918
142	105648	0.249629	-0.0216365	0.020297	-0.0436918
143	106392	0.248182	-0.0216365	0.0193762	-0.0436918
144	107136	0.258607	-0.0216365	0.0181924	-0.0436918
145	107880	0.240389	-0.0216365	0.0225002	-0.0436918
146	108624	0.22717	-0.0216365	0.0130296	-0.0436918
147	109368	0.258738	-0.0216365	0.0155288	-0.0436918
148	110112	0.270116	-0.0216365	0.0195078	-0.0436918
149	110856	0.231247	-0.0216365	0.0130296	-0.0436918
150	111600	0.267946	-0.0216365	0.0167126	-0.0436918
151	111042	0.257193	-0.0216365	0.0207902	-0.0436918
152	110298	0.271201	-0.0216365	0.022566	-0.0436918
153	109554	0.265611	-0.0216365	0.00776822	-0.0436918
154	108810	0.245026	-0.0216365	0.0102674	-0.0436918
155	108066	0.259297	-0.0216365	0.00750514	-0.0436918
156	107322	0.262849	-0.0216365	0.0261174	-0.0436918
157	106578	0.260843	-0.0216365	0.020297	-0.0436918
158	105834	0.263671	-0.0216365	0.022566	-0.0436918
159	105090	0.27541	-0.0216365	0.0176991	-0.0436918
160	104346	0.265348	-0.0216365	0.02056	-0.0436918
161	103602	0.259725	-0.0216365	0.0190803	-0.0436918
162	102858	0.260481	-0.0216365	0.0220069	-0.0436918
163	102114	0.287051	-0.0216365	0.0203956	-0.0436918
164	101370	0.260185	-0.0216365	0.0195735	-0.0436918
165	100626	0.266203	-0.0216365	0.0206587	-0.0436918
166	99882	0.266828	-0.0216365	0.0211191	-0.0436918
167	99138	0.276496	-0.0216365	0.0197379	-0.0436918
168	98394	0.275937	-0.0216365	0.0238155	-0.0436918
169	97650	0.273503	-0.0216365	0.0211848	-0.0436918
170	96906	0.259429	-0.0216365	0.0149369	-0.0436918
171	96162	0.25933	-0.0216365	0.0144765	-0.0436918
172	95418	0.273273	-0.0216365	0.0141806	-0.0436918
173	94674	0.26663	-0.0216365	0.0220398	-0.0436918
174	93930	0.264329	-0.0216365	0.0228619	-0.0436918
175	93186	0.279093	-0.0216365	0.0264134	-0.0436918
176	92442	0.269689	-0.0216365	0.0181266	-0.0436918
177	91698	0.244236	-0.0216365	0.0208231	-0.0436918
178	90954	0.248084	-0.0216365	0.0200997	-0.0436918
179	90210	0.251635	-0.0216365	0.0213164	-0.0436918
180	89466	0.26469	-0.0216365	0.0181595	-0.0436918
181	88722	0.261073	-0.0216365	0.0224673	-0.0436918
182	87978	0.271399	-0.0216365	0.0133585	-0.0436918
183	87234	0.272451	-0.0216365	0.0204943	-0.0436918
184	86490	0.272582	-0.0216365	0.01178	-0.0436918
185	85746	0.258409	-0.0216365	0.00977413	-0.0436918
186	85002	0.253312	-0.0216365	0.0151342	-0.0436918
187	84258	0.245124	-0.0216365	0.0118458	-0.0436918
188	83514	0.258081	-0.0216365	0.0154959	-0.0436918
189	82770	0.242658	-0.0216365	0.0129968	-0.0436918
190	82026	0.263474	-0.0216365	0.01178	-0.0436918
191	81282	0.24394	-0.0216365	0.0160221	-0.0436918
192	80538	0.258936	-0.0216365	0.0148054	-0.0436918
193	79794	0.243579	-0.0216365	0.0115499	-0.0436918
194	79050	0.251635	-0.0216365	0.0188501	-0.0436918
195	78306	0.278206	-0.0216365	0.0158248	-0.0436918
196	77562	0.260744	-0.0216365	0.014345	-0.0436918
197	76818	0.264789	-0.0216365	0.0255255	-0.0436918
198	76074	0.268538	-0.0216365	0.0190803	-0.0436918
199	75330	0.255647	-0.0216365	0.018587	-0.0436918
200	74586	0.264657	-0.0216365	0.0106949	-0.0436918
201	73842	0.240027	-0.0216365	0.0176005	-0.0436918
202	73098	0.253082	-0.0216365	0.00839301	-0.0436918
203	72354	0.244993	-0.0216365	0.0217439	-0.0436918
204	71610	0.248807	-0.0216365	0.0125693	-0.0436918
205	70866	0.251833	-0.0216365	0.0145423	-0.0436918
206	70122	0.268176	-0.0216365	0.0209875	-0.0436918
207	69378	0.265907	-0.0216365	0.0193433	-0.0436918
208	68634	0.263868	-0.0216365	0.0114183	-0.0436918
209	67890	0.266893	-0.0216365	0.017732	-0.0436918
210	67146	0.267387	-0.0216365	0.0145423	-0.0436918
211	66402	0.270182	-0.0216365	0.0256899	-0.0436918
212	65658	0.270346	-0.0216365	0.0207245	-0.0436918
213	64914	0.26206	-0.0216365	0.0209218	-0.0436918
214	64170	0.276561	-0.0216365	0.0196722	-0.0436918
215	63426	0.264065	-0.0216365	0.0222042	-0.0436918
216	62682	0.258705	-0.0216365	0.0182911	-0.0436918
217	61938	0.255812	-0.0216365	0.0180609	-0.0436918
218	61194	0.247558	-0.0216365	0.0183897	-0.0436918
219	60450	0.266696	-0.0216365	0.0237169	-0.0436918
220	59706	0.254562	-0.0216365	0.0239471	-0.0436918
221	58962	0.287051	-0.0216365	0.023125	-0.0436918
222	58218	0.286887	-0.0216365	0.022829	-0.0436918
223	57474	0.254069	-0.0216365	0.0120431	-0.0436918
224	56730	0.240981	-0.0216365	0.0188501	-0.0436918
225	55986	0.260382	-0.0216365	0.0206587	-0.0436918
226	55242	0.254463	-0.0216365	0.0112539	-0.0436918
227	54498	0.252819	-0.0216365	0.0221714	-0.0436918
228	53754	0.273898	-0.0216365	0.0294387	-0.0436918
229	53010	0.257193	-0.0216365	0.0197708	-0.0436918
230	52266	0.24519	-0.0216365	0.015463	-0.0436918
231	51522	0.232102	-0.0216365	0.0258215	-0.0436918
232	50778	0.24325	-0.0216365	0.00757091	-0.0436918
233	50034	0.258442	-0.0216365	0.010662	-0.0436918
234	49290	0.252293	-0.0216365	0.0162851	-0.0436918
235	48546	0.265348	-0.0216365	0.0148711	-0.0436918
236	47802	0.263506	-0.0216365	0.018587	-0.0436918
237	47058	0.267058	-0.0216365	0.0121089	-0.0436918
238	46314	0.256371	-0.0216365	0.0134571	-0.0436918
239	45570	0.23516	-0.0216365	0.0119116	-0.0436918
240	44826	0.254924	-0.0216365	0.022566	-0.0436918
241	44082	0.240652	-0.0216365	0.0215466	-0.0436918
242	43338	0.256798	-0.0216365	0.00993855	-0.0436918
243	42594	0.23983	-0.0216365	0.00520327	-0.0436918
244	41850	0.257719	-0.0216365	0.015463	-0.0436918
245	41106	0.265447	-0.0216365	0.00714342	-0.0436918
246	40362	0.268768	-0.0216365	0.00937953	-0.0436918
247	39618	0.274983	-0.0216365	0.0129639	-0.0436918
248	38874	0.255779	-0.0216365	0.00543346	-0.0436918
249	38130	0.242494	-0.0216365	0.010662	-0.0436918
250	37386	0.234536	-0.0216365	0.0104647	-0.0436918
251	36642	0.26446	-0.0216365	0.0108922	-0.0436918
252	35898	0.27449	-0.0216365	0.0110237	-0.0436918
253	35154	0.25716	-0.0216365	0.0146409	-0.0436918
254	34410	0.244236	-0.0216365	0.0101359	-0.0436918
255	33666	0.230886	-0.0216365	0.0115827	-0.0436918
256	32922	0.244499	-0.0216365	0.0124048	-0.0436918
257	32178	0.239304	-0.0216365	0.0171072	-0.0436918
258	31434	0.24473	-0.0216365	0.0105962	-0.0436918
259	30690	0.260941	-0.0216365	0.0214479	-0.0436918
260	29946	0.279126	-0.0216365	0.0199353	-0.0436918
261	29202	0.228518	-0.0216365	0.0181266	-0.0436918
262	28458	0.21497	-0.0216365	0.00510462	-0.0436918
263	27714	0.22546	-0.0216365	0.0176663	-0.0436918
264	26970	0.259264	-0.0216365	0.0126021	-0.0436918
265	26226	0.25887	-0.0216365	0.0230921	-0.0436918
266	25482	0.260086	-0.0216365	0.0203956	-0.0436918
267	24738	0.269985	-0.0216365	0.0230592	-0.0436918
268	23994	0.25374	-0.0216365	0.0244403	-0.0436918
269	23250	0.255581	-0.0216365	0.0204943	-0.0436918
270	22506	0.235719	-0.0216365	0.0193433	-0.0436918
271	21762	0.248248	-0.0216365	0.0217767	-0.0436918
272	21018	0.259758	-0.0216365	0.0213164	-0.0436918
273	20274	0.252655	-0.0216365	0.0276958	-0.0436918
274	19530	0.281658	-0.0216365	0.0293729	-0.0436918
275	18786	0.279652	-0.0216365	0.0179293	-0.0436918
276	18042	0.270281	-0.0216365	0.0288468	-0.0436918
277	17298	0.256831	-0.0216365	0.0308198	-0.0436918
278	16554	0.276298	-0.0216365	0.0221714	-0.0436918
279	15810	0.282152	-0.0216365	0.0229606	-0.0436918
280	15066	0.275443	-0.0216365	0.0223029	-0.0436918
281	14322	0.289222	-0.0216365	0.0206258	-0.0436918
282	13578	0.28521	-0.0216365	0.0169099	-0.0436918
283	12834	0.27449	-0.0216365	0.0276301	-0.0436918
284	12090	0.277482	-0.0216365	0.0177978	-0.0436918
285	11346	0.269557	-0.0216365	0.0177978	-0.0436918
286	10602	0.280968	-0.0216365	0.014904	-0.0436918
287	9858	0.261237	-0.0216365	0.0122075	-0.0436918
288	9114	0.266696	-0.0216365	0.0144108	-0.0436918
289	8370	0.274128	-0.0216365	0.0167784	-0.0436918
290	7626	0.266893	-0.0216365	0.018028	-0.0436918
291	6882	0.27278	-0.0216365	0.0242102	-0.0436918
292	6138	0.27962	-0.0216365	0.0182253	-0.0436918
293	5394	0.273503	-0.0216365	0.0182582	-0.0436918
294	4650	0.29011	-0.0216365	0.0179951	-0.0436918
295	3906	0.27084	-0.0216365	0.0242759	-0.0436918
296	3162	0.277383	-0.0216365	0.0186199	-0.0436918
297	2418	0.277285	-0.0216365	0.0220398	-0.0436918
298	1674	0.273733	-0.0216365	0.012372	-0.0436918
299	930	0.274983	-0.0216365	0.021711	-0.0436918
300	186	0.261501	-0.0216365	0.0156275	-0.0436918
301	372	0.265743	-0.0216365	0.0189816	-0.0436918
302	1116	0.268472	-0.0216365	0.00819571	-0.0436918
303	1860	0.255154	-0.0216365	0.0109251	-0.0436918
304	2604	0.270938	-0.0216365	0.0158248	-0.0436918
305	3348	0.268603	-0.0216365	0.0190474	-0.0436918
306	4092	0.25591	-0.0216365	0.025657	-0.0436918
307	4836	0.268571	-0.0216365	0.0170415	-0.0436918
308	5580	0.249169	-0.0216365	0.0159892	-0.0436918
309	6324	0.277416	-0.0216365	0.0255255	-0.0436918
310	7068	0.271563	-0.0216365	0.0129968	-0.0436918
311	7812	0.270642	-0.0216365	0.0221714	-0.0436918
312	8556	0.261073	-0.0216365	0.0126021	-0.0436918
313	9300	0.273536	-0.0216365	0.0219083	-0.0436918
314	10044	0.259396	-0.0216365	0.0102016	-0.0436918
315	10788	0.261928	-0.0216365	0.0195735	-0.0436918
316	11532	0.268505	-0.0216365	0.0206587	-0.0436918
317	12276	0.272254	-0.0216365	0.017469	-0.0436918
318	13020	0.272089	-0.0216365	0.0165482	-0.0436918
319	13764	0.275772	-0.0216365	0.0241773	-0.0436918
320	14508	0.272352	-0.0216365	0.0153644	-0.0436918
321	15252	0.264361	-0.0216365	0.0250323	-0.0436918
322	15996	0.269886	-0.0216365	0.020297	-0.0436918
323	16740	0.269524	-0.0216365	0.0196393	-0.0436918
324	17484	0.264263	-0.0216365	0.0160878	-0.0436918
325	18228	0.261303	-0.0216365	0.0181924	-0.0436918
326	18972	0.258837	-0.0216365	0.0196064	-0.0436918
327	19716	0.257028	-0.0216365	0.0181924	-0.0436918
328	20460	0.264723	-0.0216365	0.0209547	-0.0436918
329	21204	0.272648	-0.0216365	0.026808	-0.0436918
330	21948	0.280803	-0.0216365	0.0168442	-0.0436918
331	22692	0.26788	-0.0216365	0.0223358	-0.0436918
332	23436	0.255713	-0.0216365	0.0212177	-0.0436918
333	24180	0.262915	-0.0216365	0.024539	-0.0436918
334	24924	0.258607	-0.0216365	0.0171401	-0.0436918
335	25668	0.293595	-0.0216365	0.0238484	-0.0436918
336	26412	0.282842	-0.0216365	0.027926	-0.0436918
337	27156	0.269919	-0.0216365	0.0258872	-0.0436918
338	27900	0.275608	-0.0216365	0.0175347	-0.0436918
339	28644	0.263408	-0.0216365	0.0168113	-0.0436918
340	29388	0.256995	-0.0216365	0.0283535	-0.0436918
341	30132	0.273898	-0.0216365	0.0126021	-0.0436918
342	30876	0.261599	-0.0216365	0.0240457	-0.0436918
343	31620	0.245749	-0.0216365	0.0194091	-0.0436918
344	32364	0.259791	-0.0216365	0.016614	-0.0436918
345	33108	0.280803	-0.0216365	0.0139833	-0.0436918
346	33852	0.245585	-0.0216365	0.0149698	-0.0436918
347	34596	0.270576	-0.0216365	0.0202641	-0.0436918
348	35340	0.26811	-0.0216365	0.011221	-0.0436918
349	36084	0.266104	-0.0216365	0.00536769	-0.0436918
350	36828	0.26206	-0.0216365	0.0131612	-0.0436918
351	37572	0.286098	-0.0216365	0.0200668	-0.0436918
352	38316	0.280442	-0.0216365	0.0114512	-0.0436918
353	39060	0.274029	-0.0216365	0.00665016	-0.0436918
354	39804	0.272911	-0.0216365	0.0198366	-0.0436918
355	40548	0.273109	-0.0216365	0.0162523	-0.0436918
356	41292	0.266302	-0.0216365	0.0167784	-0.0436918
357	42036	0.266302	-0.0216365	0.0185541	-0.0436918
358	42780	0.267124	-0.0216365	0.0152657	-0.0436918
359	43524	0.294944	-0.0216365	0.0202312	-0.0436918
360	44268	0.282546	-0.0216365	0.0145423	-0.0436918
361	45012	0.284947	-0.0216365	0.0163509	-0.0436918
362	45756	0.269031	-0.0216365	0.0198695	-0.0436918
363	46500	0.266893	-0.0216365	0.0178307	-0.0436918
364	47244	0.255384	-0.0216365	0.0115827	-0.0436918
365	47988	0.259955	-0.0216365	0.0167126	-0.0436918
366	48732	0.266598	-0.0216365	0.0114512	-0.0436918
367	49476	0.264986	-0.0216365	0.0208889	-0.0436918
368	50220	0.27301	-0.0216365	0.0172059	-0.0436918
369	50964	0.281494	-0.0216365	0.0125693	-0.0436918
370	51708	0.264033	-0.0216365	0.0137531	-0.0436918
371	52452	0.249892	-0.0216365	0.0161536	-0.0436918
372	53196	0.276331	-0.0216365	0.0279918	-0.0436918
373	53940	0.283829	-0.0216365	0.0184555	-0.0436918
374	54684	0.272451	-0.0216365	0.0236511	-0.0436918
375	55428	0.277351	-0.0216365	0.0294058	-0.0436918
376	56172	0.286854	-0.0216365	0.0239471	-0.0436918
377	56916	0.278436	-0.0216365	0.0212177	-0.0436918
378	57660	0.280869	-0.0216365	0.0274985	-0.0436918
379	58404	0.28054	-0.0216365	0.0189816	-0.0436918
380	59148	0.261599	-0.0216365	0.0237169	-0.0436918
381	59892	0.28909	-0.0216365	0.0243746	-0.0436918
382	60636	0.292938	-0.0216365	0.0230921	-0.0436918
383	61380	0.277647	-0.0216365	0.0220727	-0.0436918
384	62124	0.277416	-0.0216365	0.0156603	-0.0436918
385	62868	0.28396	-0.0216365	0.0185541	-0.0436918
386	63612	0.289518	-0.0216365	0.0261832	-0.0436918
387	64356	0.28202	-0.0216365	0.0150356	-0.0436918
388	65100	0.289287	-0.0216365	0.0229606	-0.0436918
389	65844	0.284618	-0.0216365	0.0225331	-0.0436918
390	66588	0.293069	-0.0216365	0.0222371	-0.0436918
391	67332	0.285243	-0.0216365	0.018587	-0.0436918
392	68076	0.263967	-0.0216365	0.0170744	-0.0436918
393	68820	0.283401	-0.0216365	0.021711	-0.0436918
394	69564	0.282217	-0.0216365	0.0147396	-0.0436918
395	70308	0.26571	-0.0216365	0.0181266	-0.0436918
396	71052	0.266499	-0.0216365	0.0193433	-0.0436918
397	71796	0.268439	-0.0216365	0.00957683	-0.0436918
398	72540	0.269261	-0.0216365	0.0217767	-0.0436918
399	73284	0.273207	-0.0216365	0.0151013	-0.0436918
400	74028	0.28225	-0.0216365	0.0160221	-0.0436918
401	74772	0.269162	-0.0216365	0.0157261	-0.0436918
402	75516	0.272023	-0.0216365	0.0187843	-0.0436918
403	76260	0.278469	-0.0216365	0.00826147	-0.0436918
404	77004	0.251241	-0.0216365	0.0165482	-0.0436918
405	77748	0.275114	-0.0216365	0.02056	-0.0436918
406	78492	0.292411	-0.0216365	0.020001	-0.0436918
407	79236	0.267321	-0.0216365	0.0122404	-0.0436918
408	79980	0.266959	-0.0216365	0.0158905	-0.0436918
409	80724	0.253575	-0.0216365	0.0139833	-0.0436918
410	81468	0.260448	-0.0216365	0.0189816	-0.0436918
411	82212	0.269294	-0.0216365	0.0119774	-0.0436918
412	82956	0.260251	-0.0216365	0.0229277	-0.0436918
413	83700	0.258936	-0.0216365	0.0133585	-0.0436918
414	84444	0.282382	-0.0216365	0.0247692	-0.0436918
415	85188	0.287282	-0.0216365	0.0196064	-0.0436918
416	85932	0.269393	-0.0216365	0.0169428	-0.0436918
417	86676	0.276528	-0.0216365	0.0156603	-0.0436918
418	87420	0.264657	-0.0216365	0.0121089	-0.0436918
419	88164	0.277581	-0.0216365	0.025098	-0.0436918
420	88908	0.278337	-0.0216365	0.0231908	-0.0436918
421	89652	0.269721	-0.0216365	0.0250651	-0.0436918
422	90396	0.276331	-0.0216365	0.0135887	-0.0436918
423	91140	0.265282	-0.0216365	0.0230263	-0.0436918
424	91884	0.278995	-0.0216365	0.0261832	-0.0436918
425	92628	0.279422	-0.0216365	0.0180609	-0.0436918
426	93372	0.269623	-0.0216365	0.0219083	-0.0436918
427	94116	0.267946	-0.0216365	0.0224015	-0.0436918
428	94860	0.277252	-0.0216365	0.0226975	-0.0436918
429	95604	0.282283	-0.0216365	0.0241115	-0.0436918
430	96348	0.256173	-0.0216365	0.0191789	-0.0436918
431	97092	0.276068	-0.0216365	0.0203956	-0.0436918
432	97836	0.250978	-0.0216365	0.0174361	-0.0436918
433	98580	0.25032	-0.0216365	0.0179951	-0.0436918
434	99324	0.25716	-0.0216365	0.0153973	-0.0436918
435	100068	0.274687	-0.0216365	0.0223358	-0.0436918
436	100812	0.263737	-0.0216365	0.0244403	-0.0436918
437	101556	0.273766	-0.0216365	0.0272026	-0.0436918
438	102300	0.273865	-0.0216365	0.0148382	-0.0436918
439	103044	0.259232	-0.0216365	0.0102016	-0.0436918
440	103788	0.25933	-0.0216365	0.0201654	-0.0436918
441	104532	0.263309	-0.0216365	0.0209547	-0.0436918
442	105276	0.261895	-0.0216365	0.0213164	-0.0436918
443	106020	0.28008	-0.0216365	0.0219741	-0.0436918
444	106764	0.27791	-0.0216365	0.0163509	-0.0436918
445	107508	0.275443	-0.0216365	0.0240786	-0.0436918
446	108252	0.260646	-0.0216365	0.0104976	-0.0436918
447	108996	0.263868	-0.0216365	0.0213821	-0.0436918
448	109740	0.269952	-0.0216365	0.00941241	-0.0436918
449	110484	0.272254	-0.0216365	0.0158248	-0.0436918
450	111228	0.259199	-0.0216365	0.0160878	-0.0436918
451	111414	0.259527	-0.0216365	0.0187843	-0.0436918
452	110670	0.264131	-0.0216365	0.0179622	-0.0436918
453	109926	0.256305	-0.0216365	0.0173045	-0.0436918
454	109182	0.255154	-0.0216365	0.0125035	-0.0436918
455	108438	0.253247	-0.0216365	0.0204285	-0.0436918
456	107694	0.256995	-0.0216365	0.0168113	-0.0436918
457	106950	0.241869	-0.0216365	0.00214507	-0.0436918
458	106206	0.248478	-0.0216365	0.0106949	-0.0436918
459	105462	0.248873	-0.0216365	0.0130954	-0.0436918
460	104718	0.253411	-0.0216365	0.0115499	-0.0436918
461	103974	0.261928	-0.0216365	0.0134242	-0.0436918
462	103230	0.24907	-0.0216365	0.012635	-0.0436918
463	102486	0.242658	-0.0216365	0.0222042	-0.0436918
464	101742	0.248972	-0.0216365	0.0163838	-0.0436918
465	100998	0.243973	-0.0216365	0.0172717	-0.0436918
466	100254	0.256403	-0.0216365	0.0236511	-0.0436918
467	99510	0.248018	-0.0216365	0.0131941	-0.0436918
468	98766	0.253937	-0.0216365	0.0239471	-0.0436918
469	98022	0.256042	-0.0216365	0.0253282	-0.0436918
470	97278	0.273931	-0.0216365	0.0195078	-0.0436918
471	96534	0.255844	-0.0216365	0.0253282	-0.0436918
472	95790	0.238811	-0.0216365	0.0150356	-0.0436918
473	95046	0.253806	-0.0216365	0.0225002	-0.0436918
474	94302	0.262257	-0.0216365	0.0161865	-0.0436918
475	93558	0.266499	-0.0216365	0.0157261	-0.0436918
476	92814	0.267814	-0.0216365	0.0245061	-0.0436918
477	92070	0.248643	-0.0216365	0.0186528	-0.0436918
478	91326	0.243677	-0.0216365	0.015463	-0.0436918
479	90582	0.25933	-0.0216365	0.0121089	-0.0436918
480	89838	0.244434	-0.0216365	0.00395369	-0.0436918
481	89094	0.237429	-0.0216365	0.0221056	-0.0436918
482	88350	0.240257	-0.0216365	0.0227633	-0.0436918
483	87606	0.251043	-0.0216365	0.0206258	-0.0436918
484	86862	0.247887	-0.0216365	0.0128652	-0.0436918
485	86118	0.232365	-0.0216365	0.0163509	-0.0436918
486	85374	0.24029	-0.0216365	0.0107935	-0.0436918
487	84630	0.232891	-0.0216365	0.0114512	-0.0436918
488	83886	0.219179	-0.0216365	0.00793264	-0.0436918
489	83142	0.222434	-0.0216365	0.00599249	-0.0436918
490	82398	0.236673	-0.0216365	0.0109251	-0.0436918
491	81654	0.241935	-0.0216365	0.0119116	-0.0436918
492	80910	0.251142	-0.0216365	0.00362485	-0.0436918
493	80166	0.248117	-0.0216365	0.0102016	-0.0436918
494	79422	0.25157	-0.0216365	0.0116485	-0.0436918
495	78678	0.243316	-0.0216365	0.0136544	-0.0436918
496	77934	0.251602	-0.0216365	0.019442	-0.0436918
497	77190	0.256305	-0.0216365	0.0124377	-0.0436918
498	76446	0.249531	-0.0216365	0.00625556	-0.0436918
499	75702	0.274523	-0.0216365	0.0202312	-0.0436918
500	74958	0.264263	-0.0216365	0.0150684	-0.0436918
501	74214	0.259067	-0.0216365	0.0134571	-0.0436918
502	73470	0.245091	-0.0216365	0.018028	-0.0436918
503	72726	0.266334	-0.0216365	0.0118458	-0.0436918
504	71982	0.25716	-0.0216365	0.0159892	-0.0436918
505	71238	0.261829	-0.0216365	0.0121747	-0.0436918
506	70494	0.276693	-0.0216365	0.0199681	-0.0436918
507	69750	0.262388	-0.0216365	0.0233881	-0.0436918
508	69006	0.250747	-0.0216365	0.0130625	-0.0436918
509	68262	0.259297	-0.0216365	0.0151013	-0.0436918
510	67518	0.23858	-0.0216365	0.017173	-0.0436918
511	66774	0.249629	-0.0216365	0.0126021	-0.0436918
512	66030	0.268472	-0.0216365	0.0219741	-0.0436918
513	65286	0.258936	-0.0216365	0.0233223	-0.0436918
514	64542	0.249892	-0.0216365	0.025657	-0.0436918
515	63798	0.276759	-0.0216365	0.0219741	-0.0436918
516	63054	0.244368	-0.0216365	0.0280247	-0.0436918
517	62310	0.269195	-0.0216365	0.0173374	-0.0436918
518	61566	0.247689	-0.0216365	0.0214808	-0.0436918
519	60822	0.244532	-0.0216365	0.0234538	-0.0436918
520	60078	0.242494	-0.0216365	0.0280905	-0.0436918
521	59334	0.254463	-0.0216365	0.015759	-0.0436918
522	58590	0.25078	-0.0216365	0.0181266	-0.0436918
523	57846	0.240093	-0.0216365	0.0176005	-0.0436918
524	57102	0.244006	-0.0216365	0.0211191	-0.0436918
525	56358	0.26275	-0.0216365	0.0188501	-0.0436918
526	55614	0.270412	-0.0216365	0.0196722	-0.0436918
527	54870	0.242888	-0.0216365	0.0141806	-0.0436918
528	54126	0.244138	-0.0216365	0.0182582	-0.0436918
529	53382	0.268044	-0.0216365	0.0195735	-0.0436918
530	52638	0.248117	-0.0216365	0.0220069	-0.0436918
531	51894	0.264	-0.0216365	0.0219741	-0.0436918
532	51150	0.278633	-0.0216365	0.0212835	-0.0436918
533	50406	0.263309	-0.0216365	0.0108922	-0.0436918
534	49662	0.268538	-0.0216365	0.0169428	-0.0436918
535	48918	0.27837	-0.0216365	0.0137531	-0.0436918
536	48174	0.263671	-0.0216365	0.0224015	-0.0436918
537	47430	0.275575	-0.0216365	0.0122404	-0.0436918
538	46686	0.27712	-0.0216365	0.0164496	-0.0436918
539	45942	0.259791	-0.0216365	0.0165482	-0.0436918
540	45198	0.247295	-0.0216365	0.0139833	-0.0436918
541	44454	0.254661	-0.0216365	0.0147725	-0.0436918
542	43710	0.274292	-0.0216365	0.0123062	-0.0436918
543	42966	0.256075	-0.0216365	0.0123391	-0.0436918
544	42222	0.270215	-0.0216365	0.0171072	-0.0436918
545	41478	0.259791	-0.0216365	0.0194749	-0.0436918
546	40734	0.269853	-0.0216365	0.0155946	-0.0436918
547	39990	0.258278	-0.0216365	0.0148054	-0.0436918
548	39246	0.263572	-0.0216365	0.0146409	-0.0436918
549	38502	0.236377	-0.0216365	0.00691323	-0.0436918
550	37758	0.253871	-0.0216365	0.0215794	-0.0436918
551	37014	0.25157	-0.0216365	0.0151671	-0.0436918
552	36270	0.267157	-0.0216365	0.0206587	-0.0436918
553	35526	0.265348	-0.0216365	0.021415	-0.0436918
554	34782	0.262487	-0.0216365	0.0104318	-0.0436918
555	34038	0.278008	-0.0216365	0.0154959	-0.0436918
556	33294	0.237166	-0.0216365	0.0243746	-0.0436918
557	32550	0.25956	-0.0216365	0.0227961	-0.0436918
558	31806	0.253016	-0.0216365	0.0269395	-0.0436918
559	31062	0.280277	-0.0216365	0.0098399	-0.0436918
560	30318	0.277252	-0.0216365	0.0180609	-0.0436918
561	29574	0.282448	-0.0216365	0.0199024	-0.0436918
562	28830	0.2664	-0.0216365	0.0219412	-0.0436918
563	28086	0.290636	-0.0216365	0.0210533	-0.0436918
564	27342	0.243645	-0.0216365	0.0139504	-0.0436918
565	26598	0.263704	-0.0216365	0.0264463	-0.0436918
566	25854	0.251964	-0.0216365	0.012635	-0.0436918
567	25110	0.280244	-0.0216365	0.0240786	-0.0436918
568	24366	0.265414	-0.0216365	0.0179622	-0.0436918
569	23622	0.267946	-0.0216365	0.0209218	-0.0436918
570	22878	0.279652	-0.0216365	0.0276301	-0.0436918
571	22134	0.255483	-0.0216365	0.0225988	-0.0436918
572	21390	0.278567	-0.0216365	0.0170744	-0.0436918
573	20646	0.265677	-0.0216365	0.0216452	-0.0436918
574	19902	0.26104	-0.0216365	0.0198037	-0.0436918
575	19158	0.262915	-0.0216365	0.0165811	-0.0436918
576	18414	0.257949	-0.0216365	0.0298991	-0.0436918
577	17670	0.259133	-0.0216365	0.0223029	-0.0436918
578	16926	0.261632	-0.0216365	0.0212506	-0.0436918
579	16182	0.252688	-0.0216365	0.0175018	-0.0436918
580	15438	0.251964	-0.0216365	0.0246048	-0.0436918
581	14694	0.265907	-0.0216365	0.0156275	-0.0436918
582	13950	0.264526	-0.0216365	0.0203627	-0.0436918
583	13206	0.25545	-0.0216365	0.025394	-0.0436918
584	12462	0.271958	-0.0216365	0.0129639	-0.0436918
585	11718	0.25157	-0.0216365	0.0205929	-0.0436918
586	10974	0.256634	-0.0216365	0.0103003	-0.0436918
587	10230	0.260678	-0.0216365	0.00809705	-0.0436918
588	9486	0.255779	-0.0216365	0.0142135	-0.0436918
589	8742	0.245946	-0.0216365	0.0169428	-0.0436918
590	7998	0.2664	-0.0216365	0.00941241	-0.0436918
591	7254	0.264855	-0.0216365	0.0159892	-0.0436918
592	6510	0.263145	-0.0216365	0.0214479	-0.0436918
593	5766	0.258508	-0.0216365	0.0101687	-0.0436918
594	5022	0.2664	-0.0216365	0.0135229	-0.0436918
595	4278	0.264953	-0.0216365	0.00967548	-0.0436918
596	3534	0.259067	-0.0216365	0.00885338	-0.0436918
597	2790	0.254299	-0.0216365	0.0153973	-0.0436918
598	2046	0.263112	-0.0216365	0.0118129	-0.0436918
599	1302	0.281494	-0.0216365	0.0113197	-0.0436918
600	558	0.270182	-0.0255497	0.0219412	-0.0463323
